#        weight    minuslogpost          sigma8        ygk_Ahmc ygk_LOWZ__0_lM1_0 ygk_LOWZ__0_lMmin_0   ygk_mass_bias       ygk_rhogy   minuslogprior minuslogprior__0            chi2 chi2__ygk_like.ygkLike
              3       10.770871      0.77078719      0.60687279         13.866194            12.57255      0.89923273      -0.1627823       4.7409248        4.7409248       12.059892              12.059892
              2       10.978041      0.77078719      0.61153642         13.867056           12.578136      0.89981247     -0.16367867       4.7409248        4.7409248       12.474232              12.474232
              1       10.824244      0.77078719      0.61052724         13.870802           12.577834      0.89690965     -0.16908579       4.7409248        4.7409248       12.166638              12.166638
              2       11.026524      0.77078719      0.60743017         13.875279           12.583037      0.89839345      -0.1711661       4.7409248        4.7409248       12.571199              12.571199
              1        11.02633      0.77078719      0.60708383         13.874911           12.582834        0.898689     -0.17173961       4.7409248        4.7409248        12.57081               12.57081
              1       10.722283      0.77078719      0.61053365         13.879818           12.579624      0.89109066     -0.17975973       4.7409248        4.7409248       11.962717              11.962717
              3       10.652135      0.77078719      0.61736657         13.882206           12.578926      0.89799129     -0.18161794       4.7409248        4.7409248        11.82242               11.82242
              1       10.870385      0.77078719      0.61673816         13.873509           12.578056       0.8987571     -0.18443366       4.7409248        4.7409248       12.258921              12.258921
              2       11.568826      0.77078719      0.63117098         13.874481           12.561528      0.89689744     -0.18605474       4.7409248        4.7409248       13.655803              13.655803
              3       10.956861      0.77078719      0.63666111         13.872265            12.56549      0.89884306     -0.18113076       4.7409248        4.7409248       12.431873              12.431873
              1       11.028728      0.77078719      0.63660534         13.872949           12.564962      0.89792576     -0.18105972       4.7409248        4.7409248       12.575606              12.575606
              1       10.878676      0.77078719      0.63337535         13.899198           12.586458      0.90586179      -0.1738837       4.7409248        4.7409248       12.275503              12.275503
              1       10.654785       0.7620151      0.63337535         13.899198           12.586458      0.90586179      -0.1738837       4.7409248        4.7409248        11.82772               11.82772
              1        11.18262       0.7620151      0.65731315         13.898739           12.590954      0.90174798     -0.17035058       4.7409248        4.7409248       12.883391              12.883391
              2       10.972536       0.7620151      0.65826365         13.900202           12.589823       0.9031901     -0.17348213       4.7409248        4.7409248       12.463222              12.463222
              1       10.674267       0.7620151      0.65841123         13.901515           12.586269      0.90530838     -0.16982659       4.7409248        4.7409248       11.866685              11.866685
              1       10.669828       0.7620151      0.64974396         13.895772           12.583421      0.91296477     -0.17461968       4.7409248        4.7409248       11.857806              11.857806
              1       10.818863       0.7620151      0.64852316         13.898625           12.581691      0.91182818     -0.17661855       4.7409248        4.7409248       12.155876              12.155876
              2       10.834749      0.75348872      0.64852316         13.898625           12.581691      0.91182818     -0.17661855       4.7409248        4.7409248       12.187648              12.187648
              1       11.162954      0.75348872      0.65673401         13.894333           12.582114      0.90561558     -0.18099806       4.7409248        4.7409248       12.844058              12.844058
              1       11.300458      0.75348872       0.6572521         13.895833           12.584182      0.90685981       -0.183062       4.7409248        4.7409248       13.119067              13.119067
              2         11.0875      0.75348872      0.64418762          13.88904           12.571137       0.9079469     -0.20370071       4.7409248        4.7409248       12.693151              12.693151
              1       10.920948      0.75930634      0.64418762          13.88904           12.571137       0.9079469     -0.20370071       4.7409248        4.7409248       12.360047              12.360047
              3       11.085433      0.75930634       0.6438223         13.891592           12.570398      0.90582971     -0.20395416       4.7409248        4.7409248       12.689017              12.689017
              2       12.102706      0.75930634      0.64417006         13.892977           12.563569      0.90485018     -0.20908844       4.7409248        4.7409248       14.723563              14.723563
              1       12.196023      0.75930634      0.64627726         13.896119           12.564347      0.90195591     -0.20858009       4.7409248        4.7409248       14.910197              14.910197
              2       11.906603      0.75930634      0.64684169         13.892783            12.56342      0.89867092     -0.20758291       4.7409248        4.7409248       14.331356              14.331356
              1       11.101126      0.75930634      0.63665428         13.890985            12.57028      0.90169726     -0.20067351       4.7409248        4.7409248       12.720403              12.720403
              1       10.926104      0.75930634      0.64242509         13.896809           12.579484      0.89898873     -0.19860092       4.7409248        4.7409248       12.370358              12.370358
              3       10.922351      0.75930634      0.64123567         13.898761           12.578928      0.89842169      -0.1990465       4.7409248        4.7409248       12.362852              12.362852
              2       10.927062      0.75930634      0.64182653         13.898754           12.578845       0.8980525     -0.19892383       4.7409248        4.7409248       12.372275              12.372275
              1       10.972532      0.75930634      0.64341428         13.900338            12.57974      0.89871147     -0.20389766       4.7409248        4.7409248       12.463214              12.463214
              3       11.001377      0.75875642      0.64341428         13.900338            12.57974      0.89871147     -0.20389766       4.7409248        4.7409248       12.520904              12.520904
              1       11.064058      0.75875642      0.66286554         13.887893           12.573066      0.90164251     -0.20804108       4.7409248        4.7409248       12.646267              12.646267
              1       11.189663      0.75875642      0.66130517         13.884941           12.570702      0.89500073     -0.20739159       4.7409248        4.7409248       12.897476              12.897476
              1       11.184387      0.75875642      0.66127783         13.884918           12.570652      0.89504056     -0.20734022       4.7409248        4.7409248       12.886924              12.886924
              3       11.143468      0.75875642      0.66189982         13.885711           12.570399      0.89470091     -0.20663467       4.7409248        4.7409248       12.805087              12.805087
              1       11.330447      0.75875642      0.65834363         13.885501           12.572869      0.89654845     -0.21022531       4.7409248        4.7409248       13.179044              13.179044
              3       11.553933      0.75875642      0.65111791         13.883291           12.578884      0.90187263     -0.19606317       4.7409248        4.7409248       13.626016              13.626016
              1       10.939471      0.75875642       0.6504582         13.900163           12.577692      0.90631016     -0.19492884       4.7409248        4.7409248       12.397091              12.397091
              1       11.027652      0.75875642      0.64503572         13.903809             12.5821      0.89254324     -0.19382252       4.7409248        4.7409248       12.573454              12.573454
              2       10.997008      0.75875642      0.64447459         13.908536            12.58728       0.8908562     -0.18171504       4.7409248        4.7409248       12.512166              12.512166
              1       11.040364      0.75875642       0.6442376         13.908338           12.588158      0.89118764     -0.18197817       4.7409248        4.7409248       12.598879              12.598879
              5       11.255373      0.75875642      0.64649366         13.896368           12.586445      0.89496496     -0.17594038       4.7409248        4.7409248       13.028896              13.028896
              1       11.012009      0.75875642      0.64503708         13.895919           12.584238      0.89563158     -0.17639082       4.7409248        4.7409248       12.542169              12.542169
              1       11.119247      0.75875642      0.64525384         13.894927           12.585375      0.89830587     -0.17771976       4.7409248        4.7409248       12.756644              12.756644
              3       11.241375      0.75875642      0.64329275         13.895734           12.586562       0.8976112     -0.17902444       4.7409248        4.7409248       13.000901              13.000901
              1       10.689527      0.75875642      0.64185138         13.899375           12.585669      0.91196044     -0.17803357       4.7409248        4.7409248       11.897205              11.897205
              1       11.129611      0.75875642      0.64384638         13.890862           12.586592      0.91499292     -0.18693702       4.7409248        4.7409248       12.777372              12.777372
              1        11.11705      0.75894184      0.64384638         13.890862           12.586592      0.91499292     -0.18693702       4.7409248        4.7409248        12.75225               12.75225
              3       10.811362      0.75894184      0.64327156         13.896374           12.584916      0.91384421     -0.19290099       4.7409248        4.7409248       12.140875              12.140875
              1       11.255915      0.75894184      0.63502191         13.894912           12.591407      0.93099595     -0.20777225       4.7409248        4.7409248        13.02998               13.02998
              1       10.955144      0.75894184      0.63214945         13.888473           12.586953      0.93367782     -0.20439665       4.7409248        4.7409248       12.428439              12.428439
              2       13.417488      0.75894184      0.66237522         13.875928           12.589698       0.9438158      -0.2070402       4.7409248        4.7409248       17.353127              17.353127
              1       12.985642      0.75894184      0.66260262         13.875914           12.587941      0.94316863     -0.20867827       4.7409248        4.7409248       16.489435              16.489435
              1       10.736327      0.75894184      0.66487581         13.875467           12.576494      0.95825389     -0.21471906       4.7409248        4.7409248       11.990804              11.990804
              3        10.80426      0.76244012      0.66487581         13.875467           12.576494      0.95825389     -0.21471906       4.7409248        4.7409248        12.12667               12.12667
              1       11.238879      0.76244012      0.67718107         13.866457           12.576915      0.95877676     -0.20891475       4.7409248        4.7409248       12.995908              12.995908
              1       10.853868      0.76244012      0.67604567         13.866571           12.568931       0.9543203     -0.20534954       4.7409248        4.7409248       12.225887              12.225887
              1       11.026086      0.76244012      0.67817819         13.868438           12.566027      0.95148461     -0.20374239       4.7409248        4.7409248       12.570322              12.570322
              1       11.734661      0.76244012      0.68500373         13.864166           12.560206       0.9595679     -0.20408966       4.7409248        4.7409248       13.987472              13.987472
              1        11.45909      0.76244012      0.68286776         13.858305           12.558493      0.95713747     -0.20182777       4.7409248        4.7409248        13.43633               13.43633
              3       13.958581      0.76244012      0.67478204         13.861496           12.550611       0.9598729     -0.20422369       4.7409248        4.7409248       18.435312              18.435312
              1       13.901342      0.76244012      0.67471706         13.859122           12.548938      0.95913979     -0.20556432       4.7409248        4.7409248       18.320834              18.320834
              1       13.325127      0.75913593      0.67471706         13.859122           12.548938      0.95913979     -0.20556432       4.7409248        4.7409248       17.168404              17.168404
              2       12.229548      0.75913593      0.67569322         13.851606           12.551525       0.9632371     -0.19777164       4.7409248        4.7409248       14.977247              14.977247
              1       11.116598      0.75913593      0.67234793         13.850041            12.55605      0.95745763     -0.19732588       4.7409248        4.7409248       12.751347              12.751347
              1       11.079912      0.75913593      0.67831858         13.850534           12.555174      0.95335021      -0.1951481       4.7409248        4.7409248       12.677974              12.677974
              1       11.074146      0.75913593      0.67832184         13.850427            12.55516      0.95337082     -0.19521877       4.7409248        4.7409248       12.666443              12.666443
              1        10.92853      0.75913593      0.67933118         13.860418           12.561644      0.96048901     -0.20951053       4.7409248        4.7409248       12.375211              12.375211
              3       10.679224      0.75270483      0.67933118         13.860418           12.561644      0.96048901     -0.20951053       4.7409248        4.7409248       11.876599              11.876599
              2       11.543937      0.75270483      0.66895196         13.862582           12.554975      0.95983904     -0.21207986       4.7409248        4.7409248       13.606025              13.606025
              1       11.778181      0.75270483      0.66514919         13.862757           12.554558      0.96125271     -0.21174151       4.7409248        4.7409248       14.074513              14.074513
              2       11.732301      0.75270483      0.66501308         13.855113           12.551241      0.95860062     -0.20233331       4.7409248        4.7409248       13.982753              13.982753
              2       11.736986      0.75270483      0.65833192         13.851929           12.544741      0.94145196     -0.21214269       4.7409248        4.7409248       13.992122              13.992122
              1       11.546519      0.75270483      0.67268009         13.854777           12.546183      0.94750039     -0.22078203       4.7409248        4.7409248       13.611188              13.611188
              2       11.740946       0.7562408      0.67268009         13.854777           12.546183      0.94750039     -0.22078203       4.7409248        4.7409248       14.000042              14.000042
              1       11.700858       0.7562408      0.67343324         13.854981           12.548385      0.95235465     -0.21569763       4.7409248        4.7409248       13.919867              13.919867
              1        11.25671       0.7562408       0.6702544         13.855402           12.551605      0.95456803     -0.21875115       4.7409248        4.7409248        13.03157               13.03157
              1       10.746039       0.7562408      0.67100686         13.848182            12.55232      0.95509978     -0.21938936       4.7409248        4.7409248       12.010228              12.010228
              2       10.743892       0.7562408      0.67426882         13.835425           12.549205      0.95331694     -0.22660022       4.7409248        4.7409248       12.005935              12.005935
              1       10.951992       0.7562408      0.67040981         13.835524           12.551713      0.95364923     -0.22968631       4.7409248        4.7409248       12.422134              12.422134
              2       11.016136      0.75484019      0.67040981         13.835524           12.551713      0.95364923     -0.22968631       4.7409248        4.7409248       12.550423              12.550423
              1       10.979213      0.75484019      0.67049449         13.835588           12.551548      0.95430749     -0.22985288       4.7409248        4.7409248       12.476577              12.476577
              3       10.942756      0.75484019      0.67022293         13.841339           12.553762      0.95503616     -0.23529965       4.7409248        4.7409248       12.403662              12.403662
