#        weight    minuslogpost          sigma8        ygk_Ahmc ygk_LOWZ__0_lM1_0 ygk_LOWZ__0_lMmin_0   ygk_mass_bias       ygk_rhogy   minuslogprior minuslogprior__0            chi2 chi2__ygk_like.ygkLike
              1        12.42716      0.76956546       0.6593577         13.865555           12.548946      0.86315321     -0.12985517       4.7409248        4.7409248        15.37247               15.37247
              1       11.666527      0.76956546      0.65711772         13.860519           12.548992      0.86009884     -0.12905691       4.7409248        4.7409248       13.851204              13.851204
              1       11.290125      0.75438438      0.65711772         13.860519           12.548992      0.86009884     -0.12905691       4.7409248        4.7409248       13.098401              13.098401
              1       11.443503      0.75438438      0.65812387         13.860451           12.547361      0.85944552     -0.12906935       4.7409248        4.7409248       13.405156              13.405156
              1       10.952414      0.75438438      0.67116441         13.854977           12.552681       0.8636225     -0.12441971       4.7409248        4.7409248       12.422979              12.422979
              2       11.080764      0.75438438      0.67860854         13.866156           12.555104      0.86292686      -0.1342865       4.7409248        4.7409248       12.679679              12.679679
              2       11.050841      0.75438438      0.67672575         13.874781           12.560418      0.86256232     -0.12460413       4.7409248        4.7409248       12.619832              12.619832
              1       11.228992      0.75438438      0.66368094         13.873848           12.576047      0.89235753      -0.1337649       4.7409248        4.7409248       12.976135              12.976135
              3       10.958009      0.75438438      0.64224352         13.877406           12.577338      0.89021178     -0.13381378       4.7409248        4.7409248       12.434169              12.434169
              1       10.802103       0.7572948      0.64224352         13.877406           12.577338      0.89021178     -0.13381378       4.7409248        4.7409248       12.122356              12.122356
              1       11.116669       0.7572948      0.64420839         13.885796           12.579145      0.88614537     -0.15862817       4.7409248        4.7409248       12.751489              12.751489
              2       11.752477       0.7572948      0.64454599         13.881867           12.577985      0.87555278     -0.15827818       4.7409248        4.7409248       14.023105              14.023105
              1       11.671142       0.7572948       0.6357232         13.878126           12.575519      0.87238349     -0.15704925       4.7409248        4.7409248       13.860435              13.860435
              1       13.634706      0.74331974       0.6357232         13.878126           12.575519      0.87238349     -0.15704925       4.7409248        4.7409248       17.787563              17.787563
              1       12.804791      0.74331974      0.63937408         13.868031           12.572081       0.8824803     -0.14243266       4.7409248        4.7409248       16.127732              16.127732
              2       13.129656      0.74331974      0.64053263         13.867495            12.57243      0.88004515     -0.14132827       4.7409248        4.7409248       16.777462              16.777462
              1       12.162235      0.74331974      0.65575264         13.876012           12.553916      0.87093495     -0.13070797       4.7409248        4.7409248        14.84262               14.84262
              1       12.127626      0.74331974      0.66061552         13.866457           12.547656      0.87202012     -0.13999499       4.7409248        4.7409248       14.773402              14.773402
              1       12.083138      0.74331974      0.66179644         13.862582           12.546311      0.88071438     -0.13346672       4.7409248        4.7409248       14.684426              14.684426
              2       12.766389      0.72907441      0.66179644         13.862582           12.546311      0.88071438     -0.13346672       4.7409248        4.7409248       16.050928              16.050928
              2       13.134703      0.72907441      0.66469559         13.869103            12.54625      0.88657115     -0.13793261       4.7409248        4.7409248       16.787556              16.787556
              1       13.038735      0.72907441      0.65265659         13.853747           12.538961      0.87607133     -0.13488134       4.7409248        4.7409248       16.595621              16.595621
              1       14.802355      0.72907441      0.64990813         13.858486           12.531909      0.87561581     -0.14028873       4.7409248        4.7409248        20.12286               20.12286
              1       15.090835      0.74646446      0.64990813         13.858486           12.531909      0.87561581     -0.14028873       4.7409248        4.7409248        20.69982               20.69982
              1       14.858795      0.74646446      0.64467072         13.860304           12.534548      0.87732406     -0.13962009       4.7409248        4.7409248       20.235741              20.235741
              1       12.694666      0.74646446      0.64467324         13.859842            12.54074      0.87137966     -0.14760117       4.7409248        4.7409248       15.907483              15.907483
              1       12.986801      0.74646446      0.64756505         13.860046           12.539995      0.87135989     -0.13770934       4.7409248        4.7409248       16.491752              16.491752
              1        13.17575      0.73459518      0.64756505         13.860046           12.539995      0.87135989     -0.13770934       4.7409248        4.7409248       16.869651              16.869651
              1       13.195057      0.73459518      0.64975475         13.855691           12.537136      0.85860865     -0.13850068       4.7409248        4.7409248       16.908265              16.908265
              2       12.906858      0.73459518      0.64546878         13.845259           12.533155      0.86225517      -0.1373256       4.7409248        4.7409248       16.331866              16.331866
              1       12.708969      0.73459518       0.6400596         13.843275           12.542567      0.85974946     -0.13499911       4.7409248        4.7409248       15.936088              15.936088
              1       12.690838      0.73459518       0.6434409         13.846565           12.545288      0.86447627     -0.13855454       4.7409248        4.7409248       15.899826              15.899826
              1       12.947053      0.73459518      0.64954043          13.83794           12.542549      0.86582662     -0.14103677       4.7409248        4.7409248       16.412256              16.412256
              2       12.784022      0.73459518      0.67154151         13.847812           12.533979      0.87310257     -0.10786271       4.7409248        4.7409248       16.086194              16.086194
              2       13.419597      0.75466119      0.67154151         13.847812           12.533979      0.87310257     -0.10786271       4.7409248        4.7409248       17.357345              17.357345
              1       12.471852      0.75466119      0.67492266         13.848177            12.53732      0.86224586    -0.089134402       4.7409248        4.7409248       15.461854              15.461854
              1       12.117077       0.7410472      0.67492266         13.848177            12.53732      0.86224586    -0.089134402       4.7409248        4.7409248       14.752305              14.752305
              1       12.330321       0.7410472      0.67432064         13.849764           12.537006      0.86190757    -0.089196768       4.7409248        4.7409248       15.178792              15.178792
              1       12.918855       0.7410472      0.66925462         13.845224           12.530863       0.8556073    -0.090750148       4.7409248        4.7409248       16.355861              16.355861
              1       11.535306       0.7410472      0.65529259         13.842584           12.544721      0.85524926    -0.090857882       4.7409248        4.7409248       13.588762              13.588762
              1       11.530667       0.7410472      0.65090808         13.841768           12.540372      0.86221737    -0.085235244       4.7409248        4.7409248       13.579485              13.579485
              1       11.574745       0.7410472      0.65024576         13.840274           12.539059      0.86190899     -0.08443329       4.7409248        4.7409248       13.667641              13.667641
              3       11.636113      0.73926535      0.65024576         13.840274           12.539059      0.86190899     -0.08443329       4.7409248        4.7409248       13.790376              13.790376
              1       11.694713      0.73926535      0.65235148         13.844741           12.543324      0.84598389    -0.073508124       4.7409248        4.7409248       13.907577              13.907577
              3       11.480232      0.73926535      0.65478068         13.843941           12.545773      0.85122344    -0.066967504       4.7409248        4.7409248       13.478615              13.478615
              1       11.862839      0.73926535      0.66101956         13.846043           12.540366      0.84614511    -0.079519082       4.7409248        4.7409248       14.243829              14.243829
              1       11.886536      0.73926535      0.66784472         13.847261           12.542551      0.84062324    -0.074629702       4.7409248        4.7409248       14.291223              14.291223
              1       12.306104      0.73926535      0.65766065         13.857571           12.544316       0.8308741    -0.074780359       4.7409248        4.7409248       15.130359              15.130359
              1       12.009034       0.7437155      0.65766065         13.857571           12.544316       0.8308741    -0.074780359       4.7409248        4.7409248       14.536219              14.536219
              1        12.35346       0.7437155      0.65460762         13.859683           12.542736      0.82511134     -0.08044881       4.7409248        4.7409248       15.225071              15.225071
              1       12.558931       0.7437155      0.65794315         13.855987           12.552914      0.82869803     -0.09010446       4.7409248        4.7409248       15.636013              15.636013
              2       12.682192       0.7437155      0.65444323         13.853093           12.552925      0.82934177    -0.089955031       4.7409248        4.7409248       15.882534              15.882534
              3       13.474889       0.7437155      0.65356982         13.853654           12.556821      0.82646213    -0.087433919       4.7409248        4.7409248       17.467928              17.467928
              1       12.167352       0.7437155      0.64454707         13.859452           12.549831      0.81852588     -0.07336689       4.7409248        4.7409248       14.852855              14.852855
              2       12.163646       0.7437155      0.64441719         13.859831           12.550189      0.81873908    -0.073308469       4.7409248        4.7409248       14.845442              14.845442
              2       12.099862       0.7437155      0.65106499         13.861269           12.550104      0.81929066    -0.069368096       4.7409248        4.7409248       14.717875              14.717875
              2       12.104735       0.7437155      0.65241473         13.860369           12.551914      0.82050879    -0.068630601       4.7409248        4.7409248        14.72762               14.72762
              1       11.649387      0.74853291      0.65241473         13.860369           12.551914      0.82050879    -0.068630601       4.7409248        4.7409248       13.816925              13.816925
              1       11.800634      0.74853291      0.65070465         13.862538           12.554306      0.80744232    -0.047145813       4.7409248        4.7409248       14.119418              14.119418
              1        11.80321      0.74853291      0.65110179         13.863139           12.554431      0.80732794    -0.047258373       4.7409248        4.7409248        14.12457               14.12457
              1       11.831352      0.74853291      0.65425204         13.861169           12.552251      0.80577636    -0.047509774       4.7409248        4.7409248       14.180854              14.180854
              1        11.90145      0.74853291      0.64656529         13.859761           12.546265      0.80951439    -0.055833673       4.7409248        4.7409248       14.321051              14.321051
              1       13.638394      0.74853291      0.65063023         13.854714           12.559886      0.81178156    -0.067510381       4.7409248        4.7409248       17.794939              17.794939
              3       12.855832      0.75354313      0.65063023         13.854714           12.559886      0.81178156    -0.067510381       4.7409248        4.7409248       16.229814              16.229814
              1       12.301551      0.75354313      0.66151662         13.849377           12.551506      0.80960582    -0.071611468       4.7409248        4.7409248       15.121252              15.121252
              1       11.423563      0.75354313      0.64978837         13.850432           12.547865      0.81109641    -0.061977341       4.7409248        4.7409248       13.365277              13.365277
              1       11.164499      0.75354313      0.63872753         13.831499            12.53997      0.82706476    -0.078824089       4.7409248        4.7409248       12.847149              12.847149
              1       11.179291      0.75354313      0.63882072         13.832314           12.536137      0.82503025    -0.079933572       4.7409248        4.7409248       12.876733              12.876733
              2        11.09056      0.75538729      0.63882072         13.832314           12.536137      0.82503025    -0.079933572       4.7409248        4.7409248       12.699271              12.699271
              3       11.293852      0.75538729      0.63535842         13.839852           12.537801      0.82735763    -0.084704646       4.7409248        4.7409248       13.105854              13.105854
              1       11.389815      0.76821725      0.63535842         13.839852           12.537801      0.82735763    -0.084704646       4.7409248        4.7409248       13.297781              13.297781
              1        11.79699      0.76821725      0.64133751         13.827913           12.537921      0.85187823    -0.066253669       4.7409248        4.7409248       14.112131              14.112131
              2       11.281077      0.76821725      0.62872743         13.826697           12.541478      0.84521901    -0.054127162       4.7409248        4.7409248       13.080305              13.080305
              1       11.078108      0.76821725      0.62329491          13.81879           12.549136      0.84717472      -0.0676341       4.7409248        4.7409248       12.674366              12.674366
              1       10.903963      0.76821725      0.62911263         13.816936           12.546014      0.85199619    -0.069960509       4.7409248        4.7409248       12.326076              12.326076
              2       10.914056      0.76879509      0.62911263         13.816936           12.546014      0.85199619    -0.069960509       4.7409248        4.7409248       12.346262              12.346262
              1       10.718151      0.76879509      0.63136189         13.821927           12.544509      0.84766716    -0.075266632       4.7409248        4.7409248       11.954453              11.954453
              1       10.908532      0.76879509      0.62661744         13.811973           12.530678      0.84002197    -0.076480683       4.7409248        4.7409248       12.335214              12.335214
              1        11.37295      0.77490457      0.62661744         13.811973           12.530678      0.84002197    -0.076480683       4.7409248        4.7409248        13.26405               13.26405
              1       11.373103      0.77490457      0.62660011         13.811967           12.530681      0.84003038    -0.076470519       4.7409248        4.7409248       13.264357              13.264357
              1       11.112743      0.77490457      0.62465059         13.797829           12.522993       0.8411452    -0.087384267       4.7409248        4.7409248       12.743636              12.743636
              1       12.767954      0.77490457      0.61526312         13.797224           12.538867       0.8287528    -0.097371564       4.7409248        4.7409248       16.054058              16.054058
              3       10.620972      0.77490457      0.60580474         13.804363           12.525258      0.81743284    -0.096500093       4.7409248        4.7409248       11.760095              11.760095
              1       11.025753      0.77490457      0.61198365         13.812616           12.526894      0.82428147    -0.091228673       4.7409248        4.7409248       12.569656              12.569656
              2       11.009907      0.77490457       0.6115467         13.812658           12.527164      0.82440571    -0.091027788       4.7409248        4.7409248       12.537964              12.537964
              1       10.940571      0.77490457      0.61880933         13.799477            12.53166      0.82174816    -0.076850088       4.7409248        4.7409248       12.399292              12.399292
              1       10.781808      0.77490457       0.6166392         13.795836           12.524484      0.82878988     -0.07552752       4.7409248        4.7409248       12.081767              12.081767
              1        11.18889      0.77490457      0.63508107          13.78711           12.513903      0.82773393    -0.066870543       4.7409248        4.7409248        12.89593               12.89593
              2       11.379776      0.77490457      0.63186788          13.78404           12.513513      0.83218195    -0.063054571       4.7409248        4.7409248       13.277702              13.277702
              1       10.695283      0.76242268      0.63186788          13.78404           12.513513      0.83218195    -0.063054571       4.7409248        4.7409248       11.908717              11.908717
              1       10.631156      0.76242268      0.63114336          13.78287           12.515704      0.82878842    -0.060426205       4.7409248        4.7409248       11.780462              11.780462
              1        10.62841      0.76242268      0.63601525         13.792156           12.521539      0.83349284    -0.053740043       4.7409248        4.7409248       11.774971              11.774971
              2       11.548768      0.74292484      0.63601525         13.792156           12.521539      0.83349284    -0.053740043       4.7409248        4.7409248       13.615686              13.615686
              1       11.712767      0.74292484      0.62496603          13.79889           12.513692      0.83230337    -0.055661691       4.7409248        4.7409248       13.943685              13.943685
              2       11.379638      0.74292484      0.61523877         13.789308           12.519883      0.83606618    -0.060914538       4.7409248        4.7409248       13.277426              13.277426
              1       11.187911      0.74292484      0.61557799         13.783252           12.513386      0.83650885    -0.057834913       4.7409248        4.7409248       12.893972              12.893972
              1       11.824964      0.74292484      0.62254292          13.78852           12.519641      0.82683172    -0.057965451       4.7409248        4.7409248       14.168079              14.168079
              1       13.547827      0.74292484      0.63009633         13.807109           12.509636      0.83582981    -0.051218556       4.7409248        4.7409248       17.613805              17.613805
              2       13.199938      0.74292484      0.63547801         13.800956           12.507379      0.83477345    -0.042227537       4.7409248        4.7409248       16.918027              16.918027
              1       13.158898      0.74134517      0.63547801         13.800956           12.507379      0.83477345    -0.042227537       4.7409248        4.7409248       16.835947              16.835947
              1       12.158717      0.74134517      0.63567296         13.801275           12.512884      0.83861952      -0.0402923       4.7409248        4.7409248       14.835584              14.835584
              1       11.135644      0.74134517      0.64455239         13.786905           12.518767       0.8465188    -0.039862272       4.7409248        4.7409248       12.789438              12.789438
