#        weight    minuslogpost          sigma8      ygk_Ahmcgg      ygk_Ahmcgm      ygk_Ahmcgy ygk_LOWZ__5_lM1_0 ygk_LOWZ__5_lMmin_0   ygk_mass_bias       ygk_rhogy   minuslogprior minuslogprior__0            chi2 chi2__ygk_like.ygkLike
              1       69.650677      0.84412239       1.0505169      0.93074863       1.0870161         13.050528           12.049473        0.712204     -0.55792386        6.908298         6.908298       125.48476              125.48476
              1       64.580961      0.84412239       1.0406217      0.94833361       1.0890147         13.037579            12.04511       0.7090352      -0.5858781        6.908298         6.908298       115.34533              115.34533
              1       65.506154      0.84412239       1.0306702      0.95932146       1.0972977         13.036585           12.043926      0.71428219     -0.58815905        6.908298         6.908298       117.19571              117.19571
              1       65.368191      0.84412239       1.0311263      0.95982426        1.099621         13.035552           12.043172      0.71288259     -0.58880278        6.908298         6.908298       116.91979              116.91979
              1       65.408986      0.84412239       1.0310888      0.95952387        1.099951         13.035611           12.043173      0.71292377     -0.58861359        6.908298         6.908298       117.00138              117.00138
              2       62.551701      0.84412239       1.0275468      0.97162996       1.1096928         13.045404           12.054324      0.70499839     -0.59262329        6.908298         6.908298       111.28681              111.28681
              2       63.049453      0.84300396       1.0275468      0.97162996       1.1096928         13.045404           12.054324      0.70499839     -0.59262329        6.908298         6.908298       112.28231              112.28231
              3       57.785031      0.84300396       1.0469457       0.9836438       1.1147203         13.037419           12.062946      0.70860722     -0.57189739        6.908298         6.908298       101.75347              101.75347
              1       58.430822      0.84300396       1.0525179      0.98295659       1.1107338         13.040006           12.063925       0.7131707     -0.57026187        6.908298         6.908298       103.04505              103.04505
              1       57.493251      0.84300396       1.0478959      0.99113534       1.1008295         13.041317           12.066535      0.71238182     -0.58095533        6.908298         6.908298       101.16991              101.16991
              1       57.304311      0.84300396       1.0639244       1.0007892       1.0976259         13.041479           12.068924      0.70585266     -0.57319344        6.908298         6.908298       100.79203              100.79203
              2       58.502758      0.84300396        1.058203      0.99052995       1.0991423          13.05456           12.069843      0.69971949     -0.57085386        6.908298         6.908298       103.18892              103.18892
              1       60.075243      0.84300396       1.0558743       0.9895319       1.0892397          13.05414           12.065351      0.69898014     -0.56581127        6.908298         6.908298       106.33389              106.33389
              1       60.903705       0.8549955       1.0558743       0.9895319       1.0892397          13.05414           12.065351      0.69898014     -0.56581127        6.908298         6.908298       107.99081              107.99081
              2       62.447076       0.8549955       1.0676993      0.96599708       1.0988404         13.053841            12.07198      0.70096963     -0.55958542        6.908298         6.908298       111.07756              111.07756
              2       62.819901       0.8549955        1.068999      0.96979619       1.1036286         13.055457           12.072812      0.70280412     -0.56065473        6.908298         6.908298       111.82321              111.82321
              1       61.724129       0.8549955       1.0925175      0.97753505       1.0881626          13.05598           12.079492      0.69903344     -0.57574865        6.908298         6.908298       109.63166              109.63166
              1       60.554408       0.8549955       1.0990047      0.97315534       1.0896489         13.053393           12.073064      0.70301109     -0.58512206        6.908298         6.908298       107.29222              107.29222
              2       60.052945       0.8549955       1.0973599       0.9728403       1.0958396         13.052047           12.073447      0.69967395     -0.59036246        6.908298         6.908298       106.28929              106.28929
              3       60.059746       0.8549955       1.0973497      0.97282027       1.0958678          13.05207           12.073469      0.69968874     -0.59028699        6.908298         6.908298        106.3029               106.3029
              1       59.374644       0.8549955       1.1134977      0.95965202       1.1155313         13.053042           12.070215      0.69702429      -0.5943817        6.908298         6.908298       104.93269              104.93269
              3       58.968011       0.8549955       1.1043394      0.95232048       1.1170484         13.054266           12.071586       0.6961182     -0.60047077        6.908298         6.908298       104.11943              104.11943
              1       58.985718       0.8549955       1.1025894      0.96835785       1.1195434         13.060727           12.066264      0.70195228     -0.60922579        6.908298         6.908298       104.15484              104.15484
              2       59.082847       0.8549955       1.1025523      0.96714736       1.1195229         13.061063           12.065764      0.70175157     -0.60977083        6.908298         6.908298        104.3491               104.3491
              3        61.08806       0.8549955       1.0975341      0.96698121       1.1303968         13.071977           12.068472      0.69880625     -0.58818973        6.908298         6.908298       108.35952              108.35952
              3       60.266669       0.8549955       1.0993046      0.96744727       1.1304151         13.073353           12.070715      0.69757179      -0.5923672        6.908298         6.908298       106.71674              106.71674
              1        59.38006       0.8549955        1.089192      0.94117513        1.147643         13.071992           12.070819       0.6790023     -0.57958736        6.908298         6.908298       104.94352              104.94352
              1       59.189003       0.8549955       1.0856942      0.94006713       1.1454046         13.065743           12.072529      0.68256925     -0.56360083        6.908298         6.908298       104.56141              104.56141
              1       58.950308       0.8549955       1.0822015      0.94650897       1.1391405         13.065995           12.072482      0.67961404     -0.56174491        6.908298         6.908298       104.08402              104.08402
              1       58.583208       0.8549955       1.0948086        0.919705       1.1024398         13.051682           12.069083      0.67610577     -0.58377439        6.908298         6.908298       103.34982              103.34982
              1       58.435983       0.8549955       1.0600405      0.89624848       1.0845953         13.064146           12.070487      0.68409539     -0.58375099        6.908298         6.908298       103.05537              103.05537
              2         58.7053       0.8549955       1.0654482      0.89459684       1.0818627         13.066262            12.07101      0.68384456     -0.57975708        6.908298         6.908298         103.594                103.594
              1       58.011096       0.8549955       1.0714054       0.8923467       1.0934169          13.06784           12.078809       0.6842275     -0.59726768        6.908298         6.908298        102.2056               102.2056
              1       58.150758       0.8549955       1.0683366      0.89227004       1.0900794         13.065565           12.080633      0.68500779     -0.59800652        6.908298         6.908298       102.48492              102.48492
              1       58.146762       0.8549955        1.070172      0.89281849       1.0835411         13.067653           12.080473      0.68552743     -0.60125266        6.908298         6.908298       102.47693              102.47693
              1       57.932588       0.8549955       1.0632355      0.90275728        1.084778         13.070704           12.082652      0.68457116     -0.59917545        6.908298         6.908298       102.04858              102.04858
              1       58.623728       0.8549955       1.0746661      0.91335589       1.0829642         13.067227           12.083491       0.6823549     -0.59779941        6.908298         6.908298       103.43086              103.43086
              2       58.890056       0.8549955       1.0643388      0.93045426       1.0899997         13.061776            12.07083      0.68790788     -0.62290101        6.908298         6.908298       103.96352              103.96352
              3       58.721679       0.8549955       1.0650496      0.93092467       1.0903933         13.061918           12.070993      0.68928543     -0.62199697        6.908298         6.908298       103.62676              103.62676
              1       58.736337       0.8549955       1.0646806      0.92935275       1.0860995         13.060526           12.069477      0.69205349     -0.62371824        6.908298         6.908298       103.65608              103.65608
              1       60.452097       0.8549955       1.0633121       0.9271056       1.0893744          13.06062           12.064705      0.68911747     -0.63191578        6.908298         6.908298        107.0876               107.0876
              1       60.234076       0.8549955       1.0599021       0.9285092       1.0912826         13.060253           12.065861      0.68993566     -0.63484959        6.908298         6.908298       106.65156              106.65156
              1       60.060452       0.8549955       1.0640166      0.93201242       1.0902596         13.056974           12.066695      0.68862841     -0.63712451        6.908298         6.908298       106.30431              106.30431
              1       59.908634       0.8549955       1.0598535      0.93569454       1.0887356         13.056225           12.065433      0.68783755     -0.63401101        6.908298         6.908298       106.00067              106.00067
              1       61.364345       0.8549955       1.0629487      0.94550933       1.0814894         13.061303           12.065341      0.68809092     -0.64002946        6.908298         6.908298       108.91209              108.91209
              4       59.698171       0.8549955       1.0471821      0.93110126       1.0839867         13.066526           12.068875      0.69491749     -0.62433691        6.908298         6.908298       105.57975              105.57975
              2       59.259872       0.8549955       1.0454128      0.93090248       1.0849235         13.065126           12.069396      0.69435776     -0.62407894        6.908298         6.908298       104.70315              104.70315
              1       58.852305       0.8549955       1.0478355      0.93033931       1.0755163         13.063152            12.06869      0.69373006     -0.61630797        6.908298         6.908298       103.88801              103.88801
              1       58.628863       0.8549955       1.0614409      0.90995091       1.0811627         13.061372           12.069242       0.6919927     -0.61736109        6.908298         6.908298       103.44113              103.44113
              1       58.909202       0.8549955       1.0602373      0.92126143       1.0775155         13.059843           12.066161      0.69363071     -0.61671437        6.908298         6.908298       104.00181              104.00181
              2        58.10226       0.8549955       1.0526936      0.92948827       1.0896722         13.055054           12.071666      0.69105344      -0.6203777        6.908298         6.908298       102.38792              102.38792
              1       58.626864       0.8549955          1.0668      0.93567777       1.0884844         13.055558           12.074637      0.68784762     -0.61522263        6.908298         6.908298       103.43713              103.43713
              3       58.268972       0.8549955       1.0564279      0.93461209       1.0802467         13.054937           12.076015      0.68375973     -0.60056026        6.908298         6.908298       102.72135              102.72135
              1       58.448402       0.8549955       1.0578537      0.93256275       1.0800522         13.052511           12.074102      0.68170924     -0.60178885        6.908298         6.908298       103.08021              103.08021
              1       58.970267       0.8549955       1.0228533      0.90271161       1.0534299         13.061368           12.072296      0.69226458     -0.63147931        6.908298         6.908298       104.12394              104.12394
              1       58.319924       0.8549955        1.023682      0.89828112       1.0573173         13.057362            12.07141      0.69631916     -0.63028626        6.908298         6.908298       102.82325              102.82325
              1       57.353047       0.8549955      0.99670323      0.89576112        1.060784         13.053197           12.078075      0.69214415     -0.61158682        6.908298         6.908298        100.8895               100.8895
              1       57.104035       0.8549955      0.99397299      0.89356262       1.0598306         13.051922            12.07107      0.68897667     -0.60962409        6.908298         6.908298       100.39147              100.39147
              3       57.751516       0.8549955      0.99456557      0.91420274       1.0227872         13.040647           12.071444      0.69219904     -0.60682266        6.908298         6.908298       101.68644              101.68644
              2         57.1823       0.8549955      0.99216507      0.91903185       1.0241326         13.042562           12.069989      0.69467725     -0.60389069        6.908298         6.908298         100.548                100.548
              2        57.35903       0.8549955       0.9887306      0.92232497       1.0139581         13.044215           12.072892      0.69379284     -0.59478223        6.908298         6.908298       100.90146              100.90146
              1       57.947493       0.8549955      0.99418696      0.94154689       1.0034835         13.042297           12.072607      0.69039852     -0.61093834        6.908298         6.908298       102.07839              102.07839
              1       57.175901       0.8549955      0.98709598      0.97325438        1.036591         13.043602           12.073716      0.68444321     -0.59276651        6.908298         6.908298       100.53521              100.53521
              2       58.254303       0.8549955      0.98870551       0.9767002       1.0418061         13.051243           12.083138      0.69204312      -0.6021832        6.908298         6.908298       102.69201              102.69201
              1       56.881588       0.8549955       0.9678585      0.97614633       1.0413726         13.053209           12.081305      0.69124034     -0.60973171        6.908298         6.908298        99.94658               99.94658
              1       56.735497       0.8549955      0.96893004      0.97530674       1.0426794         13.054653           12.081588      0.69144098     -0.60711389        6.908298         6.908298       99.654398              99.654398
              1        57.11707       0.8549955      0.95894244      0.97637437        1.033351         13.058209           12.087431      0.69444429     -0.60931693        6.908298         6.908298       100.41754              100.41754
              2       57.172672       0.8549955      0.93929783       0.9776766        1.028458         13.052459           12.083976      0.69243729     -0.58361889        6.908298         6.908298       100.52875              100.52875
              1       56.428548       0.8549955      0.93288012      0.96901222       1.0310462         13.054121           12.081328      0.69234371      -0.5875586        6.908298         6.908298       99.040499              99.040499
              1       56.918876       0.8549955      0.93877762      0.95873236       1.0228105         13.052091           12.081987      0.69330759     -0.58525877        6.908298         6.908298       100.02116              100.02116
              2        57.13937       0.8549955      0.93800955      0.95632984       1.0243919         13.051724           12.084849      0.68891749     -0.58558417        6.908298         6.908298       100.46214              100.46214
              3       57.145039       0.8549955      0.93823433      0.95914745       1.0275436          13.05037           12.084509      0.68808898     -0.59033229        6.908298         6.908298       100.47348              100.47348
              1       56.707265       0.8549955      0.92242554      0.96976149       1.0227689         13.046292           12.079949       0.6899504     -0.58329511        6.908298         6.908298       99.597933              99.597933
              2       57.210198       0.8549955      0.92936796      0.98238034       1.0256729         13.048899           12.081038      0.69254873     -0.57864809        6.908298         6.908298        100.6038               100.6038
              6       56.726682       0.8549955      0.92616313      0.98336474       1.0289318         13.051237           12.080969      0.68926542     -0.57640716        6.908298         6.908298       99.636769              99.636769
              1       57.096388       0.8549955      0.94184066      0.99775819       1.0108646         13.054161           12.086988      0.68971596     -0.59219245        6.908298         6.908298       100.37618              100.37618
              1       58.565136       0.8549955      0.94372993       0.9901607       1.0062612         13.050852           12.088833      0.68585045     -0.59205419        6.908298         6.908298       103.31368              103.31368
              2       58.616147       0.8549955      0.94272639      0.99445972       1.0088208         13.056495           12.093212      0.68020414     -0.58184484        6.908298         6.908298        103.4157               103.4157
              2       56.697579       0.8549955      0.94294599      0.99844105       1.0123279          13.05793           12.088027       0.6844799     -0.59392686        6.908298         6.908298       99.578562              99.578562
              4       57.288098       0.8549955      0.94530819      0.98870658       1.0043616         13.053406           12.086709      0.68874604     -0.59325277        6.908298         6.908298        100.7596               100.7596
              1       57.387904       0.8549955      0.94635572      0.97499674       1.0046753         13.054961           12.086237      0.68287152      -0.6044261        6.908298         6.908298       100.95921              100.95921
              1        59.12433       0.8549955      0.90413673      0.98008557      0.98040658         13.054259           12.067672        0.673341      -0.5925163        6.908298         6.908298       104.43206              104.43206
              3       58.327596       0.8549955      0.91875673      0.96606663      0.97717363         13.057279           12.085512      0.66398084      -0.5970748        6.908298         6.908298        102.8386               102.8386
              1       58.406119       0.8549955      0.89898694      0.97282218      0.97844027         13.059705            12.08944      0.66184884     -0.59671518        6.908298         6.908298       102.99564              102.99564
              3       57.606033       0.8549955      0.89395634      0.95203382      0.99487245         13.069775           12.089452      0.67059196     -0.60550173        6.908298         6.908298       101.39547              101.39547
              2       58.069538       0.8549955      0.89705752       0.9571544      0.98802728         13.074591           12.089437      0.67191912     -0.60483486        6.908298         6.908298       102.32248              102.32248
              2       56.531101       0.8549955      0.91498822      0.94628193       1.0078669         13.059198           12.080797      0.67369686     -0.59366482        6.908298         6.908298       99.245606              99.245606
              4       56.131579       0.8549955       0.9048312      0.94319134      0.99635985         13.052807           12.081352       0.6767077     -0.59535662        6.908298         6.908298       98.446563              98.446563
              1       56.364018       0.8549955      0.90688316      0.94249008      0.99478125         13.052175           12.082901      0.67526954     -0.59430757        6.908298         6.908298       98.911439              98.911439
              2       55.955359       0.8549955      0.90446726      0.93864372      0.99147554         13.051029           12.080681      0.68209762     -0.57608509        6.908298         6.908298       98.094121              98.094121
              2       56.234668       0.8549955      0.89837273      0.94555219      0.99095811         13.054356           12.077547      0.68493182     -0.58046721        6.908298         6.908298       98.652739              98.652739
              2       55.863748       0.8549955      0.87194368      0.93834716       1.0058514         13.041032           12.078883      0.68875561      -0.5912217        6.908298         6.908298         97.9109                97.9109
              2       55.407842       0.8549955      0.84552238      0.92980079      0.99219418         13.047684           12.083756      0.68021799      -0.5821614        6.908298         6.908298       96.999088              96.999088
              1       56.644324       0.8549955      0.84749338      0.93375774      0.99293744         13.044022           12.087833      0.68048659      -0.5802428        6.908298         6.908298       99.472052              99.472052
              1       56.685549       0.8549955      0.83616593       0.9359894      0.99180114         13.041247            12.08673      0.66954949     -0.57844698        6.908298         6.908298       99.554502              99.554502
              3       55.277744       0.8549955      0.84448983      0.96515305      0.99932538         13.034657           12.072756       0.6715923     -0.58273546        6.908298         6.908298       96.738892              96.738892
              1        55.13327       0.8549955      0.83606048        0.965187       1.0056264         13.034327           12.072535      0.67389218     -0.57851678        6.908298         6.908298       96.449944              96.449944
              2       55.046325       0.8549955      0.82488429      0.97046428       0.9868488         13.033102           12.072473      0.67773258       -0.581615        6.908298         6.908298       96.276053              96.276053
              1       55.016377       0.8549955      0.82315256      0.97212338      0.98549616         13.033209           12.072637      0.67821788     -0.58349298        6.908298         6.908298       96.216158              96.216158
              3       55.397299       0.8549955      0.83945643      0.97306147      0.99081898         13.040211           12.077334      0.67727756     -0.59925947        6.908298         6.908298       96.978002              96.978002
              2       55.442245       0.8549955      0.83703352      0.97172945       0.9929507         13.040317           12.077937      0.67671455     -0.60008364        6.908298         6.908298       97.067893              97.067893
              2       55.285177       0.8549955      0.83535891      0.97811682      0.99263656         13.043309           12.080517      0.67508796     -0.59276385        6.908298         6.908298       96.753759              96.753759
              2       55.241773       0.8549955      0.83821413      0.97548525      0.99051627         13.043803           12.079047      0.67507739      -0.5903696        6.908298         6.908298        96.66695               96.66695
              2       56.326488       0.8549955      0.83919649      0.97623549      0.98306835         13.044388           12.075891      0.67335846     -0.60557424        6.908298         6.908298        98.83638               98.83638
              1       56.681836       0.8549955      0.85035256      0.97388024      0.99512411         13.040732           12.075008       0.6717349      -0.6099702        6.908298         6.908298       99.547076              99.547076
              1        57.34037       0.8549955      0.83975163      0.97938174      0.99581642         13.035359           12.068511      0.66328125     -0.60233272        6.908298         6.908298       100.86414              100.86414
              1        57.16204       0.8549955      0.83942675      0.97587643      0.99236057         13.032529           12.070114      0.66325126     -0.60258699        6.908298         6.908298       100.50748              100.50748
              1       55.633631       0.8549955      0.83870355      0.98704622      0.99105944          13.02525           12.062883      0.67555623     -0.60212654        6.908298         6.908298       97.450667              97.450667
              3       57.200633       0.8549955      0.85198253      0.98426826      0.99600669         13.033641           12.080699      0.67986784     -0.60745153        6.908298         6.908298       100.58467              100.58467
              1       57.201506      0.85042864      0.85198253      0.98426826      0.99600669         13.033641           12.080699      0.67986784     -0.60745153        6.908298         6.908298       100.58642              100.58642
              1       56.403235      0.85042864      0.84317903      0.98177677      0.98829789         13.037368           12.083248      0.67565722     -0.59130936        6.908298         6.908298       98.989874              98.989874
              2       56.114455      0.85042864      0.83494171      0.98335815      0.98263096         13.036451           12.084326      0.68075037     -0.59278448        6.908298         6.908298       98.412314              98.412314
              1       56.165601      0.85042864      0.84141358      0.97835972      0.97633621         13.035386           12.083722      0.68212534     -0.59023278        6.908298         6.908298       98.514607              98.514607
              2       56.172667      0.85042864       0.8400433      0.97322996      0.97772587         13.033481           12.081539      0.68118536     -0.59345426        6.908298         6.908298       98.528738              98.528738
              2       58.000239      0.85885915       0.8400433      0.97322996      0.97772587         13.033481           12.081539      0.68118536     -0.59345426        6.908298         6.908298       102.18388              102.18388
              3       58.081464      0.85885915      0.84099396      0.97370798      0.97811721         13.033402           12.081632      0.68113068     -0.59445326        6.908298         6.908298       102.34633              102.34633
              1       56.583992      0.85885915      0.85304433       0.9782461      0.95212799         13.036194           12.076059      0.66471973     -0.59036337        6.908298         6.908298       99.351388              99.351388
              2        56.26001      0.85885915      0.84531225      0.96211374       0.9526544         13.035654           12.072801      0.66167465      -0.5901399        6.908298         6.908298       98.703423              98.703423
              4       57.103531      0.85885915      0.84312973      0.95478467      0.95915618         13.039328           12.081597      0.66305328     -0.58655098        6.908298         6.908298       100.39047              100.39047
              5       57.282242      0.85885915      0.84890485       0.9524465      0.95757247         13.039575           12.081631      0.66235969     -0.58522449        6.908298         6.908298       100.74789              100.74789
              8       55.958376      0.85885915      0.84219745      0.95073094      0.96204477         13.033943           12.073371      0.66311206     -0.58237455        6.908298         6.908298       98.100156              98.100156
              1       56.237356      0.85885915      0.82336266      0.91631911      0.96106263         13.029194           12.073141      0.65901694      -0.5733443        6.908298         6.908298       98.658117              98.658117
              1          56.287      0.85885915      0.80268165      0.92093274      0.96021027           13.0393           12.082371      0.66676154     -0.56274117        6.908298         6.908298       98.757405              98.757405
              5        56.35823      0.85885915      0.81260793      0.91192367      0.95124523         13.043518           12.085527      0.66695155     -0.56780465        6.908298         6.908298       98.899864              98.899864
              2       56.375688      0.85885915      0.80974542      0.91551743      0.95334515         13.044236            12.08677      0.66752955     -0.57208233        6.908298         6.908298        98.93478               98.93478
              1       56.543629      0.85885915      0.80802856      0.91829168      0.95958579          13.04423           12.087351      0.66443914     -0.56653843        6.908298         6.908298       99.270663              99.270663
              1       55.791721      0.85885915       0.7984261      0.91734923      0.96257881         13.044347           12.082586      0.66770611     -0.56312779        6.908298         6.908298       97.766846              97.766846
              2       56.704873      0.85885915      0.81652126      0.92193367       0.9775758         13.045481           12.069792       0.6636823     -0.58030451        6.908298         6.908298       99.593149              99.593149
              1       55.770174      0.85885915      0.79964749      0.93581134      0.98408185         13.038209           12.072249      0.66639086     -0.60330968        6.908298         6.908298       97.723753              97.723753
              2       56.225366      0.85885915      0.80605321      0.93058943      0.98827709         13.047445             12.0828      0.66966422     -0.61559937        6.908298         6.908298       98.634137              98.634137
              3       56.487931      0.85885915      0.80569343       0.9327846      0.98067725         13.049646           12.080483      0.67087926     -0.61936088        6.908298         6.908298       99.159267              99.159267
              1       56.579208      0.85885915      0.80462346      0.93676243      0.98367689         13.051369           12.079864      0.67047654     -0.61796086        6.908298         6.908298       99.341819              99.341819
              1        56.99832      0.85885915      0.80410857      0.93460048       0.9850619         13.051768           12.078916      0.66961764     -0.61981026        6.908298         6.908298       100.18004              100.18004
              2        57.57602      0.85885915       0.8066822      0.92460515      0.98762203         13.059382           12.093039      0.66925429     -0.62702606        6.908298         6.908298       101.33544              101.33544
              1       56.596247      0.85885915      0.80999715      0.91624694      0.98447321         13.059273           12.093068       0.6699559     -0.61575887        6.908298         6.908298       99.375898              99.375898
              1        56.19058      0.85885915      0.79955311      0.92552643       1.0011187          13.05755           12.097123      0.68455106     -0.60489375        6.908298         6.908298       98.564564              98.564564
              3       55.242941      0.85885915      0.79746578      0.92200882       1.0182578         13.063318           12.093122       0.6809049     -0.60092753        6.908298         6.908298       96.669285              96.669285
              4       55.474205      0.85885915      0.81519953       0.9258667       1.0202645         13.065344           12.091578      0.68402158     -0.60340469        6.908298         6.908298       97.131814              97.131814
              3       55.355249      0.85885915      0.81079648      0.92641476       1.0157944         13.064897           12.093871      0.68683984     -0.61226374        6.908298         6.908298       96.893902              96.893902
              1       55.557272      0.85885915      0.81951748      0.92226106       1.0123467         13.066838           12.097702      0.68459512     -0.61439634        6.908298         6.908298       97.297947              97.297947
              1       55.509126      0.85885915      0.82757123      0.92513203       1.0052786         13.065865           12.094281      0.68719226     -0.61469664        6.908298         6.908298       97.201656              97.201656
              2       56.673058      0.85885915      0.79985002      0.93322872       0.9882455         13.059421           12.099064      0.68645644     -0.62558005        6.908298         6.908298        99.52952               99.52952
              3       55.501651      0.85885915      0.79372528      0.92582015      0.98603983         13.058516           12.093601      0.68776238     -0.61985364        6.908298         6.908298       97.186707              97.186707
              1       55.536214      0.85885915      0.79503536      0.92686065      0.98688335         13.057133           12.092199      0.68763672     -0.62289133        6.908298         6.908298       97.255831              97.255831
              1       55.747056      0.85885915      0.79441547      0.92145389      0.98732907         13.057677           12.092505      0.68439144     -0.62590568        6.908298         6.908298       97.677515              97.677515
              2       55.630112      0.85885915      0.79089727      0.93039834      0.98971255         13.059527           12.089973      0.68000339     -0.62166784        6.908298         6.908298       97.443627              97.443627
              2       58.255432      0.85885915      0.78200502        0.943769      0.98934429         13.064054           12.084196      0.68583601     -0.64236363        6.908298         6.908298       102.69427              102.69427
              2       57.050062      0.85885915      0.78572809      0.92823151       0.9949624          13.06336           12.087226      0.69483545     -0.64794592        6.908298         6.908298       100.28353              100.28353
              1       56.165833      0.85885915      0.77911556      0.93333852       1.0029063         13.061738           12.089344      0.69623365     -0.64415434        6.908298         6.908298       98.515071              98.515071
              1       56.129636      0.85885915      0.78049059      0.93268075       1.0028702         13.045878           12.082031      0.69596253     -0.65118386        6.908298         6.908298       98.442675              98.442675
              1       56.055724      0.85885915      0.77746624      0.93016837       1.0029686         13.046435           12.080066      0.69630523     -0.64844186        6.908298         6.908298       98.294851              98.294851
              1       56.387798      0.85885915      0.78946632      0.93494204      0.98662478         13.052411           12.080589      0.69626018     -0.64252111        6.908298         6.908298          98.959                 98.959
              6       56.049999      0.85885915      0.76960226      0.94783007      0.97065653         13.049425           12.086615      0.69598373     -0.64681316        6.908298         6.908298       98.283402              98.283402
              4       56.454883      0.85885915      0.76271107      0.92512179      0.96698168         13.054018           12.092941      0.69172023     -0.64559264        6.908298         6.908298       99.093169              99.093169
              1       56.144475      0.85885915      0.77329729      0.94191373      0.96592102         13.064105           12.094925      0.68347069     -0.63313793        6.908298         6.908298       98.472353              98.472353
              1       56.167658      0.85885915      0.77265381      0.94390399      0.96654609         13.063628           12.095694      0.68352082     -0.63402998        6.908298         6.908298        98.51872               98.51872
              1       56.778386      0.85885915      0.77619484      0.94180417      0.96641162         13.068402           12.097868      0.68639625     -0.64345577        6.908298         6.908298       99.740176              99.740176
              1       56.602929      0.85885915      0.78584008      0.93719899      0.98540597         13.067071           12.098688      0.68571004     -0.64185538        6.908298         6.908298       99.389262              99.389262
              2       55.863114      0.85885915      0.78719754      0.94304681      0.98708966         13.067718           12.096344      0.69118787     -0.63683951        6.908298         6.908298       97.909631              97.909631
              1       55.798086      0.85885915      0.80356036      0.94104896      0.99706936         13.071504            12.09761      0.69252568     -0.63390245        6.908298         6.908298       97.779575              97.779575
              2       55.819449      0.85885915       0.8038529      0.93962979      0.99688045          13.07129           12.097443      0.69242292      -0.6342781        6.908298         6.908298       97.822302              97.822302
              3       55.986617      0.85885915      0.82092226      0.95360758      0.99550595          13.05454            12.08916      0.70020917     -0.62873533        6.908298         6.908298       98.156638              98.156638
              2       55.839348      0.85885915      0.81836114      0.95418374       1.0034719         13.053436           12.088175      0.69868277     -0.63097405        6.908298         6.908298       97.862101              97.862101
              1       56.138669      0.85885915      0.81916456      0.94977623       1.0289698         13.055464            12.08874      0.69700442     -0.64765418        6.908298         6.908298       98.460742              98.460742
              2       55.745488      0.85885915      0.81372658      0.94171063       1.0339075         13.054606           12.084124      0.69806702     -0.63970709        6.908298         6.908298       97.674381              97.674381
              1       55.936629      0.85885915      0.80329848      0.94568001       1.0337646         13.057066           12.084921      0.70078221     -0.64126543        6.908298         6.908298       98.056661              98.056661
              1       55.623636      0.85885915       0.8012671      0.96051537        1.040375         13.048573           12.083188      0.70188406     -0.63998624        6.908298         6.908298       97.430675              97.430675
              2       55.709191      0.85885915      0.79921824      0.95994232       1.0425974         13.048213           12.086194      0.70022413     -0.63563573        6.908298         6.908298       97.601785              97.601785
              1       56.188947      0.85885915      0.79618319      0.97701181       1.0337149          13.05429           12.087091       0.7059021     -0.62824831        6.908298         6.908298       98.561299              98.561299
              2        55.90019      0.85885915      0.79052245      0.98215378       1.0337722         13.052214           12.085821      0.70425482     -0.62987356        6.908298         6.908298       97.983784              97.983784
              2       56.964163      0.85885915       0.7853554      0.97421279       1.0169817         13.045586           12.087187      0.70904141     -0.62740578        6.908298         6.908298       100.11173              100.11173
              1       56.603777      0.85885915      0.77583706      0.96912758       1.0032139         13.052012            12.09601      0.69915157     -0.63114597        6.908298         6.908298       99.390959              99.390959
              3       56.805379      0.85885915      0.76351006      0.95836625      0.99874262         13.059942           12.086631      0.70389496     -0.65284422        6.908298         6.908298       99.794163              99.794163
              1       56.947853      0.85885915      0.76039702      0.96589195       1.0004434          13.06157           12.087148      0.70249862     -0.65208434        6.908298         6.908298       100.07911              100.07911
              1       61.826914      0.85885915      0.76717634      0.96105788       1.0038908         13.061583           12.074751      0.68961164     -0.64523829        6.908298         6.908298       109.83723              109.83723
              1       58.372669      0.85885915      0.76248467      0.95968679       1.0059098         13.056619           12.077769      0.68737602     -0.63751366        6.908298         6.908298       102.92874              102.92874
              7       57.130366      0.85885915      0.77846458      0.97395211       1.0146741          13.05032           12.074533      0.69245548     -0.63282198        6.908298         6.908298       100.44414              100.44414
              2       57.112018      0.85885915      0.77836943      0.97417256       1.0146406         13.050441            12.07469      0.69237962     -0.63298557        6.908298         6.908298       100.40744              100.40744
              2       56.562308      0.85885915      0.78328977      0.97650428       1.0125584         13.048706           12.075061      0.69176308     -0.63485894        6.908298         6.908298        99.30802               99.30802
              3       56.393146      0.85885915      0.77168345      0.97873541       1.0005012         13.045097           12.073799       0.6891818     -0.63339856        6.908298         6.908298       98.969696              98.969696
              1       56.008738      0.85885915      0.76295756      0.97989702       1.0158805         13.045677           12.075697      0.68923962     -0.63142205        6.908298         6.908298       98.200881              98.200881
              2       56.324853      0.85885915      0.76567284      0.98058788       1.0173149         13.046883           12.075552      0.68419242      -0.6312713        6.908298         6.908298       98.833109              98.833109
              1        56.86792      0.85885915       0.7796457      0.97485501       1.0321226          13.03813           12.066849      0.68503666     -0.63781997        6.908298         6.908298       99.919244              99.919244
              2         56.0455      0.85885915      0.77733711      0.97261722       1.0303793         13.035229           12.066707      0.68390204     -0.62904519        6.908298         6.908298       98.274403              98.274403
              4        56.06467      0.85885915      0.77848149      0.97867047       1.0302871         13.034506           12.068471      0.68573468     -0.64159667        6.908298         6.908298       98.312743              98.312743
              1       56.077676      0.85885915      0.78414556      0.97213451       1.0412159         13.027793           12.076175      0.68785741     -0.63719209        6.908298         6.908298       98.338756              98.338756
              3       55.549622      0.85885915      0.79396788      0.98171013       1.0408338         13.025217           12.071566      0.69404886      -0.6300578        6.908298         6.908298       97.282647              97.282647
              3       55.716916      0.85885915      0.78821782      0.98072423       1.0477686         13.028551           12.075283      0.68837509     -0.63551428        6.908298         6.908298       97.617237              97.617237
              2       55.908212      0.85885915      0.77180437      0.99121285       1.0346667         13.029353           12.078569      0.69068406     -0.63545451        6.908298         6.908298       97.999828              97.999828
              1       55.848065      0.85885915      0.77764289      0.99281581       1.0266443         13.030923           12.079388       0.6860929     -0.62692823        6.908298         6.908298       97.879533              97.879533
              1       55.902393      0.85885915      0.77668597      0.98963627       1.0247314         13.030494           12.079188      0.68573008     -0.62786322        6.908298         6.908298       97.988191              97.988191
              1       55.333543      0.85885915      0.77449331      0.98966969       1.0255238         13.031125           12.077346      0.68531085     -0.62628314        6.908298         6.908298       96.850489              96.850489
              1       55.276522      0.85885915      0.77584262       1.0028423        1.015755         13.034293           12.075435      0.69734901     -0.62471753        6.908298         6.908298       96.736448              96.736448
              1       55.029557      0.85885915      0.76676404       1.0170046       1.0248271         13.035462           12.075715      0.69568616     -0.63639182        6.908298         6.908298       96.242517              96.242517
              3        55.43841      0.85885915      0.76020651       1.0136274       1.0147399         13.042427           12.076914      0.69318651      -0.6388984        6.908298         6.908298       97.060224              97.060224
              3       55.281385      0.85885915      0.75304759        1.011183       1.0201488         13.043346           12.078407      0.69494303     -0.63258259        6.908298         6.908298       96.746173              96.746173
              5       55.123709      0.85885915      0.75366045       1.0080142       1.0142213          13.04177           12.080806      0.69755834     -0.63728429        6.908298         6.908298       96.430821              96.430821
              1       55.171269      0.85885915      0.75579968       1.0089942        1.014762         13.043028           12.081427       0.6986539     -0.63632906        6.908298         6.908298       96.525941              96.525941
              2       55.149691      0.85885915      0.75499373       1.0084304       1.0157281         13.043044           12.082147      0.69856165     -0.63602884        6.908298         6.908298       96.482787              96.482787
              1       55.109458      0.85885915      0.75728944       1.0125025       1.0188935         13.042199           12.082479      0.69762238     -0.63637851        6.908298         6.908298        96.40232               96.40232
              3       55.422354      0.85885915      0.76346753       1.0091075       1.0169479         13.039678           12.083484       0.6984846     -0.63406964        6.908298         6.908298       97.028113              97.028113
              5       55.383623      0.85885915      0.76268224       1.0295761      0.99292129         13.038365           12.080758      0.69925297     -0.62425444        6.908298         6.908298       96.950651              96.950651
              1       55.925247      0.85885915      0.76802412       1.0310157      0.98518235         13.045447           12.087767      0.70150756     -0.64706134        6.908298         6.908298       98.033897              98.033897
              1       55.574987      0.85885915      0.76986621       1.0279276      0.98230424         13.048966           12.087859      0.69793411     -0.64277795        6.908298         6.908298       97.333379              97.333379
              2       55.522439      0.85885915      0.78207996       1.0455422      0.97619723         13.050229           12.083549      0.69887134     -0.64009061        6.908298         6.908298       97.228281              97.228281
              1       55.676864      0.85885915      0.78066474       1.0446482      0.97280631         13.049529           12.082165      0.69822002     -0.64215705        6.908298         6.908298       97.537133              97.537133
              1       56.118057      0.85885915      0.78646564       1.0462117      0.97997919         13.046841           12.082356      0.69266209       -0.648435        6.908298         6.908298       98.419518              98.419518
              1       56.477491      0.85885915      0.80320454       1.0298835      0.98345365         13.047314           12.077069      0.69726408     -0.65081518        6.908298         6.908298       99.138386              99.138386
              4       56.061063      0.85885915      0.79983603       1.0334414      0.99301533         13.035634           12.080703      0.69309558     -0.63159062        6.908298         6.908298       98.305531              98.305531
              3        55.36478      0.85885915      0.80025561         1.03408      0.98301059         13.030306            12.07213      0.69476109     -0.63168026        6.908298         6.908298       96.912963              96.912963
              1       55.481906      0.85885915      0.80132845       1.0312018      0.98269052         13.029772           12.072517      0.69476335      -0.6323885        6.908298         6.908298       97.147217              97.147217
              2       56.093762      0.85885915      0.82084462        1.022758       0.9790145          13.02741           12.072377      0.69323601     -0.62876287        6.908298         6.908298       98.370928              98.370928
              2       57.638738      0.85885915      0.82514096       1.0028079      0.99686102         13.041112           12.064461      0.70263831     -0.62993587        6.908298         6.908298       101.46088              101.46088
              1       56.470318      0.85885915      0.81988124      0.99247863       1.0042062         13.043151           12.069025      0.69531302     -0.62455544        6.908298         6.908298       99.124041              99.124041
              1       56.348536      0.85885915       0.8133841      0.98425044       1.0115934         13.034799           12.064234       0.6964058     -0.62192136        6.908298         6.908298       98.880476              98.880476
              3       55.879022      0.85885915      0.80138339      0.95650714      0.98645765         13.033168           12.073145      0.70440197     -0.63681543        6.908298         6.908298       97.941449              97.941449
              2       56.022178      0.85885915      0.79645588      0.94549027      0.98821435         13.036259           12.072255       0.7057934     -0.63527212        6.908298         6.908298       98.227761              98.227761
              2        56.41073      0.85885915      0.80063749      0.94457167      0.99846344         13.036675           12.067565      0.70189451     -0.64023799        6.908298         6.908298       99.004864              99.004864
              1       56.401432      0.85885915      0.80723961      0.94427097       1.0079799         13.035275           12.068563      0.70319862     -0.62331838        6.908298         6.908298       98.986269              98.986269
              1       56.266146      0.85885915      0.80166224      0.94619894       1.0088841         13.035422            12.06891      0.70103882     -0.62098362        6.908298         6.908298       98.715696              98.715696
              4       55.779027      0.85885915      0.80404714       0.9412791       1.0063157         13.033894           12.070257      0.69836037     -0.62055496        6.908298         6.908298       97.741457              97.741457
              2        56.05794      0.85885915      0.80605171      0.94192362        1.004664         13.033657           12.069113      0.70042995     -0.62005805        6.908298         6.908298       98.299283              98.299283
              1       56.682607      0.85885915      0.79818106      0.93277109      0.99018385         13.037926           12.067966      0.70010096     -0.62149555        6.908298         6.908298       99.548619              99.548619
              1       56.508231      0.85885915      0.82259712      0.92849573      0.98052478         13.040253           12.069496      0.69247136     -0.60091069        6.908298         6.908298       99.199866              99.199866
              2       56.662333      0.85885915      0.82041175      0.92675057      0.98094516          13.03874           12.068748      0.69243613     -0.59762921        6.908298         6.908298       99.508069              99.508069
              2       57.120589      0.85885915      0.82301538      0.90707227      0.98418204         13.042778           12.066378      0.68525333     -0.61693798        6.908298         6.908298       100.42458              100.42458
              1       56.735486      0.85885915      0.81612039       0.9038441      0.97702504         13.035296           12.076359      0.69920862      -0.6477031        6.908298         6.908298       99.654375              99.654375
              3       57.113473      0.85885915      0.81329833       0.9053313      0.98331121         13.032863           12.076851      0.69765298     -0.64850733        6.908298         6.908298       100.41035              100.41035
              1       57.088822      0.85885915      0.82613805      0.90971329      0.99394106         13.035114           12.076682      0.70044879     -0.65165372        6.908298         6.908298       100.36105              100.36105
              1       56.222977      0.85885915      0.81615828      0.90797813      0.99722937         13.036962           12.075324      0.69907146     -0.64578463        6.908298         6.908298       98.629358              98.629358
              2       56.209199      0.85885915      0.81657191      0.90801646      0.99753219         13.037635           12.075512      0.69916146     -0.64582856        6.908298         6.908298       98.601802              98.601802
              3       56.354893      0.85885915      0.82176688      0.89592117      0.99753878         13.038311           12.071591      0.69751982     -0.64659421        6.908298         6.908298        98.89319               98.89319
              1       57.110977      0.85885915      0.81785041      0.88140591       1.0044197         13.035627           12.079408      0.70144899     -0.64710062        6.908298         6.908298       100.40536              100.40536
              5       56.804126      0.85885915      0.81476953      0.88645584       1.0277425         13.034267           12.072839      0.70675327      -0.6632993        6.908298         6.908298       99.791655              99.791655
              2        57.42308      0.85885915       0.8211582      0.89049314       1.0464575         13.035432           12.081369      0.70052727     -0.64412652        6.908298         6.908298       101.02956              101.02956
              1        57.73964      0.85885915      0.82092735      0.89223219       1.0476582         13.034132           12.081353       0.7004836     -0.64530125        6.908298         6.908298       101.66268              101.66268
              1       57.914229      0.85885915      0.81995843      0.89268828       1.0465905         13.034028           12.081881      0.70038044     -0.64508044        6.908298         6.908298       102.01186              102.01186
              3       57.414628      0.85885915       0.8248362      0.89869065       1.0408227         13.032411           12.078793      0.69733733     -0.64392584        6.908298         6.908298       101.01266              101.01266
              2       57.274565      0.85885915      0.82625742      0.89934271       1.0422477          13.03324           12.078723      0.69712434      -0.6445526        6.908298         6.908298       100.73253              100.73253
              1       56.257515      0.85885915      0.82537277      0.90291597       1.0220537         13.044634           12.075863       0.7055114      -0.6385988        6.908298         6.908298       98.698434              98.698434
              2       56.724079      0.85885915      0.82186943      0.91586926       1.0289165         13.042539            12.07483      0.70984417       -0.633975        6.908298         6.908298       99.631561              99.631561
              1       56.621353      0.85885915      0.82214014      0.91029936       1.0227755         13.040708           12.077819      0.71003971     -0.63768473        6.908298         6.908298       99.426109              99.426109
              1       56.973669      0.85885915      0.82917651      0.90672299       1.0245502         13.046855           12.074525      0.70671459     -0.65819224        6.908298         6.908298       100.13074              100.13074
              1       57.818234      0.85885915      0.83098873      0.90911374       1.0110716         13.055314            12.07605      0.70803064     -0.65084441        6.908298         6.908298       101.81987              101.81987
              2       58.083896      0.85885915      0.83320246      0.92303163      0.99581047         13.050356           12.071557      0.70119045     -0.65245447        6.908298         6.908298        102.3512               102.3512
              1       57.411111      0.86381815      0.83320246      0.92303163      0.99581047         13.050356           12.071557      0.70119045     -0.65245447        6.908298         6.908298       101.00563              101.00563
              1       58.027039      0.86381815      0.85251659      0.94778522       1.0003968         13.048755           12.080498      0.70865054     -0.66224997        6.908298         6.908298       102.23748              102.23748
              1       58.046013      0.86381815      0.83142008      0.95635286      0.99856917         13.050058           12.081646      0.71119388     -0.67196468        6.908298         6.908298       102.27543              102.27543
              1       57.997935      0.86381815      0.83133947      0.95595889      0.99845583         13.050141            12.08157      0.71099345     -0.67143322        6.908298         6.908298       102.17927              102.17927
              2       57.657783      0.86381815      0.82249712      0.95942527       1.0012561         13.052307            12.08065      0.71228917     -0.66952217        6.908298         6.908298       101.49897              101.49897
              2       57.664392      0.86381815      0.82414664      0.96181772      0.99871544         13.053463            12.08019      0.71238032     -0.66888324        6.908298         6.908298       101.51219              101.51219
              4       57.755189      0.86381815      0.82613873      0.95901311       1.0011397         13.056851           12.083577      0.71317387     -0.66911894        6.908298         6.908298       101.69378              101.69378
              1       57.847899      0.86381815      0.82501462      0.95786767       1.0006489         13.056726           12.083296      0.71350715     -0.67160798        6.908298         6.908298        101.8792               101.8792
              1       59.817547      0.86381815      0.82797244      0.97040974        1.011579         13.057368           12.073033      0.70226707     -0.68237032        6.908298         6.908298        105.8185               105.8185
              1       58.999847      0.86381815      0.82746497      0.98184753       1.0084829         13.051441           12.076726      0.70215202     -0.68733903        6.908298         6.908298        104.1831               104.1831
              2        57.67825      0.86381815      0.81266965      0.97779023       1.0272871         13.044727           12.075185      0.70378365     -0.67957899        6.908298         6.908298        101.5399               101.5399
              2       57.519751      0.86381815      0.81027947      0.97734326       1.0237166         13.044138           12.074389      0.70285511     -0.67760803        6.908298         6.908298       101.22291              101.22291
              2       56.833168      0.86381815      0.80243794      0.98048744        1.035108         13.037809            12.07232      0.70037284     -0.66983321        6.908298         6.908298       99.849739              99.849739
              3       56.519724      0.86381815      0.82298991      0.97640858        1.036583         13.036245           12.069692      0.70066886     -0.65712969        6.908298         6.908298       99.222852              99.222852
              4       56.661933      0.86381815      0.82878452       0.9827493       1.0486927          13.03972           12.069113      0.69793441     -0.66438717        6.908298         6.908298        99.50727               99.50727
              3       56.732787      0.86381815      0.82423309      0.94501992       1.0315586         13.038251           12.065104       0.6994178     -0.65024827        6.908298         6.908298       99.648977              99.648977
              1       56.374881      0.86381815      0.83390788      0.94659993       1.0319938         13.038209           12.069318      0.69602244     -0.63620379        6.908298         6.908298       98.933167              98.933167
              2       56.286445      0.86381815      0.84289203       0.9458729       1.0258735         13.040109           12.067898      0.69379005      -0.6425526        6.908298         6.908298       98.756294              98.756294
              4       56.323554      0.86381815      0.84319212      0.94586221       1.0263238         13.040476           12.067618      0.69402599     -0.64220324        6.908298         6.908298       98.830511              98.830511
              2       56.744835      0.86381815      0.83959163      0.94505134        1.017967         13.039775           12.063951      0.68894438     -0.64770528        6.908298         6.908298       99.673075              99.673075
              2       56.396171      0.86381815      0.83962633       0.9341486       1.0179298         13.039988           12.066861      0.68665238     -0.64546618        6.908298         6.908298       98.975747              98.975747
              4       56.400242      0.86381815      0.83924481      0.93411594       1.0191403         13.039808           12.066693      0.68641418     -0.64562878        6.908298         6.908298       98.983887              98.983887
              1       55.678234      0.86381815      0.80663315      0.94380164       1.0368842         13.038519           12.068585      0.68551707     -0.62823395        6.908298         6.908298       97.539871              97.539871
              1       55.660276      0.86381815      0.80588365      0.94374169       1.0355545         13.038996            12.06923      0.68556277     -0.62837918        6.908298         6.908298       97.503956              97.503956
              1       56.080542      0.86381815      0.79966137      0.95751931       1.0245077         13.036062           12.063808      0.68627012     -0.63481225        6.908298         6.908298       98.344487              98.344487
              6       57.777241      0.86381815       0.7977456      0.95414267       1.0234032          13.03961           12.060165      0.68509946     -0.63300113        6.908298         6.908298       101.73789              101.73789
              1       57.222746      0.86381815      0.79552363      0.94131898       1.0236253            13.037           12.060503      0.68762934      -0.6387542        6.908298         6.908298        100.6289               100.6289
              2       56.987782      0.86381815      0.79536927      0.94144235       1.0244574         13.036289           12.060734       0.6875354      -0.6377582        6.908298         6.908298       100.15897              100.15897
              2       56.425854      0.86381815      0.80361562      0.94004041       1.0195142         13.039494           12.069918      0.69484925     -0.62880321        6.908298         6.908298       99.035111              99.035111
              3       56.743084      0.86381815      0.73090453      0.94751991       1.0057685         13.040004           12.074267      0.68567367     -0.66244427        6.908298         6.908298       99.669572              99.669572
              1        58.24068      0.86381815      0.73729349      0.95987647       1.0287296         13.043185           12.078844      0.67850564     -0.67250804        6.908298         6.908298       102.66476              102.66476
              2       57.854459      0.86381815      0.73617103      0.96125436       1.0282757         13.043299           12.078807      0.67686452     -0.66781182        6.908298         6.908298       101.89232              101.89232
              1       57.354529      0.86381815      0.73361638      0.95798582       1.0307699         13.047489           12.080262       0.6786944     -0.66502593        6.908298         6.908298       100.89246              100.89246
              1       57.490439      0.86381815      0.73424595      0.95878221       1.0273403         13.048501           12.079586      0.67819342     -0.66397831        6.908298         6.908298       101.16428              101.16428
              1       56.065587      0.86381815      0.73261835      0.98224288       1.0317642         13.049443           12.080984      0.68402985       -0.655221        6.908298         6.908298       98.314578              98.314578
              1       56.886927      0.86381815      0.68059967      0.97722132       1.0231644         13.058794           12.088447      0.68606181     -0.66129595        6.908298         6.908298       99.957257              99.957257
              7       56.062648      0.86381815      0.68460509      0.97428868       1.0126097         13.055998           12.093968      0.69071444     -0.66208946        6.908298         6.908298       98.308701              98.308701
              1       56.345981      0.86381815      0.68726779      0.96974101       1.0122633         13.057496           12.091847      0.69115945     -0.66492215        6.908298         6.908298       98.875366              98.875366
              2       56.307939      0.86381815      0.68466171      0.96705639      0.99636907         13.054753           12.087543      0.68763121     -0.65624354        6.908298         6.908298       98.799283              98.799283
              5       56.472109      0.86381815      0.69468255      0.96539507      0.96653655         13.062309           12.100737      0.69625656     -0.65863763        6.908298         6.908298       99.127621              99.127621
              1       57.937422      0.86381815      0.69393446      0.93089917      0.94378861         13.060907           12.094241      0.71515135     -0.65454381        6.908298         6.908298       102.05825              102.05825
              2       57.951286      0.86381815      0.68911392      0.95170409       0.9171507         13.061722           12.096822      0.71822156     -0.66731671        6.908298         6.908298       102.08598              102.08598
              3       58.205199      0.86381815      0.68655928      0.95381361      0.92084578         13.062203           12.096818      0.72036646      -0.6684408        6.908298         6.908298        102.5938               102.5938
              4       57.728185      0.86381815       0.6965448      0.97080945      0.89972331         13.064471           12.096343      0.70197999     -0.67161824        6.908298         6.908298       101.63977              101.63977
              1       58.249952      0.86381815      0.69375587      0.97055889      0.89961452         13.064582           12.090471      0.70146444     -0.66523876        6.908298         6.908298       102.68331              102.68331
              1       58.231937      0.86381815      0.69418052      0.97028136      0.89905026         13.064453           12.090424       0.7016034     -0.66519491        6.908298         6.908298       102.64728              102.64728
              2       56.513755      0.86381815      0.69817673      0.97577649      0.90659697         13.054395           12.092482      0.69953531     -0.65549261        6.908298         6.908298       99.210914              99.210914
              2       56.581296      0.86381815      0.70153144      0.97251106      0.90651377         13.053528           12.091859      0.70132034     -0.65577796        6.908298         6.908298       99.345996              99.345996
              2        57.67205      0.86381815      0.70634737      0.97110882      0.89593046         13.055681           12.087084      0.69723603     -0.66661831        6.908298         6.908298        101.5275               101.5275
              2       58.835982      0.86381815      0.70635116      0.99590844      0.86769672         13.049179           12.093979      0.70718347     -0.67456427        6.908298         6.908298       103.85537              103.85537
              5        58.17013      0.86381815       0.7038819       1.0036351      0.87432212         13.048668           12.088682      0.70971726     -0.67802005        6.908298         6.908298       102.52366              102.52366
              1        57.88759      0.86381815      0.70500913       1.0011715      0.87115931         13.049478           12.087692      0.71021529     -0.67476156        6.908298         6.908298       101.95858              101.95858
              1       56.988784      0.86381815       0.6912603      0.99310923      0.87691803         13.051244           12.090596      0.69681401     -0.66054853        6.908298         6.908298       100.16097              100.16097
              1       57.087244      0.86381815      0.67876399      0.99650067      0.88132996         13.057193           12.090113      0.70119072     -0.65855587        6.908298         6.908298       100.35789              100.35789
              2       57.071615      0.86381815      0.67404627       1.0071603      0.87950738          13.05283           12.085518      0.70085692     -0.65167098        6.908298         6.908298       100.32663              100.32663
              2       56.222496      0.86381815      0.66872072      0.99860907      0.86339627         13.054915           12.097638      0.68970688     -0.64026131        6.908298         6.908298       98.628396              98.628396
              1       56.906578      0.86381815      0.66377639       1.0141415      0.86095478         13.055154           12.101634      0.69643097     -0.62524594        6.908298         6.908298        99.99656               99.99656
              2       56.148203      0.86381815      0.66061496       1.0234541      0.87098063         13.051016            12.09732      0.68850046     -0.61522785        6.908298         6.908298       98.479811              98.479811
              1       55.938193      0.86381815      0.67026043       1.0357458      0.85422415         13.048603           12.094964      0.68649514     -0.62123706        6.908298         6.908298        98.05979               98.05979
              1       56.222292      0.86381815      0.66073112       1.0444415      0.85329387         13.060081           12.091879      0.68382808       -0.626191        6.908298         6.908298       98.627987              98.627987
              5       56.050876      0.86381815       0.7011953       1.0480593       0.8684463          13.06987           12.095881      0.68178071     -0.61536264        6.908298         6.908298       98.285156              98.285156
              1        56.20826      0.86381815      0.69766903       1.0426137      0.87041879         13.070495           12.096883      0.68665317     -0.61638233        6.908298         6.908298       98.599924              98.599924
              2       57.517696      0.86381815      0.72219782       1.0256247      0.83541929         13.071345           12.111598       0.6875839     -0.60047004        6.908298         6.908298        101.2188               101.2188
              1       57.742408      0.86381815      0.72578402         1.03262       0.8318598         13.070199           12.110671      0.69073056     -0.60342214        6.908298         6.908298       101.66822              101.66822
              2       56.440991      0.86381815      0.73052053       1.0393276      0.83108695         13.080556           12.107055      0.69142383     -0.60176517        6.908298         6.908298       99.065385              99.065385
              1       56.939047      0.86381815      0.73578438       1.0401579      0.82742456         13.080353           12.109653      0.69251648     -0.59594258        6.908298         6.908298        100.0615               100.0615
              1       56.438319      0.86381815      0.73442098       1.0395398      0.81714265         13.079999           12.107907      0.68958355     -0.59581945        6.908298         6.908298       99.060043              99.060043
              3       56.365025      0.86381815      0.73805656       1.0396289      0.81674505         13.079318           12.107026      0.69008638     -0.59826702        6.908298         6.908298       98.913453              98.913453
              1       56.371272      0.86381815      0.73818689        1.034113      0.81561075         13.080495           12.107853      0.69070222      -0.6000865        6.908298         6.908298       98.925948              98.925948
              1       56.344352      0.86381815      0.73030855       1.0345982      0.81294751         13.082057           12.106626      0.68876763     -0.59836182        6.908298         6.908298       98.872108              98.872108
              1       56.308747      0.86381815      0.72616811       1.0318056      0.82234671         13.084546           12.109619      0.68920908     -0.60048976        6.908298         6.908298       98.800899              98.800899
              4       56.827914      0.86381815      0.72689125        1.031937      0.81722069          13.08865           12.108807      0.69255594     -0.60730112        6.908298         6.908298       99.839232              99.839232
              3       56.480448      0.86381815      0.72190114       1.0320329      0.81740915         13.085239           12.108443      0.69354511      -0.6140753        6.908298         6.908298       99.144301              99.144301
              6       56.178245      0.86381815      0.72216075       1.0372223      0.82381403         13.085212           12.110198      0.69217021     -0.62193838        6.908298         6.908298       98.539894              98.539894
              2       56.108032      0.86381815      0.71873974        1.036692      0.82272568         13.085317           12.111346      0.69123365      -0.6216086        6.908298         6.908298       98.399467              98.399467
              1       56.361041      0.86381815      0.72979263       1.0385856       0.8082117         13.083772           12.105494      0.68668777     -0.61911794        6.908298         6.908298       98.905485              98.905485
              2       56.675616      0.86381815      0.73541611       1.0254733      0.79464575         13.092894            12.11153      0.69054118     -0.60565254        6.908298         6.908298       99.534635              99.534635
              1       56.671996      0.86381815      0.73537738       1.0255029      0.79459535         13.092915           12.111552      0.69051563     -0.60572605        6.908298         6.908298       99.527396              99.527396
              1       56.717205      0.86381815      0.73685898       1.0256573      0.79415007         13.092928           12.111457      0.69162476     -0.60777801        6.908298         6.908298       99.617814              99.617814
              1       56.318854      0.86381815      0.73747673       1.0116323      0.79125958         13.086875           12.114878      0.68987538     -0.61233541        6.908298         6.908298       98.821112              98.821112
              2       56.368593      0.86381815      0.75492912       1.0060734      0.80711395         13.092224           12.115962      0.68326855     -0.61793946        6.908298         6.908298       98.920589              98.920589
              1       56.850773      0.86381815        0.746615       1.0172114      0.80409224         13.086714           12.118195      0.68780482     -0.60754403        6.908298         6.908298       99.884949              99.884949
              3       57.022968      0.86381815      0.75029227       1.0168563      0.80141238         13.085857           12.117445      0.69066588     -0.61116828        6.908298         6.908298       100.22934              100.22934
              1       57.011627      0.86381815      0.75916443       1.0591152      0.81592446         13.089555           12.104628         0.68733     -0.62046164        6.908298         6.908298       100.20666              100.20666
              1       56.589066      0.86381815      0.77324638       1.0599881       0.8217881         13.092369           12.107576      0.68951205     -0.60880544        6.908298         6.908298       99.361535              99.361535
              1       56.244474      0.86381815      0.77080667       1.0660469      0.82629252         13.094764           12.115848      0.69080749     -0.62022669        6.908298         6.908298       98.672352              98.672352
              3       56.265236      0.86381815      0.77179245       1.0673606      0.82317017         13.096675           12.116493      0.69194978     -0.61692954        6.908298         6.908298       98.713877              98.713877
              2       57.333208      0.86381815      0.77683034       1.0661216      0.82183174         13.092649           12.122097      0.68727896     -0.60779313        6.908298         6.908298       100.84982              100.84982
              3       57.211253      0.86381815      0.77670331       1.0660027      0.82113465         13.094489           12.122973      0.68536438     -0.61066419        6.908298         6.908298       100.60591              100.60591
              3       56.216888      0.86381815       0.7898614       1.0552157      0.81361569         13.096406           12.115074      0.68883094     -0.60747661        6.908298         6.908298        98.61718               98.61718
              2       56.810156      0.86381815      0.78604991       1.0538296      0.81996767         13.096633           12.114857      0.69052213     -0.59150127        6.908298         6.908298       99.803717              99.803717
              1        57.01441      0.86381815      0.78655244       1.0593251      0.81946599         13.099013           12.114112      0.69093261     -0.59105477        6.908298         6.908298       100.21222              100.21222
              1       57.154608      0.86381815      0.79968146       1.0425654      0.85198535         13.112063           12.118177      0.68748568     -0.60136943        6.908298         6.908298       100.49262              100.49262
              2       57.699822      0.86381815      0.79889801       1.0454721      0.85818092         13.109816           12.113619      0.68504793     -0.60285459        6.908298         6.908298       101.58305              101.58305
              1       57.560213      0.86381815      0.79775408       1.0440102      0.85020391         13.108759           12.113476      0.68600729     -0.60743091        6.908298         6.908298       101.30383              101.30383
              1       57.536827      0.86381815       0.7989983       1.0442901      0.84941125         13.108677           12.113453      0.68613826     -0.60626133        6.908298         6.908298       101.25706              101.25706
              5        56.67145      0.86381815      0.81702922       1.0349907      0.85609311          13.10509           12.114916      0.68360493      -0.6184394        6.908298         6.908298       99.526304              99.526304
              1       56.690635      0.86381815      0.81914526       1.0341996      0.85683891         13.104766           12.114843      0.68396696     -0.61979817        6.908298         6.908298       99.564673              99.564673
              1       57.165765      0.86381815      0.81554065       1.0358894      0.86552317         13.107632           12.114483      0.68462517     -0.62358544        6.908298         6.908298       100.51493              100.51493
              3       57.979462      0.86381815      0.81652365       1.0178727      0.86222883         13.114314           12.116081      0.68355639     -0.62123261        6.908298         6.908298       102.14233              102.14233
              4       56.896296      0.86381815      0.80562739        1.014862      0.85679312         13.111831           12.125889      0.69235485     -0.62979745        6.908298         6.908298       99.975997              99.975997
              2       57.542072      0.86381815      0.82499311       1.0140807      0.84989829         13.105508           12.111224      0.68789949     -0.62357949        6.908298         6.908298       101.26755              101.26755
              1       56.488994      0.86381815       0.7787189       1.0375741      0.85316697         13.084518             12.1091      0.68471108     -0.58744728        6.908298         6.908298       99.161393              99.161393
              3       57.778854      0.86381815      0.77780101       1.0339024      0.86814758         13.087374           12.105584      0.68797903     -0.58062727        6.908298         6.908298       101.74111              101.74111
              1       57.854358      0.86381815      0.77927905       1.0350526      0.86809828         13.088023           12.106266      0.68728633     -0.57805397        6.908298         6.908298       101.89212              101.89212
              3       57.437424      0.86381815      0.77999982       1.0489592      0.88195443         13.092776           12.101804      0.67829175     -0.60085605        6.908298         6.908298       101.05825              101.05825
              1       57.483738      0.86381815      0.76314924       1.0531121      0.88312026         13.092236             12.1025      0.67816489     -0.59894289        6.908298         6.908298       101.15088              101.15088
              1        57.44349      0.86381815      0.76042847        1.037676      0.89657205         13.087135           12.098806      0.67618268     -0.59850378        6.908298         6.908298       101.07038              101.07038
              2       57.742457      0.86381815      0.76035432       1.0378641         0.89645         13.087309            12.09813      0.67646387     -0.59823519        6.908298         6.908298       101.66832              101.66832
              3        57.74911      0.86381815      0.76088532       1.0388099      0.89700651         13.087288           12.098051      0.67570426     -0.59605994        6.908298         6.908298       101.68162              101.68162
              5       55.704877      0.86381815      0.73071127       1.0193335      0.91009903         13.087341           12.111987      0.67649654     -0.59259216        6.908298         6.908298       97.593159              97.593159
              2       55.661217      0.86381815      0.72956062       1.0162361      0.89735576          13.08308           12.113897      0.67497158     -0.60093998        6.908298         6.908298       97.505838              97.505838
