#        weight    minuslogpost ygk_LOWZ__0_lM1_0 ygk_LOWZ__0_lMmin_0   ygk_mass_bias       ygk_rhogy   minuslogprior minuslogprior__0            chi2 chi2__ygk_like.ygkLike
              1       14.725283         13.508406           12.261003       0.8229109     -0.31972012       4.7203721        4.7203721       20.009822              20.009822
              1       12.955968         13.504202            12.26403       0.8201751     -0.32375231       4.7203721        4.7203721       16.471192              16.471192
              1       12.716594         13.493917           12.271191      0.83786791     -0.32109539       4.7203721        4.7203721       15.992445              15.992445
              1       13.871218         13.516744           12.280673      0.84540662     -0.30849278       4.7203721        4.7203721       18.301691              18.301691
              1       12.928113           13.5163           12.286336      0.84317462     -0.31061326       4.7203721        4.7203721       16.415482              16.415482
              4       13.069773         13.510245            12.28833      0.83685923     -0.29736995       4.7203721        4.7203721       16.698802              16.698802
              1       13.110116         13.501199           12.282515      0.83107705     -0.29313209       4.7203721        4.7203721       16.779488              16.779488
              2       13.136091         13.500784           12.282514      0.82933431     -0.29146044       4.7203721        4.7203721       16.831437              16.831437
              1       13.704259         13.476954           12.269614      0.83231713      -0.2942775       4.7203721        4.7203721       17.967773              17.967773
              2       14.497553         13.477301            12.26902      0.85122455     -0.27448036       4.7203721        4.7203721       19.554361              19.554361
              2       14.984821         13.473333           12.258661      0.85594508     -0.29145003       4.7203721        4.7203721       20.528897              20.528897
              2        15.50819         13.464839           12.256663      0.86283583     -0.28632709       4.7203721        4.7203721       21.575635              21.575635
              7       15.116134         13.449224           12.253849      0.86702564     -0.28996216       4.7203721        4.7203721       20.791523              20.791523
              1       14.589765         13.447871           12.246979      0.84770671      -0.2772764       4.7203721        4.7203721       19.738786              19.738786
              2       15.954376         13.446738           12.233077      0.84476057     -0.28941291       4.7203721        4.7203721       22.468008              22.468008
              3       15.075827         13.448093           12.235454      0.84233614     -0.29167327       4.7203721        4.7203721       20.710909              20.710909
              1       15.701312         13.451168           12.235207      0.84292659      -0.2920217       4.7203721        4.7203721       21.961879              21.961879
              3       15.423124         13.451175           12.235524      0.84224584     -0.29333162       4.7203721        4.7203721       21.405503              21.405503
              4       15.316709         13.452065           12.236629      0.84304119     -0.29407086       4.7203721        4.7203721       21.192674              21.192674
              2       15.189007         13.449157           12.233092      0.84152673     -0.29920674       4.7203721        4.7203721       20.937269              20.937269
              1       13.927326         13.444507           12.235889      0.84108189     -0.30031509       4.7203721        4.7203721       18.413908              18.413908
              1       14.036593         13.443282           12.234663      0.84004209     -0.29785641       4.7203721        4.7203721       18.632443              18.632443
              1       13.415292         13.450043           12.247208      0.83236041     -0.29147935       4.7203721        4.7203721        17.38984               17.38984
              1       12.894012         13.450451           12.242721      0.81901878     -0.29915697       4.7203721        4.7203721        16.34728               16.34728
              1        12.86687         13.451343           12.242896      0.81925452     -0.29870342       4.7203721        4.7203721       16.292996              16.292996
              3       13.005995          13.45591           12.234434      0.80913688     -0.29918338       4.7203721        4.7203721       16.571246              16.571246
              1       12.707164         13.453909           12.234506      0.80928457     -0.30411343       4.7203721        4.7203721       15.973584              15.973584
              1       12.407151         13.459797           12.238421       0.8020051     -0.30666297       4.7203721        4.7203721       15.373558              15.373558
              3       12.419006         13.460919           12.239593      0.80367956     -0.30705116       4.7203721        4.7203721       15.397269              15.397269
              1       12.704696         13.451329           12.240261      0.80806945     -0.30797831       4.7203721        4.7203721       15.968649              15.968649
              2       13.269623         13.450692            12.23288      0.81164665     -0.28976959       4.7203721        4.7203721       17.098501              17.098501
              1       13.293387         13.450677           12.232846      0.81197864     -0.28982012       4.7203721        4.7203721       17.146029              17.146029
              2       13.114101         13.458922           12.240218       0.8132783     -0.28883957       4.7203721        4.7203721       16.787458              16.787458
              1       12.818611         13.456282           12.245604      0.81132762     -0.30455704       4.7203721        4.7203721       16.196478              16.196478
              2       12.672377         13.456756           12.244415      0.81207106     -0.30532121       4.7203721        4.7203721        15.90401               15.90401
              2       12.703941         13.454765           12.238154      0.81119044     -0.29767318       4.7203721        4.7203721       15.967138              15.967138
              3       12.759814         13.456152            12.23786       0.8122607     -0.30042661       4.7203721        4.7203721       16.078884              16.078884
              1       12.503914          13.45632           12.240763      0.80756179      -0.3024786       4.7203721        4.7203721       15.567084              15.567084
              1       12.768021         13.458699           12.236534      0.80717274     -0.30211324       4.7203721        4.7203721       16.095298              16.095298
              1       12.374969         13.449324           12.232778      0.79360684     -0.29898912       4.7203721        4.7203721       15.309193              15.309193
              1       12.354893         13.457233           12.237798      0.78654051     -0.29990339       4.7203721        4.7203721       15.269042              15.269042
              2       12.340069         13.458076            12.23881      0.78729458     -0.29288245       4.7203721        4.7203721       15.239394              15.239394
              1       12.901753         13.438597           12.232987      0.79450777     -0.28742775       4.7203721        4.7203721       16.362762              16.362762
              1         12.5105         13.440251           12.227695       0.7950214      -0.2878519       4.7203721        4.7203721       15.580256              15.580256
              1       12.421396         13.437934           12.225657      0.78442279     -0.28428643       4.7203721        4.7203721       15.402048              15.402048
              3       12.435577         13.440914           12.225054      0.78926249     -0.29056631       4.7203721        4.7203721       15.430409              15.430409
              1       12.401141         13.450759           12.230053      0.78527371     -0.28944766       4.7203721        4.7203721       15.361539              15.361539
              2       13.514218          13.45747           12.229527      0.79582979     -0.29111041       4.7203721        4.7203721       17.587692              17.587692
              2       14.510003         13.463053           12.232074      0.79477531     -0.27607865       4.7203721        4.7203721       19.579261              19.579261
              1       14.292606         13.465525            12.23314      0.79171089     -0.27737391       4.7203721        4.7203721       19.144468              19.144468
              2       14.027043         13.466309           12.234861      0.79429341     -0.28057191       4.7203721        4.7203721       18.613341              18.613341
              1       13.352155         13.469508            12.24218      0.79662784     -0.27396409       4.7203721        4.7203721       17.263566              17.263566
              1        13.34874         13.469476           12.242152      0.79631306     -0.27356473       4.7203721        4.7203721       17.256736              17.256736
              2       12.760217         13.469924            12.24563      0.79463693      -0.2745994       4.7203721        4.7203721        16.07969               16.07969
              1          12.534          13.46627           12.242369      0.78964962     -0.27906072       4.7203721        4.7203721       15.627256              15.627256
              1       12.552851         13.453977           12.240908       0.7944144     -0.28045805       4.7203721        4.7203721       15.664957              15.664957
              1       12.660207          13.45526           12.243052      0.79623927     -0.28776176       4.7203721        4.7203721        15.87967               15.87967
              3       12.610178         13.455142           12.242307      0.79558765     -0.28816418       4.7203721        4.7203721       15.779612              15.779612
              1       12.810405         13.452038           12.242731      0.80258647     -0.29032495       4.7203721        4.7203721       16.180066              16.180066
              1        12.62627          13.45534            12.23781      0.80402347     -0.29137911       4.7203721        4.7203721       15.811795              15.811795
              2       12.645687         13.463221           12.244004      0.80715027     -0.29135432       4.7203721        4.7203721       15.850629              15.850629
              5       13.102761         13.472157           12.258066      0.79982137      -0.2933078       4.7203721        4.7203721       16.764777              16.764777
              1       12.425455         13.464639            12.24626      0.79372287      -0.2891645       4.7203721        4.7203721       15.410165              15.410165
              1       12.781774         13.468954           12.231576      0.78902612     -0.33008874       4.7203721        4.7203721       16.122804              16.122804
              2       12.473679         13.466688           12.233019      0.78799226      -0.3259358       4.7203721        4.7203721       15.506613              15.506613
              1       12.516082         13.473295           12.247715      0.79139185       -0.326594       4.7203721        4.7203721       15.591419              15.591419
              1       12.495795         13.473271            12.24764      0.79178432     -0.32648309       4.7203721        4.7203721       15.550847              15.550847
              1       13.258103         13.484405           12.242516      0.79508198     -0.31982732       4.7203721        4.7203721       17.075461              17.075461
              1       12.466809         13.481564           12.252586      0.80488157     -0.31217784       4.7203721        4.7203721       15.492874              15.492874
              1        12.73892         13.476571           12.246536      0.80795295     -0.31000368       4.7203721        4.7203721       16.037095              16.037095
              6       12.373457         13.473688           12.247561      0.79772975     -0.29932748       4.7203721        4.7203721        15.30617               15.30617
              1       12.619017         13.468846           12.245245      0.80394862     -0.29404364       4.7203721        4.7203721       15.797291              15.797291
              1        12.47124         13.470004           12.251121      0.79696973     -0.28219152       4.7203721        4.7203721       15.501735              15.501735
              1       13.587347         13.459984           12.251357       0.7913388     -0.28464465       4.7203721        4.7203721       17.733951              17.733951
              1       12.586106         13.465043           12.247049      0.78300698     -0.28665029       4.7203721        4.7203721       15.731467              15.731467
              1       12.577538         13.463101           12.245535      0.78261377     -0.28666088       4.7203721        4.7203721       15.714332              15.714332
              1       13.003873         13.462203           12.245886      0.78617526     -0.30447506       4.7203721        4.7203721       16.567001              16.567001
              2       14.394344         13.460184           12.249219      0.78332309     -0.30487782       4.7203721        4.7203721       19.347945              19.347945
              2       12.552384         13.475111           12.241695      0.76172886     -0.31596017       4.7203721        4.7203721       15.664024              15.664024
              1       12.444427          13.47692           12.242196      0.75568202     -0.30208052       4.7203721        4.7203721        15.44811               15.44811
              2       12.384454         13.485242            12.24812      0.75519597     -0.29474274       4.7203721        4.7203721       15.328164              15.328164
              2       12.371708         13.485324           12.247943      0.75544057     -0.29467661       4.7203721        4.7203721       15.302672              15.302672
              2       12.351604         13.485963           12.248447      0.75640924     -0.29407272       4.7203721        4.7203721       15.262464              15.262464
              1       13.144389         13.482822           12.253721      0.76055224     -0.30180318       4.7203721        4.7203721       16.848033              16.848033
              1       14.334564         13.470575            12.25275      0.76496995     -0.29512112       4.7203721        4.7203721       19.228383              19.228383
              2       12.481091         13.467641           12.237783      0.76229973     -0.30886581       4.7203721        4.7203721       15.521438              15.521438
              6       12.308915         13.462698           12.232563      0.76320454     -0.30230307       4.7203721        4.7203721       15.177085              15.177085
              2       12.371759         13.464663           12.234396      0.76445121     -0.31061818       4.7203721        4.7203721       15.302775              15.302775
              3       13.244823         13.472508           12.248456      0.76641139     -0.30537141       4.7203721        4.7203721       17.048903              17.048903
              2       13.168229         13.470095           12.246833      0.76553623     -0.30190775       4.7203721        4.7203721       16.895713              16.895713
              1       12.744915         13.470756           12.244835      0.76584299     -0.30230572       4.7203721        4.7203721       16.049086              16.049086
              4       12.979215         13.469767           12.241907      0.76459332     -0.31080835       4.7203721        4.7203721       16.517686              16.517686
              2       14.213615         13.473634           12.253929      0.77555971     -0.31486982       4.7203721        4.7203721       18.986487              18.986487
              1       14.318795         13.473988           12.254238      0.77490942     -0.31537201       4.7203721        4.7203721       19.196846              19.196846
              1       14.423537         13.470385           12.251463       0.7767594     -0.32202237       4.7203721        4.7203721       19.406331              19.406331
              1       13.327198         13.472115           12.251175       0.7912548     -0.32970596       4.7203721        4.7203721       17.213651              17.213651
              1       12.455723         13.475325           12.246154      0.79241746     -0.32660124       4.7203721        4.7203721       15.470702              15.470702
              1        12.50629         13.480237           12.239024      0.78446453     -0.34023086       4.7203721        4.7203721       15.571836              15.571836
              1       12.525927         13.497677           12.250512      0.78315997     -0.33919468       4.7203721        4.7203721       15.611109              15.611109
              1       13.021456          13.49913            12.24731      0.78241061     -0.34009068       4.7203721        4.7203721       16.602168              16.602168
              1       13.400002         13.508756           12.252636      0.79808844     -0.35662222       4.7203721        4.7203721        17.35926               17.35926
              1       12.380385         13.480964           12.241715      0.80573426     -0.36907042       4.7203721        4.7203721       15.320025              15.320025
              1       12.715283         13.481278           12.239708      0.81029915     -0.36520542       4.7203721        4.7203721       15.989821              15.989821
              3        14.30958         13.467433           12.252707      0.81557968     -0.35839556       4.7203721        4.7203721       19.178416              19.178416
              2       14.950974          13.47023           12.255814      0.80948717     -0.35391683       4.7203721        4.7203721       20.461205              20.461205
              4       14.951565         13.476579           12.258657      0.80435962     -0.35467784       4.7203721        4.7203721       20.462385              20.462385
              2       13.077992         13.482498           12.252147      0.79916997     -0.35739165       4.7203721        4.7203721       16.715239              16.715239
              1       13.151525         13.484455           12.253761      0.80101209     -0.36051763       4.7203721        4.7203721       16.862307              16.862307
              2       13.025941         13.483743           12.255436      0.80189945     -0.35601786       4.7203721        4.7203721       16.611137              16.611137
              2       12.857236         13.484695           12.255348      0.80278057      -0.3560082       4.7203721        4.7203721       16.273727              16.273727
              2       13.032751         13.484459           12.256531      0.80280916     -0.35439647       4.7203721        4.7203721       16.624758              16.624758
              1        13.23624         13.482697           12.241391      0.81055894     -0.34368351       4.7203721        4.7203721       17.031736              17.031736
              2       13.540481         13.483981           12.239734      0.80555206     -0.34219142       4.7203721        4.7203721       17.640218              17.640218
              1       13.031711         13.472048           12.255767       0.8237176     -0.33932048       4.7203721        4.7203721       16.622678              16.622678
              1       12.662854          13.47084           12.253213      0.82419804     -0.33311857       4.7203721        4.7203721       15.884963              15.884963
              1       12.485027         13.478167           12.253828      0.82825294     -0.33175305       4.7203721        4.7203721       15.529309              15.529309
              2       12.658905         13.481343           12.253944      0.83103575     -0.33212938       4.7203721        4.7203721       15.877067              15.877067
              1       12.519092         13.492326           12.258913      0.81908546     -0.32628542       4.7203721        4.7203721        15.59744               15.59744
              2       12.369357         13.494153           12.258329      0.81568777      -0.3361704       4.7203721        4.7203721       15.297969              15.297969
              1       13.113874         13.502042            12.25494      0.81193747     -0.34486701       4.7203721        4.7203721       16.787004              16.787004
              2       13.289554         13.500477           12.252126      0.80750579     -0.34327843       4.7203721        4.7203721       17.138364              17.138364
              2       12.241792         13.491806           12.256476      0.80659548     -0.34496224       4.7203721        4.7203721        15.04284               15.04284
              1       12.236253         13.490631           12.254849      0.80417398     -0.34180561       4.7203721        4.7203721       15.031762              15.031762
              1         12.4451         13.489067           12.258208      0.81608654     -0.33151698       4.7203721        4.7203721       15.449456              15.449456
              1       12.444898         13.489209           12.258289      0.81598524     -0.33119966       4.7203721        4.7203721       15.449052              15.449052
              2       12.453354         13.489216           12.258144      0.81680176     -0.33090486       4.7203721        4.7203721       15.465965              15.465965
              1       12.517025         13.495695           12.258879      0.81786775     -0.33364612       4.7203721        4.7203721       15.593306              15.593306
              1         12.2316         13.503881           12.267482      0.80446603     -0.32786699       4.7203721        4.7203721       15.022455              15.022455
              3       12.241747         13.501867           12.265062      0.80057258     -0.33044033       4.7203721        4.7203721        15.04275               15.04275
              1       12.240316         13.506153           12.268114      0.80285883     -0.33262087       4.7203721        4.7203721       15.039887              15.039887
