#        weight    minuslogpost          sigma8        ygk_Ahmc ygk_LOWZ__5_lM1_0 ygk_LOWZ__5_lMmin_0  ygk_LOWZ__5_wz   ygk_mass_bias       ygk_rhogy   minuslogprior minuslogprior__0            chi2 chi2__ygk_like.ygkLike
              2       56.098713      0.81127943      0.94765354         13.134336           12.174964      0.98299515       0.7104896     -0.46404884       4.7082995        4.7082995       102.78083              102.78083
              2       55.483019      0.81127943       0.9494371         13.134965           12.178161       0.9809665      0.71915277     -0.46772687       4.7082995        4.7082995       101.54944              101.54944
              1           55.49      0.81127943      0.95743345         13.134385            12.17735      0.98177231      0.71952803     -0.47464248       4.7082995        4.7082995        101.5634               101.5634
              5        55.35931      0.81127943      0.94301454         13.139561           12.174593      0.98470399       0.7244048      -0.4821589       4.7082995        4.7082995       101.30202              101.30202
              1        55.47004      0.81127943      0.93369052          13.14022           12.175721      0.98515042      0.72332418     -0.47167178       4.7082995        4.7082995       101.52348              101.52348
              2       55.417549      0.81127943      0.93825884         13.132181           12.175435      0.98295732      0.72312725     -0.46321478       4.7082995        4.7082995        101.4185               101.4185
              2       58.095321      0.81127943       0.9662138         13.142027           12.178015      0.98319425      0.73317619     -0.43805425       4.7082995        4.7082995       106.77404              106.77404
              1        58.52551      0.81127943      0.96667167         13.140339           12.174264      0.98451751      0.73433186     -0.43654047       4.7082995        4.7082995       107.63442              107.63442
              3       57.856784      0.81127943      0.96233696         13.139539           12.174785      0.98462937      0.73447798     -0.44167474       4.7082995        4.7082995       106.29697              106.29697
              1       59.158059      0.81127943      0.98355708          13.13625           12.183024      0.98886888      0.73316386     -0.45203337       4.7082995        4.7082995       108.89952              108.89952
              3       58.790465      0.81127943      0.98124837         13.140508           12.186077      0.98869491      0.72890288     -0.45207719       4.7082995        4.7082995       108.16433              108.16433
              1       59.065467      0.81127943      0.98056021         13.139729           12.186879      0.98908219      0.73242709     -0.45983079       4.7082995        4.7082995       108.71433              108.71433
              2       55.762141      0.81127943      0.96203354         13.144607            12.18323      0.98018324      0.73585127     -0.46654351       4.7082995        4.7082995       102.10768              102.10768
              3       55.185813      0.81127943      0.95910877          13.14854           12.185922       0.9805075      0.72367253     -0.48848807       4.7082995        4.7082995       100.95503              100.95503
              3       55.830533      0.81127943      0.99122909          13.15575            12.18193        0.979019      0.72556403     -0.49430793       4.7082995        4.7082995       102.24447              102.24447
              1       55.559659      0.81127943      0.99442936         13.153582           12.181013      0.97896233      0.72730344     -0.49350527       4.7082995        4.7082995       101.70272              101.70272
              1       55.793934      0.81127943      0.99225932         13.153443           12.179819      0.97878377      0.72756025     -0.49435489       4.7082995        4.7082995       102.17127              102.17127
              1       55.896816      0.81127943      0.98948644         13.154114           12.180105      0.97844067      0.72879221     -0.48602603       4.7082995        4.7082995       102.37703              102.37703
              1       54.582359      0.81127943      0.98087484         13.158352           12.187532      0.97996775      0.74370538     -0.49852905       4.7082995        4.7082995       99.748119              99.748119
              2       54.388979      0.81127943      0.97956898          13.15593           12.191966      0.97672914      0.74335835     -0.50192172       4.7082995        4.7082995       99.361359              99.361359
              4       54.286002      0.81127943      0.96694126         13.159022           12.194111      0.97591249      0.73870906     -0.50393162       4.7082995        4.7082995       99.155405              99.155405
              1       55.321007      0.81127943      0.96985824         13.148384           12.186437      0.97664489      0.72611051     -0.51132698       4.7082995        4.7082995       101.22541              101.22541
              3       55.183176      0.81127943      0.96543529         13.147475           12.182935      0.97533961      0.72845286     -0.51249617       4.7082995        4.7082995       100.94975              100.94975
              1       54.806974      0.81127943      0.96831348         13.143957           12.185472      0.97429262      0.72867897     -0.50639218       4.7082995        4.7082995       100.19735              100.19735
              1       55.302687      0.81127943       1.0047295         13.158539           12.192748      0.97382788      0.72488819     -0.50347862       4.7082995        4.7082995       101.18877              101.18877
              2       57.225111      0.81127943       1.0225914         13.149852           12.187876      0.97231654      0.72113241     -0.52974882       4.7082995        4.7082995       105.03362              105.03362
              1       57.626686      0.81127943       1.0310804         13.145777            12.18638       0.9763666      0.72110839     -0.52328757       4.7082995        4.7082995       105.83677              105.83677
              4       58.269331      0.81127943       1.0364362         13.150377           12.188933      0.98153686      0.72145735     -0.51918575       4.7082995        4.7082995       107.12206              107.12206
              1       56.946528      0.81127943       1.0316625         13.152559           12.187067      0.98175131      0.72700067     -0.52673845       4.7082995        4.7082995       104.47646              104.47646
              1       55.968017      0.81127943       1.0313335         13.151206           12.179739      0.98228432      0.72751307      -0.5189686       4.7082995        4.7082995       102.51943              102.51943
              2       56.152879      0.81127943       1.0125535         13.152608           12.180869      0.98265981      0.72475009     -0.51444054       4.7082995        4.7082995       102.88916              102.88916
              1       54.696328      0.81127943       1.0121107         13.147735             12.1771      0.98233834      0.73913053     -0.51253617       4.7082995        4.7082995       99.976058              99.976058
              1       55.107057      0.81127943        1.028534         13.144363           12.175399      0.98301494      0.73702964     -0.49038224       4.7082995        4.7082995       100.79751              100.79751
              5       56.148774      0.81127943       1.0376874         13.149221           12.173621      0.97705466      0.73743642     -0.49005094       4.7082995        4.7082995       102.88095              102.88095
              1       57.451859      0.81127943       1.0312429         13.154425            12.17387      0.97632926      0.73959947     -0.48918916       4.7082995        4.7082995       105.48712              105.48712
              2       58.252775      0.81127943       1.0207731          13.15282           12.171806       0.9769175      0.73624641     -0.48029259       4.7082995        4.7082995       107.08895              107.08895
              3       58.106583      0.81127943       1.0201756         13.152901            12.17202       0.9770243      0.73591797     -0.48141088       4.7082995        4.7082995       106.79657              106.79657
              2       56.405554      0.81127943       1.0333907         13.148356           12.170065      0.98285673      0.74113568     -0.48899075       4.7082995        4.7082995       103.39451              103.39451
              1       56.156124      0.81127943       1.0245004         13.158826           12.183717      0.98787738      0.72219664     -0.49925691       4.7082995        4.7082995       102.89565              102.89565
              1       56.280211      0.81127943       1.0238173         13.159908            12.18287      0.98798954      0.72245587      -0.4992984       4.7082995        4.7082995       103.14382              103.14382
              1        56.40386      0.81127943       1.0240835         13.164593           12.192005      0.98948139      0.73007612     -0.46981551       4.7082995        4.7082995       103.39112              103.39112
              1        56.51847      0.81127943       1.0169326         13.161259           12.188959      0.99035477      0.72727272     -0.46206274       4.7082995        4.7082995       103.62034              103.62034
              4       56.785006      0.81127943       1.0368074         13.163354           12.185414      0.98992554       0.7215691     -0.45274096       4.7082995        4.7082995       104.15341              104.15341
              1       56.800034      0.81127943       1.0367966         13.162789           12.185574      0.98997203      0.72146846     -0.45262852       4.7082995        4.7082995       104.18347              104.18347
              2       56.949937      0.81127943       1.0437535         13.163635           12.187653      0.99028326      0.72063833     -0.45296417       4.7082995        4.7082995       104.48328              104.48328
              2       57.003056      0.81127943       1.0474212         13.163079           12.184455      0.99047364      0.71991154     -0.45015165       4.7082995        4.7082995       104.58951              104.58951
              2       57.002243      0.81127943        1.041101         13.162665           12.190304      0.98960439      0.72239495     -0.46272481       4.7082995        4.7082995       104.58789              104.58789
              1       57.115553      0.80647013        1.041101         13.162665           12.190304      0.98960439      0.72239495     -0.46272481       4.7082995        4.7082995       104.81451              104.81451
              1       57.886158      0.80647013       1.0565149         13.174534           12.192416      0.98574982       0.7163498     -0.46622369       4.7082995        4.7082995       106.35572              106.35572
              4        57.63398      0.80647013       1.0596123         13.173179           12.192003      0.98520758      0.71770092     -0.46636532       4.7082995        4.7082995       105.85136              105.85136
              1       57.802529      0.80647013       1.0588064         13.171494           12.189066      0.98619414      0.71721614     -0.46067132       4.7082995        4.7082995       106.18846              106.18846
              1       57.657221      0.80647013       1.0608778          13.16626           12.189245      0.98654633      0.71667494     -0.46791085       4.7082995        4.7082995       105.89784              105.89784
              1       57.351868      0.80647013       1.0615852         13.165071           12.191328      0.98673252      0.71963303     -0.46472023       4.7082995        4.7082995       105.28714              105.28714
              1       57.937442      0.80647013        1.068217         13.175131           12.192624      0.99492646      0.72412003     -0.48316735       4.7082995        4.7082995       106.45829              106.45829
              2       57.871889      0.80647013       1.0611475         13.174885           12.192716      0.99502907      0.72470186     -0.48451608       4.7082995        4.7082995       106.32718              106.32718
              3       57.977125      0.80647013       1.0610771         13.171993           12.189935      0.99578531      0.72489304     -0.48715489       4.7082995        4.7082995       106.53765              106.53765
              1       57.439565      0.80647013       1.0773676         13.168055           12.186226      0.99518466      0.72428861      -0.4591704       4.7082995        4.7082995       105.46253              105.46253
              2       58.113939      0.80647013       1.0866667         13.171116           12.181991      0.99370054      0.72286977     -0.46602411       4.7082995        4.7082995       106.81128              106.81128
              3       58.685649      0.80647013       1.0837546         13.170269           12.179887      0.99115079      0.72154042     -0.46199565       4.7082995        4.7082995        107.9547               107.9547
              2       59.398112      0.80647013       1.0842556         13.171117           12.178365      0.99210062      0.71959987     -0.45163183       4.7082995        4.7082995       109.37963              109.37963
              1       60.045054      0.80647013       1.0919817          13.17477            12.17864      0.99147008      0.72097339     -0.45056584       4.7082995        4.7082995       110.67351              110.67351
              2       59.091192      0.80647013       1.0605007         13.188649           12.193253      0.99068375       0.7216239     -0.44271346       4.7082995        4.7082995       108.76579              108.76579
              1       59.122899      0.80647013       1.0646021         13.193204           12.195388        0.993438      0.72199458     -0.44913105       4.7082995        4.7082995        108.8292               108.8292
              4       58.574241      0.80647013        1.069518         13.193315           12.198225      0.99357221      0.72241422     -0.44036435       4.7082995        4.7082995       107.73188              107.73188
              1       58.640558      0.80647013       1.0783407           13.1993           12.218997      0.98614465      0.72272881     -0.46971852       4.7082995        4.7082995       107.86452              107.86452
              5       58.141077      0.80647013       1.0778652         13.197938           12.215801      0.98691483      0.72292725     -0.46715972       4.7082995        4.7082995       106.86556              106.86556
              1       58.353833      0.80647013       1.0641215         13.194434           12.211783      0.98270271      0.71193659     -0.46214175       4.7082995        4.7082995       107.29107              107.29107
              2       57.864484      0.80647013       1.0434552         13.193551           12.212889      0.98324951      0.71631799     -0.46780492       4.7082995        4.7082995       106.31237              106.31237
              1       58.733595      0.80647013       1.0417078         13.193473           12.207958      0.98276901       0.7123474     -0.47347561       4.7082995        4.7082995       108.05059              108.05059
              1       58.555498      0.80647013       1.0099495         13.187738           12.208666      0.98496083      0.71056515     -0.46548688       4.7082995        4.7082995        107.6944               107.6944
              1       58.552956      0.80647013       1.0098073         13.187882           12.208646      0.98498796      0.71066779     -0.46572608       4.7082995        4.7082995       107.68931              107.68931
              5       58.513244      0.80647013       1.0101743         13.187639           12.208294      0.98512918      0.71091319     -0.46559101       4.7082995        4.7082995       107.60989              107.60989
              1       58.599613      0.80647013       1.0071973         13.189581           12.214613      0.98011835      0.70970646     -0.46959515       4.7082995        4.7082995       107.78263              107.78263
              1       59.040153      0.80647013       1.0052184          13.19032           12.215426      0.98036118      0.70646504     -0.46524928       4.7082995        4.7082995       108.66371              108.66371
              3       59.164674      0.80647013      0.97924836         13.205947           12.230817      0.98489934      0.71723256     -0.47342923       4.7082995        4.7082995       108.91275              108.91275
              1       62.097769      0.80647013      0.97545326          13.19425           12.231534      0.98681805      0.71843441     -0.44765105       4.7082995        4.7082995       114.77894              114.77894
              2       61.073349      0.80647013      0.98323776         13.193817           12.227279      0.98878745      0.71725913     -0.45026213       4.7082995        4.7082995        112.7301               112.7301
              1       60.932838      0.80647013      0.98195955          13.19661           12.228747      0.98998017      0.72021302      -0.4483153       4.7082995        4.7082995       112.44908              112.44908
              6       61.352582      0.80647013       0.9892693         13.195509           12.229247      0.98926993      0.72363652       -0.448609       4.7082995        4.7082995       113.28856              113.28856
              1       57.554902      0.80647013      0.97037189         13.200879           12.215887      0.99606679       0.7276807     -0.44313736       4.7082995        4.7082995        105.6932               105.6932
              1       57.609099      0.80647013      0.96968717         13.201383           12.216779       0.9961659      0.72803503     -0.44289473       4.7082995        4.7082995        105.8016               105.8016
              5       58.495553      0.80647013      0.99247771         13.209448           12.216452      0.99757774      0.72376578      -0.4302647       4.7082995        4.7082995       107.57451              107.57451
              1       58.719319      0.80647013       0.9991898         13.211465           12.217547      0.99489363      0.72101326     -0.42487427       4.7082995        4.7082995       108.02204              108.02204
              1       58.612598      0.80647013       1.0011171          13.21317           12.217801      0.99460486      0.72217102     -0.43126248       4.7082995        4.7082995        107.8086               107.8086
              1       58.418491      0.80647013       1.0022795         13.212325           12.218666      0.99457407      0.72284612     -0.43115181       4.7082995        4.7082995       107.42038              107.42038
              2       58.475976      0.80647013       1.0042611         13.211567           12.217171      0.99453848      0.72296137      -0.4314777       4.7082995        4.7082995       107.53535              107.53535
              1       58.464267      0.80647013       1.0047281         13.209246           12.217285      0.99452591       0.7212537     -0.42756988       4.7082995        4.7082995       107.51194              107.51194
              1       58.158297      0.80647013       1.0210197         13.202324            12.21472      0.99494171      0.72011282     -0.44761991       4.7082995        4.7082995       106.89999              106.89999
              1       58.334169      0.80647013       1.0195102         13.203234           12.211533      0.99368987      0.71802904      -0.4486472       4.7082995        4.7082995       107.25174              107.25174
              2       57.874757      0.80647013       1.0207762         13.198331           12.220465       0.9876568      0.72482836     -0.45009309       4.7082995        4.7082995       106.33291              106.33291
              2       58.291026      0.80647013        1.022579         13.199459           12.221859      0.98757311      0.72323647     -0.45058099       4.7082995        4.7082995       107.16545              107.16545
              1        57.93698      0.80647013       1.0111004         13.215088           12.222768      0.98810044      0.72025767     -0.45779829       4.7082995        4.7082995       106.45736              106.45736
              1       58.133265      0.80647013       1.0135311            13.216           12.228784      0.98754552      0.71725354     -0.44679423       4.7082995        4.7082995       106.84993              106.84993
              2       58.162213      0.80647013       1.0052452         13.215012           12.227315      0.98742903      0.71668624     -0.44219082       4.7082995        4.7082995       106.90783              106.90783
              2       58.523502      0.80647013       1.0118481         13.218304           12.223977      0.99164493      0.72177767     -0.42656382       4.7082995        4.7082995       107.63041              107.63041
              2       58.678252      0.80647013       1.0078057         13.215329           12.229641      0.99172173      0.72218909     -0.43235128       4.7082995        4.7082995        107.9399               107.9399
              1       58.688118      0.80647013       1.0083165         13.215386           12.229651      0.99176745      0.72178812     -0.43288197       4.7082995        4.7082995       107.95964              107.95964
              3       59.224782      0.81034702       1.0083165         13.215386           12.229651      0.99176745      0.72178812     -0.43288197       4.7082995        4.7082995       109.03296              109.03296
              2       59.178021      0.81034702       1.0090989          13.21854           12.230801      0.99273176      0.72374903     -0.43453538       4.7082995        4.7082995       108.93944              108.93944
              5       59.736136      0.81034702       1.0191363         13.215781           12.234213      0.98952618      0.72478945     -0.44949612       4.7082995        4.7082995       110.05567              110.05567
              1       58.728695      0.81034702        1.004644         13.229343           12.242259      0.98835762      0.72984355      -0.4542175       4.7082995        4.7082995       108.04079              108.04079
              1       58.133993      0.81034702       1.0067793          13.23278           12.240858      0.98881647      0.73163885     -0.45220263       4.7082995        4.7082995       106.85139              106.85139
              2       58.059865      0.81034702       1.0060868         13.231349            12.23884      0.98910312      0.73203331     -0.45035838       4.7082995        4.7082995       106.70313              106.70313
              3       58.134041      0.81034702       1.0064693         13.231515           12.238872      0.98891962       0.7313266     -0.44824331       4.7082995        4.7082995       106.85148              106.85148
              1       58.007261      0.81034702      0.98186279         13.235778           12.234805      0.98526633      0.73358302      -0.4497932       4.7082995        4.7082995       106.59792              106.59792
              3       58.384759      0.81034702      0.95469619         13.226312           12.243345      0.98460274      0.73101054     -0.44157223       4.7082995        4.7082995       107.35292              107.35292
              1       58.287895      0.81034702      0.96044755         13.221251           12.239868      0.98340696      0.72756727     -0.43815129       4.7082995        4.7082995       107.15919              107.15919
              2       57.630453      0.81034702      0.95542118         13.229701           12.240143      0.98256125      0.71577182     -0.43345869       4.7082995        4.7082995       105.84431              105.84431
              1       57.912756      0.81034702      0.95701788         13.229635           12.240528      0.98331601      0.71570353     -0.42864865       4.7082995        4.7082995       106.40891              106.40891
              1       58.108057      0.81034702      0.94629045          13.22385           12.239969      0.98339873      0.71423234     -0.42639888       4.7082995        4.7082995       106.79952              106.79952
              2       58.631775      0.81034702      0.95922252         13.218631           12.239038      0.98239243      0.70590866     -0.44018517       4.7082995        4.7082995       107.84695              107.84695
              1       58.515771      0.81034702      0.95928683         13.218491           12.238699      0.98227845      0.70629395     -0.44054362       4.7082995        4.7082995       107.61494              107.61494
              2       58.683577      0.81034702      0.95936381         13.218276           12.239502      0.98210987      0.70656822     -0.44071751       4.7082995        4.7082995       107.95055              107.95055
              1       58.038221      0.81034702      0.95119412         13.224273           12.237478      0.97716948      0.70012126     -0.43232882       4.7082995        4.7082995       106.65984              106.65984
              2       57.729718      0.81034702      0.96579445         13.219599           12.232418      0.97570119      0.70264219     -0.43655178       4.7082995        4.7082995       106.04284              106.04284
              1       58.238812      0.81034702      0.96683872         13.220768           12.231401      0.97446498      0.69967491     -0.42958467       4.7082995        4.7082995       107.06103              107.06103
              6       57.091962      0.81034702      0.95779534         13.219978           12.240004      0.96919262      0.70945518      -0.4294003       4.7082995        4.7082995       104.76732              104.76732
              1       57.621566      0.81034702      0.95314894         13.214497           12.239988       0.9693324      0.70771219     -0.42239927       4.7082995        4.7082995       105.82653              105.82653
              2       57.567316      0.81034702      0.95062774         13.216479           12.238777      0.97158315      0.70360952     -0.42308572       4.7082995        4.7082995       105.71803              105.71803
              1       57.624465      0.81034702      0.95243516         13.215285           12.238998       0.9715091      0.70258293     -0.42660928       4.7082995        4.7082995       105.83233              105.83233
              1       57.599541      0.81034702      0.95457119         13.205713           12.219121       0.9761604      0.72002168     -0.44030439       4.7082995        4.7082995       105.78248              105.78248
              3       57.735344      0.81034702      0.95079594         13.206058           12.219141      0.97610046      0.72086619     -0.44014128       4.7082995        4.7082995       106.05409              106.05409
              1       57.408118      0.81034702      0.96388781         13.215319           12.236342      0.96997713      0.72847597     -0.43777102       4.7082995        4.7082995       105.39964              105.39964
              4       57.173716      0.81034702      0.96507261         13.207896           12.233841      0.96779746      0.73228726     -0.44539516       4.7082995        4.7082995       104.93083              104.93083
              2       57.998526      0.81034702      0.96240036         13.207572           12.238061      0.96716902      0.73052625     -0.44100301       4.7082995        4.7082995       106.58045              106.58045
              3       57.980722      0.81034702      0.96235599         13.206397            12.23853      0.96679066      0.73074876     -0.44417457       4.7082995        4.7082995       106.54484              106.54484
              1       56.786546      0.79831013      0.96235599         13.206397            12.23853      0.96679066      0.73074876     -0.44417457       4.7082995        4.7082995       104.15649              104.15649
              1       57.236662      0.79831013      0.96280415         13.212325           12.238176      0.96589599      0.73012837      -0.4501912       4.7082995        4.7082995       105.05672              105.05672
              1       57.141199      0.79831013      0.97316719         13.210556           12.239932      0.96458073      0.72789538     -0.45099268       4.7082995        4.7082995        104.8658               104.8658
              2       57.304392      0.79831013      0.97107284         13.209931           12.240445      0.96453168      0.72673024     -0.45306843       4.7082995        4.7082995       105.19219              105.19219
              2       56.357336      0.79831013      0.96567745         13.206749           12.244971      0.96182568      0.73725552      -0.4613571       4.7082995        4.7082995       103.29807              103.29807
              2        56.37562      0.79831013      0.96579481         13.206764           12.245061      0.96187394      0.73728566     -0.46150114       4.7082995        4.7082995       103.33464              103.33464
              1        56.38332      0.79831013      0.97224344         13.211623           12.248315      0.96121954        0.737717     -0.45854958       4.7082995        4.7082995       103.35004              103.35004
              3       56.384655      0.79831013      0.97221229         13.211628           12.248317      0.96115973      0.73762895     -0.45880537       4.7082995        4.7082995       103.35271              103.35271
              1        55.72432      0.79831013       0.9816928         13.211155           12.239282      0.95810269      0.75162782     -0.46168651       4.7082995        4.7082995       102.03204              102.03204
              2       56.108651      0.79831013      0.98463041         13.214803           12.237535      0.96005211      0.75215715     -0.47392027       4.7082995        4.7082995        102.8007               102.8007
              3       55.519891      0.79831013      0.95375259          13.20879           12.243429      0.95647833      0.74743325     -0.45317305       4.7082995        4.7082995       101.62318              101.62318
              1        55.75166      0.79831013      0.95670512         13.206742           12.243441      0.95638571      0.75085841     -0.44844597       4.7082995        4.7082995       102.08672              102.08672
              1       56.002828      0.79831013      0.94660729          13.21312           12.252123       0.9576732      0.75869764       -0.453263       4.7082995        4.7082995       102.58906              102.58906
              1       55.967655      0.79831013      0.94743824         13.216371           12.250611      0.95628326      0.75967175     -0.45163721       4.7082995        4.7082995       102.51871              102.51871
              1       54.831387      0.79831013      0.90883522         13.214278           12.248193      0.95882342      0.75463378     -0.47875166       4.7082995        4.7082995       100.24618              100.24618
              3       54.838636      0.79831013      0.90098417         13.216757           12.251904      0.95840474      0.75433986     -0.47042532       4.7082995        4.7082995       100.26067              100.26067
              2       54.714344      0.79831013      0.90231372           13.2166           12.254546        0.958013      0.75440476     -0.47417752       4.7082995        4.7082995       100.01209              100.01209
              2        54.73613      0.79831013      0.90423954         13.219986           12.255303      0.95949362      0.75566707     -0.47570549       4.7082995        4.7082995       100.05566              100.05566
              2       54.511983      0.79831013       0.9196277         13.213071           12.250743      0.95728933      0.75520885     -0.48267988       4.7082995        4.7082995       99.607367              99.607367
              3       55.367974      0.79831013      0.92177168         13.212445            12.25505      0.95673174      0.74880155     -0.48063931       4.7082995        4.7082995       101.31935              101.31935
              4       54.650949      0.79831013      0.89355525         13.209081           12.253551      0.94918505      0.75098686     -0.46658285       4.7082995        4.7082995       99.885299              99.885299
              1       54.776655      0.79831013      0.89554569         13.208701           12.254564      0.94932518      0.74930771     -0.46439792       4.7082995        4.7082995       100.13671              100.13671
              1       55.143597      0.79831013      0.88190489          13.20627           12.252248      0.94665843      0.74709443     -0.45189962       4.7082995        4.7082995        100.8706               100.8706
              3       55.357237      0.79831013      0.87235058         13.209432           12.255811      0.94851452      0.74846771     -0.44635232       4.7082995        4.7082995       101.29787              101.29787
              1       55.362918      0.79831013      0.87310844         13.209685           12.256347      0.94896336      0.74866817     -0.44657413       4.7082995        4.7082995       101.30924              101.30924
              2       55.271511      0.79831013      0.87353469         13.209705           12.256379      0.94896829      0.74767039     -0.44807342       4.7082995        4.7082995       101.12642              101.12642
              2       55.528485      0.79831013      0.88226403         13.209975            12.25435        0.948916      0.74663769     -0.44300741       4.7082995        4.7082995       101.64037              101.64037
              2       56.032613      0.79831013      0.88215636         13.213544           12.261184      0.94764347      0.74393321     -0.43516672       4.7082995        4.7082995       102.64863              102.64863
              1       56.049919      0.79831013       0.8814268         13.213876           12.261304      0.94766996      0.74383914     -0.43453239       4.7082995        4.7082995       102.68324              102.68324
              1       56.520829      0.79831013       0.8681393         13.212719           12.250332      0.95006089       0.7334812     -0.44773519       4.7082995        4.7082995       103.62506              103.62506
              1       56.534868      0.79831013      0.86837651         13.213717           12.252283      0.94902049      0.73091453     -0.45146377       4.7082995        4.7082995       103.65314              103.65314
              1        55.67346      0.80149818      0.86837651         13.213717           12.252283      0.94902049      0.73091453     -0.45146377       4.7082995        4.7082995       101.93032              101.93032
              1       55.396541      0.80149818      0.84612544         13.210205           12.260914      0.95084915      0.73892435     -0.47338904       4.7082995        4.7082995       101.37648              101.37648
              1       54.768056      0.80149818      0.85225007         13.218805           12.258995      0.95167931      0.74196291      -0.4819646       4.7082995        4.7082995       100.11951              100.11951
              1       55.313016      0.80149818      0.85520183         13.205636           12.253605      0.95444872      0.73917663     -0.48398582       4.7082995        4.7082995       101.20943              101.20943
              2       55.041487      0.80149818       0.8611874         13.204756           12.252952       0.9536803      0.74108754     -0.48220525       4.7082995        4.7082995       100.66638              100.66638
              4       55.049977      0.80149818      0.86120741         13.204742           12.253039      0.95370564      0.74111761     -0.48202878       4.7082995        4.7082995       100.68336              100.68336
              1       54.775038      0.80149818      0.86484932         13.202773           12.249572      0.95404313      0.74182289     -0.47958205       4.7082995        4.7082995       100.13348              100.13348
              2       54.987793      0.80149818      0.88112027         13.207091            12.25275      0.95649821      0.74565188     -0.48477486       4.7082995        4.7082995       100.55899              100.55899
              1       54.882226      0.80149818      0.87607127         13.213718           12.252361      0.95665101      0.75029309     -0.46401386       4.7082995        4.7082995       100.34785              100.34785
              2        55.13092      0.80149818      0.88107047         13.211701           12.254322      0.95417136      0.75548107     -0.46425987       4.7082995        4.7082995       100.84524              100.84524
              1       54.870147      0.80149818         0.87478         13.213336           12.251375      0.95440289       0.7593505      -0.4716004       4.7082995        4.7082995        100.3237               100.3237
              3       55.021042      0.80149818       0.8830197         13.219012           12.256622      0.95397135      0.76164893      -0.4709826       4.7082995        4.7082995       100.62549              100.62549
              2       54.914466      0.80149818      0.88184437         13.219723           12.257188      0.95565901      0.76175027     -0.47269833       4.7082995        4.7082995       100.41233              100.41233
              1       55.028397      0.80149818      0.88616006         13.221652           12.254939      0.95592304        0.758366     -0.46973382       4.7082995        4.7082995       100.64019              100.64019
              1       55.247117      0.80149818      0.87981534         13.222007           12.257716      0.95589369       0.7563032     -0.46234329       4.7082995        4.7082995       101.07763              101.07763
              2       55.095091      0.80149818      0.88420841         13.227391           12.255958      0.95688896      0.74856648     -0.47424855       4.7082995        4.7082995       100.77358              100.77358
              1       55.888836      0.80149818      0.88208704         13.229179             12.2539      0.95590244       0.7495508     -0.47520029       4.7082995        4.7082995       102.36107              102.36107
              3       55.450126      0.80149818      0.87471883         13.229558           12.255315      0.95689203      0.75219425     -0.48287364       4.7082995        4.7082995       101.48365              101.48365
              1       54.907553      0.80149818      0.88410734         13.217821           12.248889      0.95568662      0.75306635     -0.50162974       4.7082995        4.7082995       100.39851              100.39851
              2       54.697672      0.80149818      0.88577062         13.219635           12.251082      0.95490829      0.75303638     -0.49583877       4.7082995        4.7082995       99.978745              99.978745
              3       55.217001      0.80149818      0.89911165         13.225434           12.257382      0.95882687      0.74663511     -0.50344709       4.7082995        4.7082995        101.0174               101.0174
              3       55.220803      0.80149818      0.89946644         13.225346           12.257286      0.95881114      0.74655585      -0.5033475       4.7082995        4.7082995       101.02501              101.02501
              1       55.075345      0.80149818      0.89594334         13.222054           12.259253      0.95868074      0.74966636     -0.50366082       4.7082995        4.7082995       100.73409              100.73409
              1       55.253474      0.80149818      0.88519702         13.219916           12.248878      0.95709343      0.75110853      -0.4797725       4.7082995        4.7082995       101.09035              101.09035
              1       56.786926      0.80149818      0.87936527         13.225151           12.247551      0.95660408      0.75558445     -0.48472138       4.7082995        4.7082995       104.15725              104.15725
              2       56.692275      0.80149818      0.88686047         13.225045           12.248258      0.95385237      0.75642098     -0.48493275       4.7082995        4.7082995       103.96795              103.96795
              1       57.649843      0.80149818      0.89047859         13.224737           12.247169      0.95427667      0.75791842      -0.4849635       4.7082995        4.7082995       105.88309              105.88309
              1       58.068892      0.80149818      0.90847943         13.231473           12.248747      0.95427529      0.76283229     -0.47384445       4.7082995        4.7082995       106.72118              106.72118
              2        57.11693      0.80149818      0.90367629         13.239162           12.253337      0.95894662      0.76393561     -0.48924403       4.7082995        4.7082995       104.81726              104.81726
              1       58.883204      0.80149818      0.89549324         13.241778           12.252488      0.95852475      0.76579847     -0.48514595       4.7082995        4.7082995       108.34981              108.34981
              2       59.009584      0.80149818      0.89505341         13.240626           12.251578      0.95957368      0.76546686     -0.48053576       4.7082995        4.7082995       108.60257              108.60257
              1          58.758      0.80149818      0.89478172         13.241148           12.252413      0.95950066      0.76407004      -0.4793663       4.7082995        4.7082995        108.0994               108.0994
              1       55.780675      0.80149818      0.89584869           13.2442           12.261327      0.95935932      0.76985335     -0.49147008       4.7082995        4.7082995       102.14475              102.14475
              3       55.601171      0.80149818      0.90347515         13.237801           12.255715       0.9580472      0.77272076     -0.50792182       4.7082995        4.7082995       101.78574              101.78574
              6       55.317405      0.80149818      0.93001982         13.227528           12.263167      0.96173114      0.77100762     -0.49834243       4.7082995        4.7082995       101.21821              101.21821
              3       54.941021      0.80149818      0.93510138         13.228075           12.262115      0.96137823      0.76987168     -0.50031078       4.7082995        4.7082995       100.46544              100.46544
              3       56.183548      0.80149818      0.94304139         13.232547           12.267252       0.9626858      0.77254463     -0.49785027       4.7082995        4.7082995        102.9505               102.9505
              1       55.322871      0.80149818      0.94276934         13.233134           12.265135       0.9622728      0.77373525      -0.4999372       4.7082995        4.7082995       101.22914              101.22914
              2       55.362546      0.80149818      0.96218251         13.247069           12.272295       0.9620376      0.77464707     -0.51258772       4.7082995        4.7082995       101.30849              101.30849
              3       55.108892      0.80149818      0.95507066          13.25562           12.268416      0.96360964      0.77401185     -0.49551897       4.7082995        4.7082995       100.80119              100.80119
              1       54.622185      0.80149818      0.96623944         13.256628           12.269827      0.96332777      0.77085841     -0.50506327       4.7082995        4.7082995       99.827772              99.827772
              4       55.316335      0.80149818      0.94299579         13.256738           12.267135      0.96788191      0.77133072     -0.53779507       4.7082995        4.7082995       101.21607              101.21607
              1       55.149556      0.80149818      0.93590722         13.255738           12.273964      0.96568189      0.77265278     -0.54259744       4.7082995        4.7082995       100.88251              100.88251
              1       55.381729      0.80149818      0.92612214         13.261319            12.27042      0.96632704      0.77342653     -0.53811259       4.7082995        4.7082995       101.34686              101.34686
              3       55.389881      0.80149818      0.92610898         13.261324           12.270396      0.96632605      0.77344267     -0.53824546       4.7082995        4.7082995       101.36316              101.36316
              1       55.277025      0.80149818      0.92340379         13.260661           12.270872      0.96605954       0.7734143     -0.53836789       4.7082995        4.7082995       101.13745              101.13745
              1       55.224782      0.80149818      0.92592453         13.258883           12.267329      0.96455199      0.77869841     -0.53344279       4.7082995        4.7082995       101.03296              101.03296
              1       55.309978      0.80149818      0.92495709         13.256695            12.26541        0.965269      0.77791028     -0.53275878       4.7082995        4.7082995       101.20336              101.20336
              1       55.456601      0.80149818      0.89554774          13.26745           12.279675      0.96812271      0.77367036     -0.53914216       4.7082995        4.7082995        101.4966               101.4966
              3       56.028535      0.80149818      0.89596469         13.269509            12.27716       0.9690059      0.77646961     -0.54723105       4.7082995        4.7082995       102.64047              102.64047
              2       55.534799      0.80149818      0.88769472         13.263244           12.278574      0.96840204      0.77943526     -0.55333781       4.7082995        4.7082995         101.653                101.653
              4        55.57257      0.80149818      0.90146603         13.267097            12.28807      0.96568774      0.78726864     -0.55707857       4.7082995        4.7082995       101.72854              101.72854
              2       55.181846      0.80149818      0.91018306         13.271627           12.287793       0.9653013      0.78414085     -0.55295335       4.7082995        4.7082995       100.94709              100.94709
              3       54.711109      0.80149818      0.91208312         13.275806           12.283422      0.95997652      0.79766799     -0.54794466       4.7082995        4.7082995       100.00562              100.00562
              2       54.580571      0.80149818      0.91001773         13.277521           12.285646      0.95830133      0.79515362      -0.5485921       4.7082995        4.7082995       99.744543              99.744543
              1       54.146951      0.80149818      0.92786609         13.271528           12.290892      0.95590589      0.80261676     -0.55789682       4.7082995        4.7082995       98.877304              98.877304
              1       54.834705      0.80149818       0.9267119         13.269976           12.293315      0.95673574      0.80074687     -0.56199058       4.7082995        4.7082995       100.25281              100.25281
              4       54.605247      0.80149818      0.91691231         13.276059           12.295715      0.95725501      0.80754906     -0.57256528       4.7082995        4.7082995       99.793895              99.793895
              1       54.526137      0.80149818      0.93502633         13.289928           12.295664      0.95837016      0.79905175     -0.54517996       4.7082995        4.7082995       99.635674              99.635674
              3        54.51797      0.80149818      0.93779004         13.290252           12.297516      0.95801284      0.80037412     -0.54564727       4.7082995        4.7082995       99.619342              99.619342
              3       54.144432      0.80149818      0.94039772         13.285328            12.29671      0.95354974      0.79427343     -0.54043146       4.7082995        4.7082995       98.872265              98.872265
              1        53.65066      0.80149818       0.9515978         13.277604           12.292501       0.9460111      0.78131885     -0.54277497       4.7082995        4.7082995       97.884721              97.884721
              3        53.69794      0.80149818      0.95888673         13.281366           12.295865      0.94493136      0.78309958     -0.53424239       4.7082995        4.7082995        97.97928               97.97928
              2       53.700499      0.80149818      0.95844538         13.282731           12.295964      0.94488775      0.78239548     -0.53597806       4.7082995        4.7082995       97.984398              97.984398
              1       54.430143      0.80149818      0.96423263         13.288503           12.294729      0.94562047      0.77793789     -0.54670928       4.7082995        4.7082995       99.443686              99.443686
              1       54.210612      0.80149818      0.97840753         13.282061           12.296877      0.94481476      0.77236368     -0.54602405       4.7082995        4.7082995       99.004625              99.004625
              1       53.943297      0.80149818       0.9868215         13.281533           12.294416       0.9436518      0.77820538     -0.55318163       4.7082995        4.7082995       98.469994              98.469994
              4        53.96861      0.80149818      0.99499181         13.280636           12.289638      0.94703494        0.779779     -0.54534531       4.7082995        4.7082995        98.52062               98.52062
              1       53.957367      0.80149818      0.99523247         13.280655           12.289723      0.94700606      0.77987729     -0.54522263       4.7082995        4.7082995       98.498134              98.498134
              1       53.998805      0.80149818      0.99567151         13.275456            12.29121      0.94673412       0.7824603     -0.55697126       4.7082995        4.7082995       98.581011              98.581011
              1       54.043743      0.80149818       1.0006684         13.271953           12.289305      0.94771294      0.78207905     -0.55244988       4.7082995        4.7082995       98.670888              98.670888
              7       54.251237      0.80149818       1.0032467         13.271785           12.289768      0.94730749      0.77975762     -0.55362948       4.7082995        4.7082995       99.085875              99.085875
              2       53.825378      0.80149818      0.97119932         13.257374           12.275833      0.95150664      0.77237461     -0.52736669       4.7082995        4.7082995       98.234158              98.234158
              2       53.867818      0.80149818      0.97041909         13.257714            12.27629      0.95180069      0.77149488     -0.52876589       4.7082995        4.7082995       98.319037              98.319037
              1       53.951535      0.80149818       0.9728567         13.256507           12.276276      0.95279158      0.77072385     -0.52905319       4.7082995        4.7082995       98.486472              98.486472
              2       54.205084      0.80149818       0.9894065         13.268362            12.28129      0.95397324      0.77347256     -0.51641127       4.7082995        4.7082995       98.993569              98.993569
              1       55.795882      0.80149818      0.99609362          13.26478           12.289183      0.95262227      0.77383494      -0.5214091       4.7082995        4.7082995       102.17517              102.17517
              3       53.963518      0.80149818       1.0162608         13.266366           12.280713       0.9514126      0.77970377     -0.54260093       4.7082995        4.7082995       98.510437              98.510437
              1       53.930702      0.80149818       1.0097877         13.270709           12.283151      0.94770267      0.77873684     -0.52931144       4.7082995        4.7082995       98.444806              98.444806
              1       54.584953      0.80149818      0.99909412         13.282227           12.285784      0.95158662       0.7752646     -0.52541393       4.7082995        4.7082995       99.753307              99.753307
              3       54.550694      0.80149818      0.98813573         13.282668           12.286349      0.95120313      0.78084064     -0.53279616       4.7082995        4.7082995       99.684788              99.684788
              3        54.55402      0.80149818      0.98813086         13.282669           12.286349      0.95120172      0.78083244     -0.53281166       4.7082995        4.7082995       99.691441              99.691441
              1       54.595359      0.80149818      0.98212221         13.285747           12.288695      0.95144002      0.78183023      -0.5323892       4.7082995        4.7082995       99.774119              99.774119
              2       53.915195      0.80149818       0.9773376         13.281097           12.293566      0.94946167      0.78206582     -0.54744283       4.7082995        4.7082995       98.413791              98.413791
              4       53.899086      0.80149818      0.97764228         13.281259           12.293503      0.94937023      0.78231692     -0.54750392       4.7082995        4.7082995       98.381573              98.381573
              1       54.230097      0.80149818       0.9681474         13.284502           12.294473      0.95067772      0.77253447     -0.53466283       4.7082995        4.7082995       99.043595              99.043595
              1       54.155446      0.80149818      0.96435098         13.283186           12.296113      0.95022269      0.77333783     -0.53302917       4.7082995        4.7082995       98.894292              98.894292
              2       54.240404      0.80149818      0.96432823         13.280553            12.29522       0.9516546      0.77448419     -0.53026738       4.7082995        4.7082995       99.064209              99.064209
              1       54.203176      0.80149818      0.95600661         13.278111           12.290238      0.95119317      0.77260729     -0.53699317       4.7082995        4.7082995       98.989753              98.989753
              2       54.212328      0.80149818       0.9605286         13.275378           12.289134      0.95122262      0.77056767     -0.53447778       4.7082995        4.7082995       99.008056              99.008056
              2        54.29479      0.80149818      0.95620064         13.273877           12.284684      0.94786808      0.77374027     -0.52976163       4.7082995        4.7082995        99.17298               99.17298
              2       54.481699      0.80149818      0.95533547         13.275475           12.285115      0.94781023      0.77248705     -0.52454856       4.7082995        4.7082995         99.5468                99.5468
              1       54.045348      0.80149818      0.95925933         13.275314           12.294044       0.9444807       0.7672645     -0.53259959       4.7082995        4.7082995       98.674097              98.674097
              1       54.148555      0.80149818      0.96176231         13.266212           12.289361      0.94429327       0.7686742     -0.50661447       4.7082995        4.7082995       98.880511              98.880511
              1       54.426197      0.80149818       0.9654408         13.261677           12.289968      0.94299681      0.76719164     -0.51279753       4.7082995        4.7082995       99.435794              99.435794
              2       53.799927      0.80149818      0.94290298         13.261086           12.283271      0.94143133      0.76404944     -0.51588256       4.7082995        4.7082995       98.183255              98.183255
              3       53.589547      0.80149818       0.9362401         13.259435           12.286101      0.94035042      0.77413472     -0.51789737       4.7082995        4.7082995       97.762494              97.762494
              5        54.20647      0.80149818      0.91157014         13.258013           12.281321      0.94192367      0.78718747     -0.52515243       4.7082995        4.7082995        98.99634               98.99634
              2       53.849364      0.80149818      0.92246685         13.259402           12.291712      0.93685129      0.79741821     -0.54455377       4.7082995        4.7082995       98.282128              98.282128
              1       53.368724      0.80149818      0.92345077         13.255818           12.289455      0.93772989      0.78296318     -0.54318168       4.7082995        4.7082995       97.320849              97.320849
              1       53.254528      0.80149818      0.92121611         13.241249           12.274587      0.93596371      0.78766697     -0.56511346       4.7082995        4.7082995       97.092457              97.092457
              2       53.137552      0.80149818      0.92429364         13.240595           12.274897       0.9353115      0.78762946     -0.56324952       4.7082995        4.7082995       96.858504              96.858504
              4       53.424541      0.80149818      0.91140722         13.236767           12.280429      0.93379521      0.78689337     -0.56434439       4.7082995        4.7082995       97.432483              97.432483
              1       53.438412      0.80149818      0.90404448         13.239683           12.281995      0.93437824      0.78713523     -0.56810955       4.7082995        4.7082995       97.460225              97.460225
              1       53.110164      0.80149818      0.90101561          13.24522            12.28485      0.93151217      0.77974554      -0.5532804       4.7082995        4.7082995       96.803729              96.803729
              1       53.253416      0.80149818      0.90012523         13.245659           12.282161      0.93100269      0.77852609     -0.55693886       4.7082995        4.7082995       97.090232              97.090232
              1       53.353824      0.80149818      0.90087774         13.244251           12.287071      0.92773283      0.78255941     -0.56622458       4.7082995        4.7082995        97.29105               97.29105
              2       53.815327      0.80149818       0.8950175         13.240479           12.287697      0.92770645      0.78076781     -0.56596866       4.7082995        4.7082995       98.214056              98.214056
              3        53.27167      0.80149818      0.89831606         13.238359           12.284264      0.92725629       0.7847546     -0.56478118       4.7082995        4.7082995        97.12674               97.12674
              1       53.961524      0.80149818      0.90013997          13.23663           12.287374      0.92660244      0.78553871     -0.56295875       4.7082995        4.7082995       98.506448              98.506448
              1       53.404942      0.80149818      0.90234428         13.241771           12.287752      0.92690929      0.78728116     -0.54848889       4.7082995        4.7082995       97.393284              97.393284
              1       53.239839      0.80149818       0.8782404         13.245958            12.28769      0.92301249      0.79187037     -0.55090518       4.7082995        4.7082995       97.063079              97.063079
              3       53.446565      0.80149818      0.87728065         13.243402           12.284886      0.92168786      0.78682334     -0.54370017       4.7082995        4.7082995        97.47653               97.47653
              1       53.176444      0.80149818      0.91144198         13.241622           12.284722      0.92010002      0.78413642     -0.56582754       4.7082995        4.7082995       96.936289              96.936289
              1       53.956363      0.80149818      0.90931075          13.25449           12.290493       0.9218558      0.77734787     -0.57328122       4.7082995        4.7082995       98.496127              98.496127
              3       53.880997      0.80149818      0.90995651         13.254996           12.290472      0.92205909      0.77860593      -0.5734222       4.7082995        4.7082995       98.345395              98.345395
              6       54.063851      0.80149818      0.90879312         13.252178           12.286522      0.92398589      0.77817959     -0.57264256       4.7082995        4.7082995       98.711103              98.711103
              1       54.174657      0.80149818      0.90666246         13.249589           12.289124      0.92411255      0.77532612     -0.57461482       4.7082995        4.7082995       98.932714              98.932714
              2       54.403082      0.80149818      0.91076797         13.251011           12.284414      0.92242304      0.78772285     -0.58650492       4.7082995        4.7082995       99.389564              99.389564
              7       53.645836      0.80149818      0.91013081         13.246386           12.285573      0.92257603      0.78928012     -0.58482406       4.7082995        4.7082995       97.875073              97.875073
              1       53.831303      0.80149818      0.91436926         13.253168           12.294398      0.91839122      0.79101718     -0.59208025       4.7082995        4.7082995       98.246007              98.246007
              1       53.981355      0.80149818      0.90592314         13.245138           12.287698      0.91595665      0.80869182     -0.60761253       4.7082995        4.7082995       98.546112              98.546112
              1       54.000344      0.80149818      0.90583078         13.245008           12.287653      0.91593143      0.80844546     -0.60823998       4.7082995        4.7082995       98.584089              98.584089
              3       54.429747      0.80149818      0.89267017         13.245785            12.29432      0.91842586      0.81050812     -0.61457919       4.7082995        4.7082995       99.442896              99.442896
              1       54.425551      0.80149818       0.8935119         13.245774           12.295748      0.91794511      0.80705385     -0.60872088       4.7082995        4.7082995       99.434503              99.434503
              1       54.091346      0.80149818      0.89237948         13.246998           12.296019      0.91853105      0.80864487     -0.60385834       4.7082995        4.7082995       98.766093              98.766093
              2       53.883021      0.80149818      0.89754128         13.253606           12.299296      0.91548961      0.81221936     -0.60555598       4.7082995        4.7082995       98.349443              98.349443
              2       54.287362      0.80149818       0.8937643         13.261747           12.301107      0.91760237      0.80703328     -0.61461592       4.7082995        4.7082995       99.158125              99.158125
              1        54.33346      0.80149818      0.89059713          13.26023           12.304318      0.91737755      0.80640868     -0.61085384       4.7082995        4.7082995       99.250321              99.250321
              4       54.732032      0.80149818      0.89202516         13.259824           12.305902      0.91879605      0.80944559     -0.61157931       4.7082995        4.7082995       100.04746              100.04746
              2       54.301606      0.80149818      0.89775523         13.264363           12.307417      0.91936495      0.80731153     -0.60517213       4.7082995        4.7082995       99.186614              99.186614
              1       54.282523      0.80149818      0.89837483         13.262999           12.307112      0.91978817      0.80809773     -0.60094864       4.7082995        4.7082995       99.148446              99.148446
              2       54.342818      0.80149818      0.92302921         13.260346           12.293065      0.91969561      0.80376482     -0.60859621       4.7082995        4.7082995       99.269037              99.269037
              7       54.402367      0.80149818      0.92008816         13.259688           12.293339      0.91996491       0.7974252     -0.60489081       4.7082995        4.7082995       99.388135              99.388135
              4       55.421559      0.80149818      0.92878273          13.25843           12.304901      0.91874391      0.78146631     -0.58179359       4.7082995        4.7082995       101.42652              101.42652
              1       54.868028      0.80149818      0.93402312         13.255887           12.300288      0.91899896      0.78059886      -0.5825772       4.7082995        4.7082995       100.31946              100.31946
              1       54.776206      0.80269058      0.93402312         13.255887           12.300288      0.91899896      0.78059886      -0.5825772       4.7082995        4.7082995       100.13581              100.13581
              2        53.97344      0.80269058      0.91544564         13.252625           12.296621      0.92083725      0.78469418     -0.58129691       4.7082995        4.7082995        98.53028               98.53028
              1       54.226459      0.80269058      0.92024917         13.253534           12.297501      0.92225544      0.78792037     -0.58443658       4.7082995        4.7082995        99.03632               99.03632
              1       55.594989      0.80269058      0.91900237         13.250262           12.298773      0.92105044      0.78935602     -0.59641439       4.7082995        4.7082995       101.77338              101.77338
              2       55.438727      0.80269058      0.92633968         13.246246           12.298276      0.91719468      0.80330214     -0.57661759       4.7082995        4.7082995       101.46086              101.46086
              1       55.093859      0.80269058      0.92577437         13.247016           12.297614      0.91762457      0.80392993     -0.57738226       4.7082995        4.7082995       100.77112              100.77112
              3       54.574763      0.80269058      0.90948864         13.245587           12.297073      0.91731364       0.7987448     -0.59063122       4.7082995        4.7082995       99.732927              99.732927
              3       54.195115      0.80269058      0.91933128         13.240244           12.288703       0.9139811      0.80703257     -0.61007706       4.7082995        4.7082995       98.973631              98.973631
              1       54.791405      0.80269058      0.93987703         13.240664           12.282844      0.91260135      0.79628623     -0.61216434       4.7082995        4.7082995       100.16621              100.16621
              1       54.504738      0.80269058      0.95070669         13.246734           12.292052      0.91170786      0.79721227     -0.60837556       4.7082995        4.7082995       99.592878              99.592878
              2       54.247398      0.80269058      0.95190394         13.248117           12.288663      0.90948716      0.80129435     -0.60479463       4.7082995        4.7082995       99.078196              99.078196
              1       54.823874      0.80269058      0.93882882         13.246072           12.293035      0.90581451       0.7959382     -0.61322994       4.7082995        4.7082995       100.23115              100.23115
              1       54.281546      0.80269058      0.92750939         13.251004           12.291655      0.90609434      0.79020856     -0.59182243       4.7082995        4.7082995       99.146492              99.146492
              1       54.975962      0.80269058      0.91287749         13.262445           12.306333      0.90312274      0.81711874     -0.59322178       4.7082995        4.7082995       100.53532              100.53532
              1       55.437345      0.80269058      0.91210993         13.263332           12.307334      0.90426369      0.81700748     -0.58330758       4.7082995        4.7082995       101.45809              101.45809
              2       55.335954      0.80269058      0.92312207         13.267166           12.314498      0.90376702      0.81259581      -0.5854898       4.7082995        4.7082995       101.25531              101.25531
              1       54.071466      0.80269058      0.91417158         13.277423           12.311585      0.90679952      0.81054414     -0.59749439       4.7082995        4.7082995       98.726333              98.726333
              2       54.043416      0.80269058      0.91090597         13.277619           12.311971      0.90636911      0.80951843     -0.59678111       4.7082995        4.7082995       98.670234              98.670234
              1       54.227869      0.80269058      0.90792262         13.275926           12.315311      0.90595095      0.81349627     -0.59313835       4.7082995        4.7082995        99.03914               99.03914
              1        54.66791      0.80269058       0.9208991         13.282624           12.323434      0.90651369      0.81261794     -0.59438901       4.7082995        4.7082995       99.919222              99.919222
              7       54.096881      0.80269058       0.9146627         13.286194           12.324208      0.90276174      0.81148307     -0.60150647       4.7082995        4.7082995       98.777162              98.777162
              3       53.731598      0.79775658       0.9146627         13.286194           12.324208      0.90276174      0.81148307     -0.60150647       4.7082995        4.7082995       98.046596              98.046596
              4        53.73749      0.79775658       0.9165215         13.286665           12.323408       0.9026852      0.81184147     -0.60079352       4.7082995        4.7082995       98.058382              98.058382
              3       53.928021      0.79775658      0.91420617         13.289184           12.323796      0.91052477      0.81122985     -0.60559055       4.7082995        4.7082995       98.439442              98.439442
              3       53.938559      0.80216564      0.91420617         13.289184           12.323796      0.91052477      0.81122985     -0.60559055       4.7082995        4.7082995       98.460518              98.460518
              1       53.843502      0.80216564      0.92350951         13.285443           12.319485      0.90979468      0.80816643     -0.60630546       4.7082995        4.7082995       98.270405              98.270405
              1       53.826844      0.80216564      0.92354482         13.285838           12.319583      0.90944813       0.8080839     -0.60620549       4.7082995        4.7082995        98.23709               98.23709
              1       53.799932      0.80216564      0.92534467         13.286647           12.319641      0.90961379      0.80809125     -0.60547765       4.7082995        4.7082995       98.183265              98.183265
              1       53.765118      0.80216564      0.92203985         13.286955           12.321232      0.91000486       0.8021328     -0.60116893       4.7082995        4.7082995       98.113636              98.113636
              2       53.940493      0.80216564      0.92179726         13.288067           12.320802       0.9101623      0.80125742      -0.6062363       4.7082995        4.7082995       98.464386              98.464386
              1       54.613705      0.80216564      0.92174997         13.287512           12.324405      0.91298005      0.81090805      -0.6088112       4.7082995        4.7082995       99.810812              99.810812
              2       56.137323      0.80216564       0.9023902         13.284416           12.328376      0.91330447      0.80866258     -0.60834659       4.7082995        4.7082995       102.85805              102.85805
              1       54.891749      0.80216564      0.89819776         13.288849           12.327487      0.91300077      0.80953887     -0.61224093       4.7082995        4.7082995        100.3669               100.3669
              1       55.035301      0.80216564      0.89704219         13.286579           12.322943      0.91440955      0.80792335     -0.62137947       4.7082995        4.7082995         100.654                100.654
              2       54.039138      0.80216564      0.89985089          13.29871           12.324034      0.92229543      0.79546837       -0.596758       4.7082995        4.7082995       98.661676              98.661676
              1        53.82101      0.80216564      0.89137209          13.29817           12.319429      0.92172489      0.79027728     -0.58570076       4.7082995        4.7082995        98.22542               98.22542
              3       54.469607      0.80216564      0.89763404         13.297593           12.315293      0.92323813      0.78901907     -0.58831236       4.7082995        4.7082995       99.522616              99.522616
              1       54.367119      0.80216564      0.89612141           13.2971           12.317332      0.92398499      0.78681496     -0.58934875       4.7082995        4.7082995       99.317639              99.317639
              1       53.191011      0.80216564      0.89901458         13.296756           12.319924      0.92673697      0.79224491     -0.56913148       4.7082995        4.7082995       96.965422              96.965422
              1       53.247405      0.80216564      0.88823067         13.296214           12.318096      0.92778898      0.79526897     -0.57351608       4.7082995        4.7082995       97.078211              97.078211
              1       53.476623      0.80216564      0.88217303         13.296655           12.320789       0.9281578        0.804144     -0.56840925       4.7082995        4.7082995       97.536646              97.536646
              2       53.683726      0.80216564      0.89747509         13.293391           12.317873       0.9288328      0.80798018     -0.57086422       4.7082995        4.7082995       97.950854              97.950854
              2       53.689634      0.80216564      0.89384969          13.29326           12.318995      0.93005422      0.80873813     -0.58495979       4.7082995        4.7082995        97.96267               97.96267
              1        54.83298      0.80216564      0.88860594         13.287414           12.318798      0.93491564      0.80530571     -0.57366265       4.7082995        4.7082995       100.24936              100.24936
              2       54.255225      0.80216564      0.89304345         13.293407           12.319169      0.93612097        0.805148       -0.572332       4.7082995        4.7082995       99.093852              99.093852
              1       54.178709      0.80216564      0.89313598         13.293637           12.314629      0.94027313        0.814953     -0.58457857       4.7082995        4.7082995        98.94082               98.94082
              1       54.040018      0.80216564      0.89625637         13.292127           12.309012      0.94094974      0.80776771     -0.59361561       4.7082995        4.7082995       98.663436              98.663436
              4       54.080371      0.80216564      0.90849414         13.290878           12.310261      0.94113694      0.80817071     -0.59259093       4.7082995        4.7082995       98.744143              98.744143
              1       54.187922      0.80216564      0.91396827         13.286741           12.310378      0.93813238       0.8163513     -0.59127554       4.7082995        4.7082995       98.959245              98.959245
              1        54.19358      0.80216564      0.90761073          13.29099           12.306047      0.93752679      0.81836564      -0.5945054       4.7082995        4.7082995       98.970561              98.970561
              1        53.97433      0.80216564      0.90022693         13.290812           12.309151      0.93664409      0.81748477     -0.59561358       4.7082995        4.7082995        98.53206               98.53206
              3       54.476626      0.80216564      0.91527667         13.296427           12.312388      0.93467488      0.81392693     -0.61269991       4.7082995        4.7082995       99.536653              99.536653
              3       54.620178      0.80216564       0.9172106         13.305043           12.321305      0.93704039      0.82304736     -0.60732612       4.7082995        4.7082995       99.823756              99.823756
              1       56.171848      0.80216564      0.95883735         13.315572           12.312874      0.94151186      0.82455039     -0.62416332       4.7082995        4.7082995        102.9271               102.9271
              2       56.977699      0.80216564      0.95753516          13.32011            12.31039      0.94292671      0.81627048     -0.60461661       4.7082995        4.7082995        104.5388               104.5388
              3       56.558333      0.80216564      0.97137392         13.309082           12.303093       0.9409593      0.81414867     -0.59719512       4.7082995        4.7082995       103.70007              103.70007
              1       56.885694      0.80216564      0.96560582         13.309506           12.306185      0.93721921      0.82811226     -0.60112985       4.7082995        4.7082995       104.35479              104.35479
              2        56.83464      0.80216564      0.94815239         13.309238           12.307216      0.93586425      0.82316426      -0.6104581       4.7082995        4.7082995       104.25268              104.25268
              1       55.923021      0.80216564      0.95648323         13.298226           12.302669      0.93332163      0.82094124     -0.61284231       4.7082995        4.7082995       102.42944              102.42944
              3        55.76708      0.80216564      0.95229816         13.296005           12.301601      0.93437544      0.82259632     -0.61256762       4.7082995        4.7082995       102.11756              102.11756
              3       55.627419      0.80216564      0.97974866         13.299502           12.313193      0.92744863      0.81021694     -0.63010247       4.7082995        4.7082995       101.83824              101.83824
              2       55.458311      0.80216564      0.98339206         13.298555           12.312936      0.92793362      0.80904001     -0.62729985       4.7082995        4.7082995       101.50002              101.50002
              1       55.726143      0.80216564        1.005462         13.301519           12.313538      0.92943416      0.82117288     -0.63787364       4.7082995        4.7082995       102.03569              102.03569
              2       55.536421      0.80216564       1.0206114         13.299718           12.311234      0.92928729      0.82191078     -0.63591777       4.7082995        4.7082995       101.65624              101.65624
              5       55.449958      0.80216564        1.019257         13.299549           12.312307      0.92655866      0.82956971      -0.6376764       4.7082995        4.7082995       101.48332              101.48332
              1       55.271041      0.80216564       1.0163514         13.300574           12.310039      0.92621479      0.82821634     -0.63183612       4.7082995        4.7082995       101.12548              101.12548
              2       55.604279      0.80618469       1.0163514         13.300574           12.310039      0.92621479      0.82821634     -0.63183612       4.7082995        4.7082995       101.79196              101.79196
              1        55.60716      0.80618469        1.013598         13.299391           12.310501      0.92611332      0.82875851     -0.63130599       4.7082995        4.7082995       101.79772              101.79772
              1       55.911863      0.80618469       1.0337725         13.287657           12.306318      0.92295279      0.82723662     -0.62558861       4.7082995        4.7082995       102.40713              102.40713
              2       56.396013      0.80618469       1.0249724         13.289147           12.300721      0.91965268      0.82529345     -0.64636205       4.7082995        4.7082995       103.37543              103.37543
              5       55.847204      0.80618469       1.0358345         13.287544           12.302934      0.91995654      0.82681604     -0.63903069       4.7082995        4.7082995       102.27781              102.27781
              3       56.821875      0.80618469       1.0364776         13.290488           12.299892      0.91702037      0.82716957     -0.63098619       4.7082995        4.7082995       104.22715              104.22715
              2       56.023038      0.80618469       1.0291261          13.28778           12.304724      0.91742738      0.82939155     -0.63611919       4.7082995        4.7082995       102.62948              102.62948
              1       55.630279      0.80618469       1.0270966         13.293972           12.311605      0.91660429      0.82471897     -0.63008669       4.7082995        4.7082995       101.84396              101.84396
              2       55.894493      0.80618469       1.0338018         13.297718           12.313517      0.92388071      0.82555551     -0.62452113       4.7082995        4.7082995       102.37239              102.37239
              5        55.66589      0.80618469       1.0174534         13.290449           12.310785      0.92477415       0.8185181     -0.60647112       4.7082995        4.7082995       101.91518              101.91518
              1       56.641407      0.80618469        1.023428         13.289935           12.309366         0.91999      0.82464799     -0.60112946       4.7082995        4.7082995       103.86621              103.86621
              2       56.695368      0.80618469       1.0416884         13.290717           12.312727      0.91973937      0.82043357     -0.60394949       4.7082995        4.7082995       103.97414              103.97414
              1       56.784519      0.80618469        1.040207          13.29209           12.314021      0.91903925      0.82210978     -0.60659942       4.7082995        4.7082995       104.15244              104.15244
              1       56.963696      0.80618469        1.038738         13.288125           12.309283      0.91764062      0.82559776     -0.60518839       4.7082995        4.7082995       104.51079              104.51079
              4       56.925169      0.80618469        1.039467         13.288607           12.309024      0.91748458      0.82541327      -0.6045397       4.7082995        4.7082995       104.43374              104.43374
              1       56.396189      0.80618469       1.0163127          13.28896           12.309692       0.9159467      0.81942023     -0.59456545       4.7082995        4.7082995       103.37578              103.37578
              2       57.242802      0.80618469       1.0114353         13.282833           12.314455      0.91256067      0.81439898     -0.59010645       4.7082995        4.7082995       105.06901              105.06901
              1         58.0182      0.80618469       1.0027912         13.285186           12.318126      0.91393265      0.81283583     -0.58330807       4.7082995        4.7082995        106.6198               106.6198
              2       55.129146      0.80085626       1.0027912         13.285186           12.318126      0.91393265      0.81283583     -0.58330807       4.7082995        4.7082995       100.84169              100.84169
              1       54.482572      0.80085626       1.0044463          13.28307           12.315059      0.91515622      0.80697075     -0.58321628       4.7082995        4.7082995       99.548545              99.548545
