#        weight    minuslogpost          sigma8        ygk_Ahmc ygk_LOWZ__5_lM1_0 ygk_LOWZ__5_lMmin_0  ygk_LOWZ__5_wz   ygk_mass_bias       ygk_rhogy   minuslogprior minuslogprior__0            chi2 chi2__ygk_like.ygkLike
              2       503.30609      0.72207996      0.97098473         13.042975           12.270584      0.99962928      0.74713765     -0.53780975       4.7082995        4.7082995       997.19559              997.19559
              3       502.13326      0.67394022      0.97098473         13.042975           12.270584      0.99962928      0.74713765     -0.53780975       4.7082995        4.7082995       994.84991              994.84991
              1       481.89883      0.67394022      0.96464318         13.040839           12.267061      0.99608993      0.74186134     -0.53297196       4.7082995        4.7082995       954.38106              954.38106
              3       468.40269      0.67394022      0.94744446          13.04663           12.258408       1.0035455      0.71424815     -0.55459396       4.7082995        4.7082995       927.38879              927.38879
              1       419.29436      0.67394022      0.94812795         13.043434           12.243908       1.0030995      0.70875487      -0.5479379       4.7082995        4.7082995       829.17212              829.17212
              1       418.24552      0.67394022      0.94984362         13.045457           12.244263       1.0030955      0.70674158     -0.54778494       4.7082995        4.7082995       827.07445              827.07445
              1       404.43936      0.69106408      0.94984362         13.045457           12.244263       1.0030955      0.70674158     -0.54778494       4.7082995        4.7082995       799.46212              799.46212
              1       404.16701      0.69106408      0.94978823         13.045499           12.244302       1.0030699      0.70678983     -0.54723866       4.7082995        4.7082995       798.91742              798.91742
              1       388.34872      0.69106408      0.95311513         13.048708           12.242107       1.0038393       0.7103191     -0.54760608       4.7082995        4.7082995       767.28084              767.28084
              5       389.18844      0.69106408      0.95328819         13.048569           12.242172        1.004002      0.71023059      -0.5473424       4.7082995        4.7082995       768.96028              768.96028
              1       385.20904      0.69106408      0.95255695         13.050168           12.241788       1.0042201      0.71057815     -0.54949241       4.7082995        4.7082995       761.00148              761.00148
              1       369.23424      0.69106408       0.9822636          13.04411           12.226273       1.0098519      0.70424628     -0.55632186       4.7082995        4.7082995       729.05188              729.05188
              1       365.72912      0.69106408       0.9785537          13.04046           12.224334       1.0102069       0.7109171     -0.55931638       4.7082995        4.7082995       722.04164              722.04164
              3       355.27879      0.69106408      0.96505677         13.038975           12.219913       1.0101902      0.70703696     -0.55852989       4.7082995        4.7082995       701.14098              701.14098
              3        333.8963      0.69106408       0.9574717         13.039498            12.21337       1.0160604      0.70503605     -0.52804624       4.7082995        4.7082995       658.37601              658.37601
              4       299.11666      0.75355514       0.9574717         13.039498            12.21337       1.0160604      0.70503605     -0.52804624       4.7082995        4.7082995       588.81671              588.81671
              2       297.13782      0.75355514       0.9472939         13.040716           12.214082        1.015523      0.70110113      -0.5250632       4.7082995        4.7082995       584.85905              584.85905
              2       270.41544      0.75355514      0.95003265         13.032908           12.200972       1.0208629      0.69535875     -0.49670544       4.7082995        4.7082995       531.41427              531.41427
              4       261.73503      0.75355514      0.96512761         13.045095           12.201537       1.0231152      0.68667146     -0.50133748       4.7082995        4.7082995       514.05347              514.05347
              1       258.66216      0.75355514       0.9764242         13.036292           12.190954       1.0227398      0.68050364     -0.51596537       4.7082995        4.7082995       507.90772              507.90772
              2       253.15111      0.75355514      0.97485668         13.034823           12.188925       1.0237266       0.6825281     -0.51181361       4.7082995        4.7082995       496.88561              496.88561
              4       246.51997      0.75355514      0.95726452         13.033065           12.187016       1.0221634      0.67970165     -0.50987489       4.7082995        4.7082995       483.62335              483.62335
              1       219.70461      0.75355514      0.93037438         13.028819           12.180235       1.0252519      0.69475889     -0.50321653       4.7082995        4.7082995       429.99262              429.99262
              2       212.34745      0.75355514      0.92871971         13.034274           12.182648        1.024065      0.69822854     -0.50377982       4.7082995        4.7082995        415.2783               415.2783
              4       214.08334      0.75036771      0.92871971         13.034274           12.182648        1.024065      0.69822854     -0.50377982       4.7082995        4.7082995       418.75009              418.75009
              4        204.2141      0.75036771      0.92333347         13.030453           12.175662       1.0268644      0.69154845     -0.48362215       4.7082995        4.7082995        399.0116               399.0116
              1       196.85932      0.75036771      0.92089102         13.030298           12.175202       1.0272681      0.69466228     -0.47135927       4.7082995        4.7082995       384.30204              384.30204
              3       175.32219      0.75036771      0.96727142         13.035252           12.172786       1.0208464      0.70345735     -0.46588137       4.7082995        4.7082995       341.22777              341.22777
              1       174.97042      0.75036771      0.95993469         13.033614           12.174372       1.0204357       0.7145139     -0.47807984       4.7082995        4.7082995       340.52425              340.52425
              2       160.95132      0.75036771      0.98172938         13.036744           12.163066       1.0286046      0.71960474     -0.48716904       4.7082995        4.7082995       312.48604              312.48604
              1       151.13731      0.75036771       0.9744892         13.033898           12.153003       1.0278259      0.71952056     -0.49826534       4.7082995        4.7082995       292.85803              292.85803
              3       140.57437      0.75036771       1.0108778         13.010647           12.147625       1.0176479      0.72995152     -0.46110702       4.7082995        4.7082995       271.73214              271.73214
              4       132.00356      0.77086006       1.0108778         13.010647           12.147625       1.0176479      0.72995152     -0.46110702       4.7082995        4.7082995       254.59053              254.59053
              1       117.92964      0.77086006       1.0153314         13.011141           12.141062       1.0175093      0.72807306     -0.45042881       4.7082995        4.7082995       226.44268              226.44268
              7         111.546      0.77086006       1.0082818         13.011142           12.139201       1.0171819      0.73190267     -0.44947463       4.7082995        4.7082995        213.6754               213.6754
              2       92.416012      0.77086006       1.0034405         13.023098           12.125959       1.0228748      0.73009471     -0.46039274       4.7082995        4.7082995       175.41542              175.41542
              8       83.240115      0.77086006       0.9732446         13.025598           12.126504       1.0229664      0.73802237     -0.44275453       4.7082995        4.7082995       157.06363              157.06363
              1       69.544829      0.77086006      0.95208075         13.034987           12.116505       1.0227093      0.75550783     -0.43590619       4.7082995        4.7082995       129.67306              129.67306
              2       68.860071      0.77086006      0.94076418         13.029586            12.11849        1.022803      0.75498817     -0.42427093       4.7082995        4.7082995       128.30354              128.30354
              3       67.679379      0.77086006      0.96535229         13.021607           12.111284       1.0249675        0.749314      -0.3925806       4.7082995        4.7082995       125.94216              125.94216
              1       67.229457      0.77086006      0.98135591         13.018235           12.112183       1.0238188      0.75641687     -0.40052758       4.7082995        4.7082995       125.04231              125.04231
              1       67.324429      0.77086006      0.98146659         13.018356           12.112519       1.0240685      0.75664388     -0.40044929       4.7082995        4.7082995       125.23226              125.23226
              1       65.040961      0.77086006       0.9775534         13.019488           12.111672       1.0235018      0.76101925     -0.39294247       4.7082995        4.7082995       120.66532              120.66532
              3       64.774105      0.77086006      0.97405036         13.028393           12.106352        1.019679      0.75773257      -0.3927714       4.7082995        4.7082995       120.13161              120.13161
              2       64.610998      0.77086006      0.96336765         13.028601           12.108524       1.0199628      0.75567658     -0.38412004       4.7082995        4.7082995        119.8054               119.8054
              3       65.403894      0.77086006      0.94725318          13.04014            12.11877       1.0217503      0.76130153     -0.41152878       4.7082995        4.7082995       121.39119              121.39119
              1       62.094701      0.79512188      0.94725318          13.04014            12.11877       1.0217503      0.76130153     -0.41152878       4.7082995        4.7082995        114.7728               114.7728
              1       61.875724      0.79512188      0.94938596          13.04137           12.119207       1.0215158      0.76065644     -0.41165216       4.7082995        4.7082995       114.33485              114.33485
              1        61.35281      0.79512188      0.94690239         13.041638           12.118976       1.0211731      0.75978361     -0.41260299       4.7082995        4.7082995       113.28902              113.28902
              5       61.762426      0.79512188      0.94947471         13.039953           12.120032       1.0204984       0.7614002     -0.42210347       4.7082995        4.7082995       114.10825              114.10825
              2       60.141843      0.79512188      0.95924315          13.03507           12.113684       1.0199872      0.76267412     -0.42989016       4.7082995        4.7082995       110.86709              110.86709
              2       59.819597      0.79512188      0.95968095         13.035479           12.113645       1.0197973      0.76038748     -0.43142133       4.7082995        4.7082995       110.22259              110.22259
              1        58.86147      0.79139599      0.95968095         13.035479           12.113645       1.0197973      0.76038748     -0.43142133       4.7082995        4.7082995       108.30634              108.30634
              3        57.22618      0.79139599      0.94311949         13.038714           12.110408       1.0185701      0.76123616     -0.42876811       4.7082995        4.7082995       105.03576              105.03576
              3       57.433369      0.79139599      0.94739581          13.05001           12.109945       1.0194973      0.75863973      -0.4453997       4.7082995        4.7082995       105.45014              105.45014
              1       57.517928      0.79139599      0.94715003         13.049834           12.109174       1.0198927      0.75870434     -0.44534563       4.7082995        4.7082995       105.61926              105.61926
              2       57.122857      0.79139599      0.95097318          13.05673           12.123959        1.017668      0.76258042     -0.44449094       4.7082995        4.7082995       104.82912              104.82912
              1       56.741509      0.79139599      0.94752256         13.059151           12.122978       1.0178569       0.7640247     -0.45322168       4.7082995        4.7082995       104.06642              104.06642
              2       56.888042      0.79139599      0.94618283         13.055389           12.123424        1.016061      0.76320063     -0.45858278       4.7082995        4.7082995       104.35949              104.35949
              1       56.108673      0.79139599      0.95056224         13.051978           12.120372       1.0153724      0.77710128     -0.45389941       4.7082995        4.7082995       102.80075              102.80075
              2       55.991708      0.79139599      0.96170239         13.052683           12.119431       1.0152531      0.77646369     -0.45758408       4.7082995        4.7082995       102.56682              102.56682
              1       56.169534      0.79139599      0.96486602          13.05431           12.112236       1.0191786      0.77923041     -0.46109609       4.7082995        4.7082995       102.92247              102.92247
              3        56.26755      0.79139599      0.97910271         13.042387           12.111882       1.0184084      0.78773284     -0.46218473       4.7082995        4.7082995        103.1185               103.1185
              3       55.708066      0.79139599      0.99135995          13.04483           12.105977       1.0161843       0.7842263     -0.47142623       4.7082995        4.7082995       101.99953              101.99953
              2       55.639246      0.79139599      0.99190301         13.045929            12.10894       1.0169699      0.78413314     -0.46957819       4.7082995        4.7082995       101.86189              101.86189
              3       56.409368      0.79139599      0.97820795         13.040977           12.111475        1.015898      0.78759437     -0.45793183       4.7082995        4.7082995       103.40214              103.40214
              3       55.533554      0.79139599      0.96624503         13.045925           12.113212       1.0151863       0.7897797     -0.46932972       4.7082995        4.7082995       101.65051              101.65051
              3       54.888037      0.79139599          0.9529         13.042169           12.109469       1.0151035      0.79431115      -0.4850331       4.7082995        4.7082995       100.35947              100.35947
              1       54.892542      0.79139599      0.95444374         13.041166           12.109024       1.0144662      0.79449432      -0.4846658       4.7082995        4.7082995       100.36849              100.36849
              1       54.888511      0.79139599      0.95541101         13.042941           12.108616       1.0139228      0.79189919     -0.48972015       4.7082995        4.7082995       100.36042              100.36042
              3       55.274585      0.79139599      0.97161953         13.046942           12.117423       1.0162717      0.79915489     -0.49078263       4.7082995        4.7082995       101.13257              101.13257
              3       55.618632      0.79139599      0.97117661         13.048376           12.119089       1.0170041      0.79529063      -0.4857461       4.7082995        4.7082995       101.82066              101.82066
              1       55.592458      0.79139599        0.968961         13.048591           12.119173       1.0172718      0.79576339     -0.48581891       4.7082995        4.7082995       101.76832              101.76832
              1       55.233888      0.79139599      0.97480381         13.050828           12.116011       1.0141158      0.79737123     -0.48064197       4.7082995        4.7082995       101.05118              101.05118
              3       55.409233      0.79139599      0.98089478         13.052833           12.117743       1.0146616      0.79866222     -0.48003422       4.7082995        4.7082995       101.40187              101.40187
              2       56.351437      0.79139599      0.97337466         13.058822           12.123321       1.0145746      0.78822183     -0.45662102       4.7082995        4.7082995       103.28627              103.28627
              1       56.417157      0.79139599      0.98217532         13.055593           12.122134       1.0147097      0.78410063     -0.45669713       4.7082995        4.7082995       103.41771              103.41771
              1       56.672803      0.79139599      0.98817666         13.054354           12.121286       1.0144679      0.78517986     -0.45462665       4.7082995        4.7082995       103.92901              103.92901
              3       56.273748      0.79139599      0.97656779         13.049679           12.114733       1.0137413      0.79276381     -0.46083409       4.7082995        4.7082995        103.1309               103.1309
              1       55.806745      0.79139599      0.98041564         13.047509           12.108057       1.0152355      0.78615483     -0.46997465       4.7082995        4.7082995       102.19689              102.19689
              1       55.644308      0.79139599      0.97889363         13.045341           12.108663        1.014831       0.7848683     -0.46825689       4.7082995        4.7082995       101.87202              101.87202
              2       55.686342      0.79139599      0.97839696         13.044893           12.108733       1.0154363      0.78516061     -0.46661719       4.7082995        4.7082995       101.95609              101.95609
              1       55.802191      0.79139599      0.98038113         13.045892           12.107946       1.0155538      0.78469149     -0.46648033       4.7082995        4.7082995       102.18778              102.18778
              2       55.848202      0.79139599      0.97958409         13.044126           12.105209       1.0158835      0.78497049     -0.46960114       4.7082995        4.7082995       102.27981              102.27981
              1       57.028452      0.79139599      0.96418689         13.043935           12.102182       1.0173821      0.77687509     -0.45355307       4.7082995        4.7082995        104.6403               104.6403
              3       57.393104      0.79139599       0.9671076         13.042428           12.100943       1.0168745       0.7784961     -0.44730191       4.7082995        4.7082995       105.36961              105.36961
              2       57.665459      0.79650448       0.9671076         13.042428           12.100943       1.0168745       0.7784961     -0.44730191       4.7082995        4.7082995       105.91432              105.91432
              2       57.952313      0.79650448      0.95207079         13.039802           12.106302       1.0171159      0.77804989     -0.44026973       4.7082995        4.7082995       106.48803              106.48803
              1       57.925048      0.79650448      0.93612869         13.045414           12.102155        1.008371      0.75949488     -0.45054043       4.7082995        4.7082995        106.4335               106.4335
              1       57.818718      0.79650448      0.93580344         13.045212           12.102572       1.0076228      0.76175983     -0.45159003       4.7082995        4.7082995       106.22084              106.22084
              2       58.103996      0.79650448      0.93705465          13.04516           12.101677       1.0071031      0.76240886     -0.45345256       4.7082995        4.7082995       106.79139              106.79139
              1        57.81158      0.79650448       0.9432293         13.059743           12.115979       1.0041018      0.77023744     -0.44658976       4.7082995        4.7082995       106.20656              106.20656
              2       56.609974      0.79650448      0.95787862         13.057844            12.11883       1.0031965      0.76325444     -0.44542865       4.7082995        4.7082995       103.80335              103.80335
              1       56.506907      0.79650448      0.95494488         13.056474           12.119681       1.0025238      0.76301864     -0.44451584       4.7082995        4.7082995       103.59722              103.59722
              2       58.150417      0.78754132      0.95494488         13.056474           12.119681       1.0025238      0.76301864     -0.44451584       4.7082995        4.7082995       106.88423              106.88423
              1        58.12469      0.78754132      0.95499864         13.056676           12.119856       1.0026193      0.76307639     -0.44408883       4.7082995        4.7082995       106.83278              106.83278
              1       56.976963      0.78754132      0.95616836         13.049375           12.125639       1.0041448      0.76408159     -0.44898478       4.7082995        4.7082995       104.53733              104.53733
              4       57.395373      0.78754132      0.95440306         13.050532           12.126596       1.0043981      0.76105368     -0.45230266       4.7082995        4.7082995       105.37415              105.37415
              2       57.409615      0.78754132      0.95400236         13.050551           12.126899       1.0044747      0.76135424     -0.45311254       4.7082995        4.7082995       105.40263              105.40263
              1       57.327968      0.78754132      0.94046308         13.052136           12.127484       1.0059664      0.76040421     -0.44327624       4.7082995        4.7082995       105.23934              105.23934
              4        57.56813      0.78754132      0.95968104         13.076604           12.146077       1.0019552      0.76982027     -0.41816626       4.7082995        4.7082995       105.71966              105.71966
              1       57.803918      0.78754132      0.95837433         13.076681           12.147733       1.0021403      0.76957497     -0.41802981       4.7082995        4.7082995       106.19124              106.19124
              1        57.90201      0.78754132      0.95972856         13.076756           12.148159       1.0020015      0.77003648     -0.41787324       4.7082995        4.7082995       106.38742              106.38742
              1       57.651266      0.78754132      0.95477154         13.073044           12.149303      0.99972021      0.77025708     -0.43350236       4.7082995        4.7082995       105.88593              105.88593
              2        56.81353      0.78754132      0.95757764         13.082439           12.149613      0.99826375      0.76406493     -0.43825956       4.7082995        4.7082995       104.21046              104.21046
              2        56.55065      0.78754132      0.95425609          13.08512           12.149109      0.99872048      0.76765533     -0.44136414       4.7082995        4.7082995        103.6847               103.6847
              1       56.599727      0.78754132      0.95505072         13.082576           12.146214      0.99894684      0.76862525     -0.43798073       4.7082995        4.7082995       103.78285              103.78285
              1       56.198741      0.78754132      0.94490209         13.082124           12.144763      0.99640799      0.78058516     -0.45139119       4.7082995        4.7082995       102.98088              102.98088
              2       55.682108      0.78754132      0.94133899         13.078255           12.146423      0.99645059      0.77899727     -0.45475888       4.7082995        4.7082995       101.94762              101.94762
              3       55.968191      0.78754132      0.93526325         13.078141           12.148001      0.99434218      0.77816981     -0.44380156       4.7082995        4.7082995       102.51978              102.51978
              3       56.702586      0.78754132       0.9170347         13.080275           12.149754      0.99817251      0.77725283      -0.4275175       4.7082995        4.7082995       103.98857              103.98857
              3        57.83202      0.78754132      0.93591139         13.081576           12.136595       1.0056009      0.78979939     -0.44225936       4.7082995        4.7082995       106.24744              106.24744
              1       56.925691      0.78754132      0.95609983         13.070238           12.139306       1.0093044      0.77305549     -0.44043526       4.7082995        4.7082995       104.43478              104.43478
              1       58.348689      0.78754132      0.93923369         13.070176            12.14412       1.0083232      0.76085593     -0.42930904       4.7082995        4.7082995       107.28078              107.28078
              2       58.186964      0.78754132      0.92456653         13.072291           12.145681       1.0108104      0.76560498     -0.42788583       4.7082995        4.7082995       106.95733              106.95733
              2       58.262113      0.78893151      0.92456653         13.072291           12.145681       1.0108104      0.76560498     -0.42788583       4.7082995        4.7082995       107.10763              107.10763
              3       58.447137      0.78893151      0.92300502         13.070944           12.145913       1.0104977      0.76605881      -0.4293835       4.7082995        4.7082995       107.47767              107.47767
              2       58.879086      0.78893151      0.92504843         13.068394           12.145483       1.0104699       0.7673324     -0.42941458       4.7082995        4.7082995       108.34157              108.34157
              1       57.887316      0.78893151      0.94561918         13.072567           12.143111       1.0114188      0.76672939     -0.43539988       4.7082995        4.7082995       106.35803              106.35803
              1       58.483312      0.78893151      0.94476802         13.073983           12.146428       1.0122217       0.7711188     -0.43822128       4.7082995        4.7082995       107.55003              107.55003
              1       58.645203      0.78989267      0.94476802         13.073983           12.146428       1.0122217       0.7711188     -0.43822128       4.7082995        4.7082995       107.87381              107.87381
              1        58.27914      0.78989267      0.93825872         13.072254           12.141776       1.0170644      0.76935394     -0.43813722       4.7082995        4.7082995       107.14168              107.14168
              1       58.305645      0.78989267      0.93676308         13.071597           12.140775       1.0186919      0.76890443     -0.44402512       4.7082995        4.7082995       107.19469              107.19469
              5       57.369093      0.78989267      0.96569332         13.064089           12.132605       1.0169564      0.77284943     -0.45566522       4.7082995        4.7082995       105.32159              105.32159
              1       57.598255      0.78989267      0.96900805          13.06447           12.132681       1.0175284      0.77163214     -0.45240401       4.7082995        4.7082995       105.77991              105.77991
              1       56.325674      0.78989267      0.96321083         13.068206           12.129837       1.0150636      0.77315338     -0.45510838       4.7082995        4.7082995       103.23475              103.23475
              2       56.388587      0.78989267      0.95823842         13.068779           12.131972       1.0154647      0.77381377     -0.45791725       4.7082995        4.7082995       103.36057              103.36057
              1       56.324932      0.78989267      0.93851853         13.056866            12.12061       1.0166719      0.77245459     -0.46424413       4.7082995        4.7082995       103.23326              103.23326
              1       56.691436      0.78989267      0.94396901         13.059905           12.116751        1.018444      0.77738843     -0.47218198       4.7082995        4.7082995       103.96627              103.96627
              1       56.727628      0.78989267       0.9433768         13.060131           12.116611        1.018544      0.77764312     -0.47077796       4.7082995        4.7082995       104.03866              104.03866
              1       55.758142      0.78989267      0.94508005         13.056463             12.1183       1.0176765      0.78320988     -0.46951227       4.7082995        4.7082995       102.09968              102.09968
              1       55.353639      0.78989267      0.91788772         13.047696           12.117021       1.0170373      0.78550214     -0.48554516       4.7082995        4.7082995       101.29068              101.29068
              1       55.609376      0.78989267      0.92001772         13.045651           12.113809       1.0185961      0.78358192     -0.48631249       4.7082995        4.7082995       101.80215              101.80215
              1       55.979851      0.78989267      0.92460312         13.042986           12.116313       1.0181629      0.78164516     -0.48973528       4.7082995        4.7082995        102.5431               102.5431
              1       58.549357      0.78989267        0.920903         13.029494           12.117299       1.0170798      0.78405309     -0.45180729       4.7082995        4.7082995       107.68211              107.68211
              5       57.686865      0.78588336        0.920903         13.029494           12.117299       1.0170798      0.78405309     -0.45180729       4.7082995        4.7082995       105.95713              105.95713
              1       57.374079      0.78588336      0.92288718         13.030075           12.117883       1.0147909      0.78440631      -0.4720297       4.7082995        4.7082995       105.33156              105.33156
              1       57.283986      0.78588336      0.92280869         13.030082           12.117905       1.0146382      0.78501467     -0.47155913       4.7082995        4.7082995       105.15137              105.15137
              1       56.966048      0.78588336      0.91397054         13.054155           12.119923       1.0133967       0.7813735     -0.46616803       4.7082995        4.7082995        104.5155               104.5155
              1       56.378137      0.78588336      0.91313185         13.054752            12.12301       1.0146436      0.78376605     -0.46918641       4.7082995        4.7082995       103.33968              103.33968
              3         56.2607      0.78588336      0.92892769         13.055317           12.127079       1.0141107      0.78260302     -0.46567544       4.7082995        4.7082995        103.1048               103.1048
              1       57.020927      0.78588336      0.94114688         13.058679           12.131821       1.0167928      0.78757748     -0.48739706       4.7082995        4.7082995       104.62525              104.62525
              1       57.135892      0.78588336      0.94116434         13.058827           12.132099       1.0167879      0.78702421     -0.48757491       4.7082995        4.7082995       104.85518              104.85518
              4       57.349352      0.78588336      0.96507176         13.057525           12.131894       1.0157493      0.78613998     -0.47912737       4.7082995        4.7082995       105.28211              105.28211
              2       55.770024      0.78588336      0.94365847         13.050281           12.126386       1.0095853      0.78772724     -0.46832145       4.7082995        4.7082995       102.12345              102.12345
              1       55.590959      0.78588336      0.94639889         13.051387           12.125467       1.0093879      0.78952976     -0.46567318       4.7082995        4.7082995       101.76532              101.76532
              2       56.110126      0.78588336      0.95022977          13.04874            12.12526       1.0099432      0.78635119     -0.45581493       4.7082995        4.7082995       102.80365              102.80365
              2       56.774696      0.78588336      0.93888061          13.06039           12.125015       1.0097296       0.7799572     -0.44685836       4.7082995        4.7082995       104.13279              104.13279
              5       56.648956      0.78588336      0.93575567         13.061765           12.126574        1.010883      0.78020866     -0.44805255       4.7082995        4.7082995       103.88131              103.88131
              3       55.906873      0.78588336      0.93032786         13.064098           12.134389       1.0077449      0.78423587     -0.45468984       4.7082995        4.7082995       102.39715              102.39715
              2       55.826631      0.78588336      0.92873174         13.060684           12.135666       1.0042292      0.78334877      -0.4727345       4.7082995        4.7082995       102.23666              102.23666
              4       55.218385      0.78588336      0.92054578         13.059285           12.135789       1.0027217      0.79426267     -0.46572062       4.7082995        4.7082995       101.02017              101.02017
              3       55.037406      0.78588336      0.91390794         13.059606           12.137727        1.003421      0.79574199      -0.4836089       4.7082995        4.7082995       100.65821              100.65821
              1       54.701919      0.78588336      0.90598257         13.059682           12.137121       1.0023648      0.80156227     -0.48003228       4.7082995        4.7082995       99.987239              99.987239
              2       54.677031      0.78588336      0.90732158         13.059344           12.136737       1.0022499      0.80195516      -0.4807018       4.7082995        4.7082995       99.937462              99.937462
              1       54.718696      0.78588336      0.91238523         13.058713           12.133935        1.002309      0.80149245     -0.47974735       4.7082995        4.7082995       100.02079              100.02079
              2       57.528107      0.78588336      0.90662165         13.060118           12.131626       1.0056933      0.81505581     -0.45150054       4.7082995        4.7082995       105.63962              105.63962
              1       58.340812      0.78588336       0.9004094         13.062676           12.129276       1.0055095      0.81132642     -0.44633204       4.7082995        4.7082995       107.26503              107.26503
              1       60.441332      0.78588336      0.89850655         13.044883           12.135854       1.0074114      0.80155141     -0.42795042       4.7082995        4.7082995       111.46606              111.46606
              1       58.087361      0.78588336      0.88583573          13.04095           12.130097       1.0099874      0.80243089      -0.4410399       4.7082995        4.7082995       106.75812              106.75812
              1        58.61741      0.78588336      0.89659547         13.047882            12.13468       1.0151135      0.79719993     -0.44403337       4.7082995        4.7082995       107.81822              107.81822
              1       57.202777      0.78588336      0.90823019         13.050868           12.124575       1.0171565      0.79869737     -0.43454348       4.7082995        4.7082995       104.98896              104.98896
              2       56.422671      0.78588336      0.91363916         13.047346           12.124265       1.0203889      0.79813769     -0.45510293       4.7082995        4.7082995       103.42874              103.42874
              2       58.301054      0.78588336      0.91718134         13.045637           12.127877       1.0214331      0.80116532     -0.44944308       4.7082995        4.7082995       107.18551              107.18551
              4       57.297215       0.7812501      0.91718134         13.045637           12.127877       1.0214331      0.80116532     -0.44944308       4.7082995        4.7082995       105.17783              105.17783
              2        59.33602       0.7812501      0.90553272         13.044058           12.132704       1.0229146      0.80237089     -0.44863699       4.7082995        4.7082995       109.25544              109.25544
              1        61.38999       0.7812501      0.90013319         13.036259            12.13356       1.0199241      0.80087747     -0.46197282       4.7082995        4.7082995       113.36338              113.36338
              1       61.360544       0.7812501      0.89850286         13.030502            12.12947       1.0202877      0.80115949     -0.45106254       4.7082995        4.7082995       113.30449              113.30449
              2        58.16796       0.7812501      0.88644102          13.03371            12.12481       1.0204228      0.79408107     -0.45246528       4.7082995        4.7082995       106.91932              106.91932
              1       57.699109       0.7812501      0.88121248         13.031574           12.121984       1.0202578      0.79325568      -0.4579048       4.7082995        4.7082995       105.98162              105.98162
              2        57.39259       0.7812501      0.89670067         13.028882           12.120925       1.0161637       0.7946215      -0.4640862       4.7082995        4.7082995       105.36858              105.36858
              2       57.327496       0.7812501      0.89693524         13.028761            12.12066       1.0162158      0.79486177      -0.4637559       4.7082995        4.7082995       105.23839              105.23839
              3       56.872027       0.7812501      0.89302896         13.028834           12.119704       1.0151718      0.79378193     -0.45668331       4.7082995        4.7082995       104.32745              104.32745
              1       56.261083       0.7812501      0.89421164         13.036271           12.117172       1.0169636      0.79504582     -0.45051887       4.7082995        4.7082995       103.10557              103.10557
              1       56.392313       0.7812501      0.90254271          13.03499           12.116806       1.0156221      0.79718375     -0.43853842       4.7082995        4.7082995       103.36803              103.36803
              1       56.877162       0.7812501      0.91990793         13.025427           12.111617       1.0206933      0.79767033     -0.44149235       4.7082995        4.7082995       104.33772              104.33772
              2       56.727723       0.7812501      0.91614791         13.024491           12.108876        1.020611      0.79469401     -0.43771846       4.7082995        4.7082995       104.03885              104.03885
              1       56.622977       0.7812501      0.92225661         13.023003            12.10702       1.0187758      0.79030161     -0.45015456       4.7082995        4.7082995       103.82936              103.82936
              1       56.792151       0.7812501      0.92628123         13.018722           12.107188       1.0155833      0.79149447     -0.43613627       4.7082995        4.7082995        104.1677               104.1677
              1       56.922486       0.7812501      0.92969268         13.017686           12.102298       1.0168013       0.7874602      -0.4298395       4.7082995        4.7082995       104.42837              104.42837
              2       57.492149       0.7812501      0.93025413         13.027782           12.108135       1.0156493      0.77895058     -0.42160777       4.7082995        4.7082995        105.5677               105.5677
              2       57.463517       0.7812501      0.96078506         13.033086           12.108445        1.016475      0.78531719     -0.42137432       4.7082995        4.7082995       105.51044              105.51044
              6       58.168067       0.7812501      0.95600421         13.035832           12.105171        1.017732       0.7822499     -0.42492441       4.7082995        4.7082995       106.91954              106.91954
              2       58.291663       0.7812501      0.95744835         13.032507           12.102763       1.0160853      0.77986927     -0.43462718       4.7082995        4.7082995       107.16673              107.16673
              2       57.617711       0.7812501      0.93904347         13.029681           12.104041       1.0165405      0.78386113     -0.43031937       4.7082995        4.7082995       105.81882              105.81882
              1        57.71023       0.7812501      0.93852306         13.030094           12.104117       1.0168222      0.78304182     -0.42925477       4.7082995        4.7082995       106.00386              106.00386
              1       57.459866       0.7812501       0.9399961          13.02896           12.108751       1.0145601      0.78122437     -0.41872151       4.7082995        4.7082995       105.50313              105.50313
              4       57.662354       0.7812501       0.9324463         13.025638           12.108235       1.0132667      0.77427995     -0.42992495       4.7082995        4.7082995       105.90811              105.90811
              1        57.65572       0.7812501      0.93387343          13.02585           12.107106       1.0135586       0.7749571     -0.43114162       4.7082995        4.7082995       105.89484              105.89484
              1       57.397085       0.7812501      0.92472473         13.020304           12.106697       1.0149584      0.77840675     -0.42815337       4.7082995        4.7082995       105.37757              105.37757
              2       57.427666       0.7812501      0.92558212         13.019118           12.106445       1.0146649      0.77808093     -0.42952722       4.7082995        4.7082995       105.43873              105.43873
              1         58.1009       0.7812501       0.9274836         13.017709           12.104476       1.0164467      0.77138513     -0.42519625       4.7082995        4.7082995        106.7852               106.7852
              3        57.98232      0.78899157       0.9274836         13.017709           12.104476       1.0164467      0.77138513     -0.42519625       4.7082995        4.7082995       106.54804              106.54804
              1       57.309133      0.78899157      0.91104037         13.026967           12.110705        1.017578      0.76994415     -0.43776486       4.7082995        4.7082995       105.20167              105.20167
              1       57.360617      0.78899157      0.91174603         13.027011           12.110762       1.0177258      0.76959527     -0.43795423       4.7082995        4.7082995       105.30463              105.30463
              2       59.496168      0.78899157      0.91739586          13.02827           12.117657       1.0166352      0.76984786     -0.43053745       4.7082995        4.7082995       109.57574              109.57574
              4       60.099492      0.78899157      0.92140663         13.027838           12.118423       1.0168669      0.76783006     -0.43645008       4.7082995        4.7082995       110.78238              110.78238
              2       58.639166      0.78899157      0.92720843         13.027802              12.114       1.0164251      0.76493274     -0.43127142       4.7082995        4.7082995       107.86173              107.86173
              1       60.516229      0.78899157      0.94858124         13.040028           12.122539       1.0191222      0.76678488     -0.41581432       4.7082995        4.7082995       111.61586              111.61586
              1        60.11875      0.78899157      0.93282402         13.035049           12.121357       1.0157113      0.77261326     -0.41815928       4.7082995        4.7082995        110.8209               110.8209
              2       58.595947      0.78899157      0.93855412         13.027357           12.113233       1.0168866      0.77087685     -0.43496313       4.7082995        4.7082995       107.77529              107.77529
              1       58.865527      0.78899157        0.929668         13.028675           12.113562       1.0215616      0.78287502      -0.4378275       4.7082995        4.7082995       108.31446              108.31446
              1       57.740616      0.78899157      0.93201498          13.03021           12.109692       1.0212468      0.78427315     -0.43348087       4.7082995        4.7082995       106.06463              106.06463
              7       56.969829      0.78899157      0.90717089          13.03551           12.103943       1.0226339      0.77580271     -0.43461247       4.7082995        4.7082995       104.52306              104.52306
              1       56.667459      0.78899157      0.90226347         13.036677           12.107487       1.0213529      0.77098638      -0.4492356       4.7082995        4.7082995       103.91832              103.91832
              3        57.14594      0.78899157      0.89943707         13.041947           12.119696       1.0223176       0.7769469     -0.44473648       4.7082995        4.7082995       104.87528              104.87528
              1       57.121841      0.78899157      0.89880591         13.042009           12.119661       1.0223668      0.77713845     -0.44461169       4.7082995        4.7082995       104.82708              104.82708
              1       57.308049      0.78899157      0.88274642         13.034175           12.120342       1.0174639       0.7773383     -0.46235604       4.7082995        4.7082995        105.1995               105.1995
              2        57.31734      0.78842384      0.88274642         13.034175           12.120342       1.0174639       0.7773383     -0.46235604       4.7082995        4.7082995       105.21808              105.21808
              3       57.305364      0.78842384      0.88223412         13.035349           12.121843       1.0164351      0.77751794     -0.45662104       4.7082995        4.7082995       105.19413              105.19413
              2       56.946042      0.78842384      0.91130931            13.055           12.121879       1.0197418      0.76959459      -0.4447841       4.7082995        4.7082995       104.47549              104.47549
              1       57.057077      0.78842384      0.91487992         13.056071           12.127481       1.0168708      0.77359713     -0.42996814       4.7082995        4.7082995       104.69755              104.69755
              2       56.701306      0.78842384      0.90570268         13.061902           12.131136       1.0173714      0.77815808     -0.43747383       4.7082995        4.7082995       103.98601              103.98601
              4       56.628131      0.78842384      0.90216464         13.061972           12.129578       1.0171325      0.77754688     -0.43699146       4.7082995        4.7082995       103.83966              103.83966
              1       56.614591      0.78842384      0.90121651         13.063025           12.130042       1.0175077      0.77658412     -0.43880619       4.7082995        4.7082995       103.81258              103.81258
              2       57.225605      0.78842384      0.91457093         13.063287           12.122553       1.0178197      0.77417606      -0.4460976       4.7082995        4.7082995       105.03461              105.03461
              1       56.914726      0.78842384      0.91463551         13.061459           12.122629       1.0179633      0.77487888     -0.44760717       4.7082995        4.7082995       104.41285              104.41285
              1       56.784609      0.79721464      0.91463551         13.061459           12.122629       1.0179633      0.77487888     -0.44760717       4.7082995        4.7082995       104.15262              104.15262
              3       56.773859      0.79721464      0.91476501         13.061682            12.12284       1.0180369      0.77510526     -0.44804053       4.7082995        4.7082995       104.13112              104.13112
              2       55.504692      0.79721464      0.91111193         13.062609           12.122674       1.0157196       0.7714228     -0.46508629       4.7082995        4.7082995       101.59278              101.59278
              1       55.808958      0.79721464      0.93000862         13.062693           12.116814       1.0155988       0.7735604     -0.47074498       4.7082995        4.7082995       102.20132              102.20132
              1       56.455581      0.79721464      0.92446163         13.051806           12.107035       1.0183177      0.76030023     -0.47089701       4.7082995        4.7082995       103.49456              103.49456
              6       56.326386      0.79721464      0.92626908         13.049289           12.106977        1.015503       0.7585992     -0.46583919       4.7082995        4.7082995       103.23617              103.23617
              2       56.678794      0.79721464      0.92467942         13.048795           12.105675       1.0172531      0.75568226     -0.45793646       4.7082995        4.7082995       103.94099              103.94099
              2       56.267766      0.79721464      0.92779049         13.050249            12.11118       1.0166913      0.75314124     -0.45396132       4.7082995        4.7082995       103.11893              103.11893
              1       56.200944      0.79721464      0.91862883         13.044889           12.111677       1.0151255      0.75229745     -0.44939293       4.7082995        4.7082995       102.98529              102.98529
              3        56.45397      0.79721464      0.92471925         13.042246           12.110314       1.0148543      0.74811016     -0.45440749       4.7082995        4.7082995       103.49134              103.49134
              2       57.231983      0.79721464      0.91433381         13.039511           12.114246       1.0170722      0.75229264      -0.4457164       4.7082995        4.7082995       105.04737              105.04737
              1       56.077777      0.79721464      0.89093829          13.02706           12.099168       1.0140129      0.75420298     -0.44622422       4.7082995        4.7082995       102.73896              102.73896
              1         56.0995      0.79721464      0.90100608         13.022251           12.100017       1.0137393        0.757613      -0.4466004       4.7082995        4.7082995        102.7824               102.7824
              3       56.195873      0.79721464      0.90197377         13.021538            12.09957       1.0141119       0.7562292     -0.44524678       4.7082995        4.7082995       102.97515              102.97515
              2       56.626184      0.79721464      0.90594059         13.024091           12.102239       1.0153837      0.75296556     -0.44197317       4.7082995        4.7082995       103.83577              103.83577
              1       56.474306      0.79721464      0.91229042         13.023479           12.096545       1.0138935      0.74614756     -0.44190836       4.7082995        4.7082995       103.53201              103.53201
              2       56.672549      0.79721464      0.91106236         13.025542           12.094209        1.014788      0.74639355     -0.44694518       4.7082995        4.7082995        103.9285               103.9285
              1       56.560718      0.79721464      0.91175453         13.024467           12.093949       1.0150593      0.74675268     -0.45126791       4.7082995        4.7082995       103.70484              103.70484
              4       56.461433      0.79721464      0.90674694         13.020566           12.093998       1.0149512       0.7457878     -0.44868869       4.7082995        4.7082995       103.50627              103.50627
              2        56.73358      0.79721464      0.91406409         13.016452           12.090595       1.0163331      0.76058442     -0.43551844       4.7082995        4.7082995       104.05056              104.05056
              2       57.134347      0.79721464      0.91149458         13.016068           12.091014        1.016608      0.76194602     -0.43093072       4.7082995        4.7082995        104.8521               104.8521
              1       57.071436      0.79721464      0.90701035         13.020963           12.096128       1.0149154      0.76305073     -0.43244235       4.7082995        4.7082995       104.72627              104.72627
              1       58.219172      0.79721464      0.90840567         13.013454           12.098862       1.0123856      0.76174801     -0.42984225       4.7082995        4.7082995       107.02175              107.02175
              2       59.381562      0.79721464      0.88210848         13.017025           12.085109       1.0088692      0.75205921     -0.42158598       4.7082995        4.7082995       109.34652              109.34652
              2        57.39011      0.79721464      0.87475041         13.015741           12.090441       1.0108505      0.74442916     -0.42199252       4.7082995        4.7082995       105.36362              105.36362
              1        58.08503      0.79721464      0.88449459         13.012725           12.093476       1.0151905      0.74163205     -0.40260032       4.7082995        4.7082995       106.75346              106.75346
              2       58.390409      0.79721464      0.88990791         13.016955           12.099369       1.0145817      0.74025694     -0.40376438       4.7082995        4.7082995       107.36422              107.36422
              1       58.839276      0.79721464      0.89450441            13.025           12.095227       1.0154921      0.74824308     -0.39896164       4.7082995        4.7082995       108.26195              108.26195
              2       58.733724      0.79721464      0.89809807         13.025463           12.093712       1.0156825      0.74671625      -0.4014767       4.7082995        4.7082995       108.05085              108.05085
              2       58.849488      0.79721464      0.89727188         13.025693           12.093411       1.0157571      0.74756581     -0.40161681       4.7082995        4.7082995       108.28238              108.28238
              1       58.451446      0.79721464      0.88909513         13.019022           12.099284       1.0171659      0.74849318     -0.40629399       4.7082995        4.7082995       107.48629              107.48629
              1       57.459926      0.79721464      0.89914842         13.019893           12.092576       1.0235262       0.7443524     -0.41792438       4.7082995        4.7082995       105.50325              105.50325
              2       56.850122      0.79721464      0.90006893         13.019225           12.090528       1.0212978       0.7442266     -0.44288908       4.7082995        4.7082995       104.28364              104.28364
              1       56.639627      0.79721464      0.91385746         13.014141           12.089631       1.0210088      0.74887214     -0.44099042       4.7082995        4.7082995       103.86265              103.86265
              2       56.457759      0.79721464      0.92378738         13.018402           12.089911        1.020297      0.76248208     -0.44205024       4.7082995        4.7082995       103.49892              103.49892
              1       57.702152      0.79721464      0.90711561         13.010094           12.092025       1.0177166       0.7673761     -0.43492835       4.7082995        4.7082995       105.98771              105.98771
              1       57.220814      0.79721464      0.89955318         13.013583           12.095983       1.0176129       0.7674085      -0.4420808       4.7082995        4.7082995       105.02503              105.02503
              3       58.468602      0.79721464      0.88202889         13.018267           12.092578       1.0224537      0.77114973     -0.42363889       4.7082995        4.7082995        107.5206               107.5206
              1       56.415744      0.79721464      0.88824418         13.018315           12.087696       1.0263007      0.76982679     -0.44671043       4.7082995        4.7082995       103.41489              103.41489
              2       57.776243      0.79721464      0.90129259         13.007006           12.088914       1.0270786      0.76632009     -0.44027287       4.7082995        4.7082995       106.13589              106.13589
              2       57.191077      0.79721464      0.91466511         13.016582           12.086075       1.0282183      0.75467258     -0.42676573       4.7082995        4.7082995       104.96556              104.96556
              2       56.771758      0.79721464      0.93822101         13.018487           12.083701       1.0232377      0.75679967     -0.43964404       4.7082995        4.7082995       104.12692              104.12692
              1       56.913057      0.79721464      0.94150335         13.017617           12.084437          1.0245       0.7538494     -0.43401152       4.7082995        4.7082995       104.40951              104.40951
              1       57.004821      0.79721464      0.94290579         13.019064           12.084543       1.0241927      0.75334436     -0.43332588       4.7082995        4.7082995       104.59304              104.59304
              1       57.038798      0.79721464      0.95578441          13.01583           12.081777       1.0234729      0.75498183     -0.43391894       4.7082995        4.7082995         104.661                104.661
              1       56.699078      0.79721464       0.9708844         13.023617           12.088886       1.0285054      0.76518851     -0.44843489       4.7082995        4.7082995       103.98156              103.98156
              5        56.79726      0.79721464      0.96944405          13.02547           12.083825       1.0293373      0.76546615     -0.44788161       4.7082995        4.7082995       104.17792              104.17792
              1       56.519242      0.79721464       0.9724849         13.021239           12.079619        1.031446       0.7621577     -0.45593633       4.7082995        4.7082995       103.62188              103.62188
              1       56.233821      0.79721464      0.96712402         13.022041           12.084412        1.032049      0.76122841     -0.46417796       4.7082995        4.7082995       103.05104              103.05104
              1       57.603919      0.79721464      0.95392666         13.014016            12.08679       1.0300893      0.75004857     -0.45172544       4.7082995        4.7082995       105.79124              105.79124
              2       57.370248      0.79721464       0.9496026         13.016641           12.086121       1.0315709       0.7491735     -0.44634263       4.7082995        4.7082995        105.3239               105.3239
              4       57.833563      0.79721464      0.95090957         13.014841           12.087092       1.0311976      0.74854805     -0.44155634       4.7082995        4.7082995       106.25053              106.25053
              2       58.115774      0.79721464      0.96017832         13.014874           12.086125        1.033719       0.7550086     -0.43496047       4.7082995        4.7082995       106.81495              106.81495
              3       58.529535      0.79721464      0.96835109         13.006259           12.084931       1.0301581      0.76473395     -0.45104467       4.7082995        4.7082995       107.64247              107.64247
              1       57.064747      0.79721464      0.95747849         13.014361           12.081641       1.0290421      0.75319376      -0.4345683       4.7082995        4.7082995        104.7129               104.7129
              1       57.151943      0.79721464      0.95999194         13.012038           12.074832       1.0245433      0.75262311     -0.44299881       4.7082995        4.7082995       104.88729              104.88729
              1       56.312024      0.79721464      0.90367144         13.016685           12.084309       1.0228112      0.75660871     -0.47349993       4.7082995        4.7082995       103.20745              103.20745
              1       55.777559      0.79721464      0.91152144         13.025402           12.091495         1.01983      0.76330139     -0.46602118       4.7082995        4.7082995       102.13852              102.13852
              3       57.610578      0.79721464      0.90114462         13.023541           12.085549       1.0199277      0.77131909     -0.45133119       4.7082995        4.7082995       105.80456              105.80456
              3       56.834297      0.79721464        0.918548         13.022092           12.086231       1.0164283      0.77292244     -0.45999747       4.7082995        4.7082995       104.25199              104.25199
              3       55.881121      0.79721464      0.91709507         13.018834           12.090026       1.0166764      0.77482661     -0.46063723       4.7082995        4.7082995       102.34564              102.34564
              1       55.950933      0.79721464      0.91649197         13.018386           12.090914       1.0162915      0.77443844     -0.45843982       4.7082995        4.7082995       102.48527              102.48527
              1       55.891345      0.79309103      0.91649197         13.018386           12.090914       1.0162915      0.77443844     -0.45843982       4.7082995        4.7082995       102.36609              102.36609
              1       56.250782      0.79309103      0.90215086         13.014815            12.08787        1.016433      0.77932218     -0.45629872       4.7082995        4.7082995       103.08496              103.08496
              1       54.478614      0.79309103       0.9096601         13.006427           12.092808       1.0096135      0.78708628     -0.49344742       4.7082995        4.7082995       99.540628              99.540628
              2       54.699657      0.79309103      0.91935344         12.997762           12.086339       1.0095947       0.7834654     -0.49004195       4.7082995        4.7082995       99.982714              99.982714
              3       54.421336      0.79309103      0.90825255          12.98837           12.076101       1.0123884      0.78662987     -0.49999453       4.7082995        4.7082995       99.426073              99.426073
              4       54.620335      0.79309103      0.92590686          12.99247           12.072746       1.0131284      0.79436547     -0.50632702       4.7082995        4.7082995       99.824071              99.824071
              5       53.997874      0.79309103      0.90093454         12.959699           12.058053       1.0097269      0.79935683     -0.52027843       4.7082995        4.7082995        98.57915               98.57915
              2        53.91577      0.79309103      0.86815631         12.965588           12.062129       1.0113458      0.80433608      -0.5368502       4.7082995        4.7082995       98.414942              98.414942
              1       54.514745      0.79309103      0.87714037         12.964799           12.070392       1.0109631      0.80634376     -0.53626697       4.7082995        4.7082995        99.61289               99.61289
              1       55.100503      0.79309103       0.8685437         12.983637             12.0719       1.0084459      0.81214419     -0.50846337       4.7082995        4.7082995       100.78441              100.78441
              2       55.158858      0.79309103      0.86622401         12.981858           12.071901        1.007686       0.8130093     -0.50679999       4.7082995        4.7082995       100.90112              100.90112
              1       55.593606      0.79309103      0.86256764         12.980079             12.0722       1.0101044       0.8176703     -0.50158946       4.7082995        4.7082995       101.77061              101.77061
              2       55.142644      0.79309103      0.85136928         12.985234           12.073164       1.0090339      0.82913338     -0.53122215       4.7082995        4.7082995       100.86869              100.86869
              3       55.550649      0.79309103      0.84013574         12.982947           12.070101       1.0074769      0.80127438     -0.53304227       4.7082995        4.7082995        101.6847               101.6847
              1       54.592095      0.79309103      0.84375717         12.983758           12.074486       1.0055795      0.80095807     -0.52904133       4.7082995        4.7082995       99.767591              99.767591
              2       54.821801      0.79309103      0.84391898         12.985243           12.074567       1.0056715      0.80078971     -0.52970692       4.7082995        4.7082995         100.227                100.227
              2       54.899884      0.79309103      0.84414778         12.985348           12.074282       1.0056609      0.80077954     -0.52888115       4.7082995        4.7082995       100.38317              100.38317
              1       55.045331      0.79309103      0.81421232         12.971933           12.083762       1.0085315      0.81921271     -0.55854856       4.7082995        4.7082995       100.67406              100.67406
              3       55.543739      0.79309103      0.83562061          12.95926           12.077747       1.0029415      0.82703306     -0.55900203       4.7082995        4.7082995       101.67088              101.67088
              1       55.056087      0.79309103      0.83867043         12.955426           12.072251       1.0053983       0.8254648     -0.56012408       4.7082995        4.7082995       100.69557              100.69557
              2       53.630183      0.79309103      0.81917175         12.953674           12.066045       1.0034949      0.82274512      -0.5565766       4.7082995        4.7082995       97.843767              97.843767
              1       53.578014      0.79309103      0.81284228           12.9507            12.06071       1.0036221      0.82326343       -0.556185       4.7082995        4.7082995       97.739429              97.739429
              2       53.512323      0.79309103      0.81029703         12.951441           12.061456       1.0057881      0.82385945     -0.55494005       4.7082995        4.7082995       97.608048              97.608048
              1       53.591717      0.79309103      0.82349449         12.950394           12.058489       1.0064149      0.82546409     -0.54869609       4.7082995        4.7082995       97.766835              97.766835
              1       53.665473      0.79309103      0.82178028         12.948904           12.058912       1.0065829      0.81274009      -0.5326102       4.7082995        4.7082995       97.914346              97.914346
              1       53.763713      0.79309103      0.82306243          12.94681           12.059623       1.0068074      0.81213113     -0.53530962       4.7082995        4.7082995       98.110826              98.110826
              4       53.838929      0.79309103      0.84310362         12.954904           12.062143       1.0051867      0.81864528     -0.53184804       4.7082995        4.7082995       98.261259              98.261259
              2       54.318411      0.79309103      0.84334538         12.961473           12.070117       1.0118367      0.81754522     -0.53178651       4.7082995        4.7082995       99.220224              99.220224
              3       53.620789      0.79309103       0.8395308         12.962735           12.064747       1.0128232      0.82314171     -0.53644724       4.7082995        4.7082995       97.824979              97.824979
              1       53.669069      0.79309103      0.84037516         12.962988           12.065208       1.0130089      0.82341684     -0.53546253       4.7082995        4.7082995       97.921538              97.921538
              1        53.64885      0.79309103      0.83847875         12.961618           12.065199       1.0142473      0.82076909     -0.53529101       4.7082995        4.7082995       97.881102              97.881102
              6       53.797485      0.79309103      0.84452029         12.963212           12.059252       1.0151422      0.82148809     -0.53600503       4.7082995        4.7082995       98.178371              98.178371
              1       53.665479      0.79309103      0.85243754         12.958647           12.062884       1.0148288      0.82500294     -0.54489378       4.7082995        4.7082995       97.914359              97.914359
              1       54.060717      0.79309103      0.85467959         12.961487           12.067044       1.0146641      0.82510187      -0.5416295       4.7082995        4.7082995       98.704835              98.704835
              2       53.520513      0.79309103      0.87331995         12.970746           12.062996       1.0207504      0.82373982     -0.55818167       4.7082995        4.7082995       97.624428              97.624428
              2       53.607285      0.79309103      0.86758358         12.973179           12.064549       1.0198345      0.82325957     -0.56034597       4.7082995        4.7082995        97.79797               97.79797
              1       55.202033      0.79309103      0.87768558         12.972454           12.070572       1.0197061      0.80783658     -0.55805554       4.7082995        4.7082995       100.98747              100.98747
              2        54.19002      0.79309103      0.89149977         12.980159            12.06677       1.0176188      0.80867411     -0.54959301       4.7082995        4.7082995       98.963441              98.963441
              1       55.219348      0.79309103      0.90607098         12.983558           12.079829       1.0190149      0.81567326     -0.55645211       4.7082995        4.7082995        101.0221               101.0221
              1       54.519516      0.79309103        0.902684          12.98779           12.079131        1.021263       0.8146467     -0.55331962       4.7082995        4.7082995       99.622432              99.622432
              3       53.700331      0.79309103      0.88518825         12.999311           12.079842       1.0205214      0.81682606     -0.54311114       4.7082995        4.7082995       97.984062              97.984062
              1       53.855619      0.79309103      0.89423815         13.002349           12.081099       1.0188258      0.81360946     -0.54199777       4.7082995        4.7082995       98.294638              98.294638
              7       53.796189      0.79309103      0.90111568          13.00173           12.083417       1.0212622      0.81241785     -0.52262044       4.7082995        4.7082995       98.175779              98.175779
              1        53.92206      0.79309103      0.91112055         13.004097           12.082518       1.0200212      0.81112825     -0.51922386       4.7082995        4.7082995       98.427521              98.427521
              1       54.086628      0.79309103      0.90866905         13.002308           12.079827       1.0205838      0.80380682     -0.51584213       4.7082995        4.7082995       98.756657              98.756657
              2       54.168571      0.79309103      0.91924716         12.991699           12.079322       1.0197302      0.80421783     -0.52512806       4.7082995        4.7082995       98.920544              98.920544
              1       54.040513      0.79309103       0.9279194         12.991399           12.076361       1.0211448       0.8056538     -0.53157445       4.7082995        4.7082995       98.664427              98.664427
              4       53.769839      0.79309103      0.92271496         12.993899           12.074998       1.0211952      0.80964576     -0.53270435       4.7082995        4.7082995       98.123079              98.123079
              1       54.060191      0.79309103      0.94250891         13.000713           12.077532        1.014284      0.81218191     -0.54765822       4.7082995        4.7082995       98.703783              98.703783
              1       54.106565      0.79309103       0.9428528         13.001222            12.07766       1.0137697       0.8121623     -0.54710107       4.7082995        4.7082995       98.796532              98.796532
              1       54.100861      0.79309103      0.94400979         13.001648           12.077762        1.013873      0.81261394     -0.54701689       4.7082995        4.7082995       98.785122              98.785122
              2       53.756129      0.79309103      0.94883372         12.996072           12.077347       1.0136826      0.81450405     -0.53335819       4.7082995        4.7082995       98.095659              98.095659
              3       53.716236      0.79309103       0.9494913         12.995479            12.07752       1.0135493      0.81485863     -0.53478011       4.7082995        4.7082995       98.015873              98.015873
              1       53.773579      0.79309103      0.95142136         12.996569           12.078509       1.0131165      0.81523275     -0.53262242       4.7082995        4.7082995       98.130558              98.130558
              1       53.761992      0.79309103      0.95637651         12.994816           12.079209       1.0123337      0.81168499     -0.53626194       4.7082995        4.7082995       98.107384              98.107384
              6       54.233309      0.79309103        0.965248          12.99961           12.074537       1.0139931       0.8088945     -0.53505869       4.7082995        4.7082995        99.05002               99.05002
              3       53.747564      0.79309103       0.9710964         12.997896           12.079006       1.0135401       0.8145842     -0.54633778       4.7082995        4.7082995       98.078528              98.078528
              3       53.792273      0.79309103        0.971617         12.993611           12.076312       1.0136701       0.8143909     -0.54825447       4.7082995        4.7082995       98.167946              98.167946
              1       53.890352      0.79309103      0.95073366         12.991786            12.07489       1.0192281       0.8129059      -0.5475209       4.7082995        4.7082995       98.364105              98.364105
              2        54.30142      0.79309103      0.94788103         12.984303           12.074781       1.0187928      0.82215586     -0.54668498       4.7082995        4.7082995       99.186241              99.186241
              2       57.177582      0.79309103      0.91978999         12.997935           12.095795       1.0166401      0.83110458     -0.56757339       4.7082995        4.7082995       104.93856              104.93856
              1       55.047116      0.79309103      0.91878609         13.002175           12.093711       1.0167122      0.83424565     -0.55834148       4.7082995        4.7082995       100.67763              100.67763
