#        weight    minuslogpost          sigma8        ygk_Ahmc ygk_LOWZ__5_lM1_0 ygk_LOWZ__5_lMmin_0  ygk_LOWZ__5_wz   ygk_mass_bias       ygk_rhogy   minuslogprior minuslogprior__0            chi2 chi2__ygk_like.ygkLike
              1       57.161989      0.82047567       1.0357052         12.998236           12.057506       1.0117645      0.75322724     -0.51754464       4.7082995        4.7082995       104.90738              104.90738
              3       56.154297      0.82047567       1.0178408         12.999247           12.058934       1.0143573      0.75027096     -0.51995391       4.7082995        4.7082995         102.892                102.892
              3       56.002685      0.82047567       1.0321189         13.001679           12.064355       1.0143865      0.73504417     -0.53337207       4.7082995        4.7082995       102.58877              102.58877
              5       54.932435      0.82047567        1.031464         13.010313            12.06617       1.0135138      0.73200904     -0.53123415       4.7082995        4.7082995       100.44827              100.44827
              7       54.815585      0.82047567       1.0233305         13.009248           12.059361        1.012909      0.72546359     -0.51958054       4.7082995        4.7082995       100.21457              100.21457
              1       54.957969      0.82047567       1.0290888         13.010281           12.058595       1.0131123      0.72469245     -0.52051188       4.7082995        4.7082995       100.49934              100.49934
              1       55.952059      0.82047567       1.0347937         13.007017           12.066696       1.0159522        0.732445     -0.53655713       4.7082995        4.7082995       102.48752              102.48752
              1       55.985485      0.82047567       1.0325258         13.006394           12.065648       1.0161179      0.73039465     -0.54220212       4.7082995        4.7082995       102.55437              102.55437
              1       54.378468      0.82047567       1.0339651         13.005673            12.05772       1.0139146      0.73886341     -0.55049668       4.7082995        4.7082995       99.340336              99.340336
              2       54.456305      0.82047567        1.030739         13.009188           12.056931       1.0147052      0.73975339     -0.55087884       4.7082995        4.7082995        99.49601               99.49601
              2       54.522992      0.82047567       1.0307666         13.012491           12.060392       1.0129162      0.73923759     -0.55548104       4.7082995        4.7082995       99.629385              99.629385
              4        54.52215      0.82047567       1.0307511         13.012408           12.060348       1.0129297      0.73933505     -0.55576898       4.7082995        4.7082995         99.6277                99.6277
              2       54.609252      0.82047567       1.0474516         13.013902           12.062318        1.010221      0.74059811     -0.56108713       4.7082995        4.7082995       99.801905              99.801905
              4       54.567571      0.82047567       1.0600801         13.011179           12.064579       1.0078769      0.74364508      -0.5582513       4.7082995        4.7082995       99.718542              99.718542
              1       56.599831      0.82047567       1.0826019         13.008722           12.065053       1.0101771      0.72719137     -0.55124176       4.7082995        4.7082995       103.78306              103.78306
              1       55.649577      0.82047567       1.0790589         13.016276            12.06333       1.0073606      0.72328463     -0.54237425       4.7082995        4.7082995       101.88256              101.88256
              3       56.038499      0.82047567       1.0837179         13.022752           12.070757       1.0080732      0.72393609     -0.55000216       4.7082995        4.7082995        102.6604               102.6604
              1       55.312238      0.82047567       1.0983921         13.027588           12.070585        1.007562      0.73014059     -0.54615262       4.7082995        4.7082995       101.20788              101.20788
              5       55.834952      0.82047567       1.0730502         13.030747           12.073102        1.003788      0.73611736     -0.51603382       4.7082995        4.7082995       102.25331              102.25331
              1       55.514167      0.82047567       1.0681213         13.031025           12.073333       1.0035207      0.73717622     -0.52338299       4.7082995        4.7082995       101.61173              101.61173
              1       55.879605      0.82047567       1.0775654         13.034583           12.076076       0.9989348      0.73720394     -0.52464704       4.7082995        4.7082995       102.34261              102.34261
              1       55.633001      0.82047567       1.0828265         13.036304           12.087104       1.0006762      0.73702918     -0.52820814       4.7082995        4.7082995        101.8494               101.8494
              3       56.714276      0.82047567       1.0430244         13.039645           12.095679      0.99833366      0.73032282     -0.50166162       4.7082995        4.7082995       104.01195              104.01195
              1       56.588236      0.82047567       1.0429751         13.041444           12.095964      0.99987677      0.72911964     -0.50013318       4.7082995        4.7082995       103.75987              103.75987
              3       56.595722      0.82047567       1.0430822         13.041407           12.096103      0.99989149      0.72906758     -0.50059557       4.7082995        4.7082995       103.77485              103.77485
              1       56.927628      0.82047567       1.0491803         13.025565           12.082476       1.0051246      0.74055503     -0.51154893       4.7082995        4.7082995       104.43866              104.43866
              3       55.572242      0.82047567       1.0409878         13.031228            12.08011       1.0050125      0.74491353     -0.52015194       4.7082995        4.7082995       101.72788              101.72788
              1       55.694665      0.82047567       1.0313165         13.028621           12.069967        1.007253      0.73340159      -0.5594558       4.7082995        4.7082995       101.97273              101.97273
              1       56.803887      0.82047567       1.0580862         13.030264           12.079207       1.0057891      0.72681131     -0.57038229       4.7082995        4.7082995       104.19117              104.19117
              1       56.400359      0.82047567       1.0748215         13.022158           12.072817       1.0072752      0.72905926     -0.56626944       4.7082995        4.7082995       103.38412              103.38412
              1       57.250029      0.82047567       1.0757985          13.02645           12.067935       1.0085403      0.71194537      -0.5407557       4.7082995        4.7082995       105.08346              105.08346
              1       57.215745      0.82047567       1.0842471         13.039344           12.071068       1.0171453      0.71734123     -0.54354703       4.7082995        4.7082995       105.01489              105.01489
              1       56.073754      0.82335852       1.0842471         13.039344           12.071068       1.0171453      0.71734123     -0.54354703       4.7082995        4.7082995       102.73091              102.73091
              3        56.18167      0.82335852       1.0854987         13.037128           12.072995       1.0167337      0.71486566     -0.54149041       4.7082995        4.7082995       102.94674              102.94674
              1       56.184797      0.82335852       1.0859602         13.037414           12.073299       1.0166098      0.71496697     -0.54181162       4.7082995        4.7082995         102.953                102.953
              1       62.261008      0.82335852       1.0815838         13.035757           12.088468       1.0225729      0.72039515     -0.54716317       4.7082995        4.7082995       115.10542              115.10542
              1       61.410924      0.82335852       1.0765141          13.03802           12.089379       1.0224434      0.71946466     -0.54287014       4.7082995        4.7082995       113.40525              113.40525
              1       60.416428      0.82335852       1.0979234         13.041143           12.088217       1.0242262      0.72131889     -0.52023488       4.7082995        4.7082995       111.41626              111.41626
              1       62.103764      0.82335852       1.0978267         13.037711           12.090599       1.0206552        0.725965     -0.52891823       4.7082995        4.7082995       114.79093              114.79093
              5       61.911973      0.82335852       1.0994524         13.037769           12.090257       1.0205752      0.72635513     -0.52774639       4.7082995        4.7082995       114.40735              114.40735
              2       61.299247      0.82335852       1.0689041         13.036506           12.088013       1.0206309      0.73810559     -0.50329567       4.7082995        4.7082995       113.18189              113.18189
              3       59.756318      0.82335852       1.0741442         13.037174            12.07318       1.0201983      0.73808037     -0.48217165       4.7082995        4.7082995       110.09604              110.09604
              2       58.723737      0.82335852       1.0935542          13.03456           12.073358       1.0233234       0.7297764     -0.48459579       4.7082995        4.7082995       108.03087              108.03087
              2       58.589019      0.82335852       1.1012942         13.038357           12.072688        1.023309      0.73336833     -0.48886795       4.7082995        4.7082995       107.76144              107.76144
              3        57.98756      0.82335852       1.1006044         13.040592           12.071664       1.0235213       0.7313522      -0.4883943       4.7082995        4.7082995       106.55852              106.55852
              1        57.94947      0.82335852       1.0982497         13.040472           12.072673       1.0233809      0.73083398     -0.48810253       4.7082995        4.7082995       106.48234              106.48234
              1       57.795861      0.82335852       1.0971941         13.042432           12.071968       1.0218894      0.73228666     -0.49127906       4.7082995        4.7082995       106.17512              106.17512
              1       57.068356      0.82335852       1.1016291          13.03957             12.0714       1.0208321      0.72813911      -0.4944864       4.7082995        4.7082995       104.72011              104.72011
              1       56.916488      0.82335852       1.1103739          13.03973            12.06801       1.0196664      0.73106971     -0.50338322       4.7082995        4.7082995       104.41638              104.41638
              4        56.92009      0.82335852       1.1210381         13.034908           12.069071       1.0197962      0.72723092     -0.50034916       4.7082995        4.7082995       104.42358              104.42358
              2       56.830339      0.82335852       1.1277721           13.0384             12.0722       1.0225018      0.72775925     -0.50641458       4.7082995        4.7082995       104.24408              104.24408
              1       56.845585      0.82335852       1.1279681          13.03842           12.072218        1.022512       0.7277903     -0.50629997       4.7082995        4.7082995       104.27457              104.27457
              1       57.694487      0.82335852       1.1249516         13.037324           12.074771       1.0227377      0.72760814     -0.50228579       4.7082995        4.7082995       105.97238              105.97238
              1       57.841304      0.82335852       1.1228166         13.040178           12.077135        1.021266      0.73223689     -0.50387773       4.7082995        4.7082995       106.26601              106.26601
              3       57.864652      0.82335852       1.1230119         13.040079           12.077249       1.0212385      0.73218817     -0.50410051       4.7082995        4.7082995       106.31271              106.31271
              1       56.682608      0.82335852       1.1239096          13.04929           12.080418       1.0200775      0.72291265      -0.5014795       4.7082995        4.7082995       103.94862              103.94862
              1       56.427476      0.82335852       1.1417225         13.047386           12.078496       1.0158814      0.72102025     -0.50848982       4.7082995        4.7082995       103.43835              103.43835
              1       56.743431      0.82335852       1.1326966         13.044958           12.079361       1.0139905      0.72495797     -0.50569321       4.7082995        4.7082995       104.07026              104.07026
              2       56.438806      0.82335852       1.1233511         13.045412           12.083856       1.0135297      0.72063839     -0.52330264       4.7082995        4.7082995       103.46101              103.46101
              3       55.842831      0.82335852       1.1261109         13.058515           12.089562       1.0121625      0.72443197     -0.52041694       4.7082995        4.7082995       102.26906              102.26906
              1       55.881356      0.82335852       1.1245255         13.061333           12.086828       1.0099908      0.72040353     -0.51826022       4.7082995        4.7082995       102.34611              102.34611
              1       55.732858      0.82335852       1.1139484         13.058608           12.087588       1.0101358      0.71901159     -0.51469139       4.7082995        4.7082995       102.04912              102.04912
              2       57.292748      0.82335852       1.1144628         13.062532           12.081483       1.0130473      0.71791871     -0.50064655       4.7082995        4.7082995        105.1689               105.1689
              2       57.082632      0.82335852       1.1284312          13.05752           12.086566       1.0125255      0.71338419     -0.48542715       4.7082995        4.7082995       104.74867              104.74867
              2        57.00312      0.82335852       1.1281217         13.058379           12.087528       1.0127542      0.71249262     -0.48616459       4.7082995        4.7082995       104.58964              104.58964
              1        57.99281      0.82335852       1.1497823         13.066151           12.081255       1.0172372      0.70926535      -0.4827315       4.7082995        4.7082995       106.56902              106.56902
              1        57.91496      0.82335852       1.1363362         13.068827           12.087675       1.0189181      0.69977611     -0.46575692       4.7082995        4.7082995       106.41332              106.41332
              2        59.71139      0.82335852       1.1507079         13.057982            12.08724       1.0183877      0.69880547     -0.44773283       4.7082995        4.7082995       110.00618              110.00618
              4       59.205002      0.82335852       1.1217184         13.046249           12.065378       1.0217459      0.69189746     -0.45398405       4.7082995        4.7082995        108.9934               108.9934
              1        59.28614      0.82335852       1.1199026         13.044445           12.064078       1.0219156      0.69139338     -0.45203534       4.7082995        4.7082995       109.15568              109.15568
              1       59.575206      0.82335852       1.1214766          13.03514           12.072374       1.0216083      0.68073266     -0.47324953       4.7082995        4.7082995       109.73381              109.73381
              3       59.701026      0.82335852       1.1169505         13.036047           12.073639       1.0218633      0.68007431     -0.47196741       4.7082995        4.7082995       109.98545              109.98545
              4       59.419411      0.82335852       1.1080361         13.032116           12.068749        1.020722      0.67950093     -0.48207008       4.7082995        4.7082995       109.42222              109.42222
              1        61.00745      0.82335852        1.099598         13.032878           12.073294        1.020946      0.67504436     -0.48422992       4.7082995        4.7082995        112.5983               112.5983
              1       60.896228      0.82335852       1.1014407         13.035481           12.069384       1.0196908      0.66942248     -0.47751686       4.7082995        4.7082995       112.37586              112.37586
              3       60.942279      0.82335852       1.1024515         13.039927           12.070152       1.0184824      0.67086098      -0.4837317       4.7082995        4.7082995       112.46796              112.46796
              1       61.038632      0.82335852       1.1025151         13.040165           12.070167       1.0186763      0.67078777      -0.4846013       4.7082995        4.7082995       112.66066              112.66066
              2       61.624206      0.82335852         1.10855         13.037482           12.067798       1.0177984      0.67057982     -0.49208971       4.7082995        4.7082995       113.83181              113.83181
              1       59.157238      0.82335852       1.1160773         13.038929           12.070734       1.0178664      0.68231101     -0.49331648       4.7082995        4.7082995       108.89788              108.89788
              1       58.311253      0.82335852       1.1009005         13.021387           12.062024       1.0233192      0.68908018     -0.48611851       4.7082995        4.7082995       107.20591              107.20591
              2       58.271485      0.82335852       1.1008352         13.021203            12.06166       1.0233195      0.68900364     -0.48575295       4.7082995        4.7082995       107.12637              107.12637
              1       57.795834      0.82335852       1.1325083         13.024531           12.059325       1.0237269      0.69378903     -0.47870924       4.7082995        4.7082995       106.17507              106.17507
              1       57.870637      0.82335852       1.1356849         13.024665           12.057968       1.0214747       0.6913861     -0.48525775       4.7082995        4.7082995       106.32467              106.32467
              5       58.079323      0.82335852       1.1363535         13.025372           12.057919       1.0218415      0.68961998     -0.48539646       4.7082995        4.7082995       106.74205              106.74205
              3       58.299118      0.82335852       1.1411859         13.025351           12.057459       1.0226054      0.68802834      -0.4824749       4.7082995        4.7082995       107.18164              107.18164
              2       58.328381      0.82335852       1.1552825         13.025636           12.053264       1.0219525      0.70448108     -0.46830735       4.7082995        4.7082995       107.24016              107.24016
              1       57.493341      0.82335852        1.148448           13.0106           12.050026       1.0211663      0.70762503     -0.48559886       4.7082995        4.7082995       105.57008              105.57008
              3       57.529115      0.82335852       1.1493267         13.010681           12.050139       1.0213321      0.70855533     -0.48582427       4.7082995        4.7082995       105.64163              105.64163
              3       57.129343      0.82335852        1.160828         13.013185           12.048042       1.0189313       0.7079817     -0.49519689       4.7082995        4.7082995       104.84209              104.84209
              1       57.170673      0.82335852       1.1598807         13.014684           12.048103       1.0185744      0.70784324     -0.49458166       4.7082995        4.7082995       104.92475              104.92475
              1        57.61024      0.82335852       1.1528759         13.009274           12.045306       1.0160525      0.69693433     -0.49788947       4.7082995        4.7082995       105.80388              105.80388
              1        57.68558      0.82335852       1.1323984         13.005274           12.053073       1.0155095      0.70098781     -0.49774964       4.7082995        4.7082995       105.95456              105.95456
              2       57.349674      0.82335852       1.1302264         13.005701            12.05186       1.0157866      0.70124531     -0.50051613       4.7082995        4.7082995       105.28275              105.28275
              1       57.017541      0.82335852       1.1259375         13.004711           12.048202       1.0161394      0.70206713      -0.4901544       4.7082995        4.7082995       104.61848              104.61848
              1       57.406708      0.82335852       1.1231513          13.00672           12.050732       1.0183306      0.69749309     -0.48738169       4.7082995        4.7082995       105.39682              105.39682
              1        57.80595      0.82335852        1.125788         13.017668           12.048434       1.0184487      0.69616029     -0.49016978       4.7082995        4.7082995        106.1953               106.1953
              2       57.749109      0.82335852       1.1281966         13.018572           12.052363       1.0181766      0.69186549     -0.47872174       4.7082995        4.7082995       106.08162              106.08162
              1       58.828783      0.82335852       1.1504636         13.018799           12.048748       1.0211355      0.70291339     -0.46017955       4.7082995        4.7082995       108.24097              108.24097
              1       58.649689      0.82335852       1.1424571         13.018193           12.046465       1.0249381       0.6991608      -0.4585417       4.7082995        4.7082995       107.88278              107.88278
              1       58.460089      0.82335852       1.1604635         13.016889           12.052802       1.0267781      0.69581947     -0.47453767       4.7082995        4.7082995       107.50358              107.50358
              1       58.899722      0.82335852       1.1558092          13.01832           12.056839       1.0272789      0.69875136     -0.47485516       4.7082995        4.7082995       108.38284              108.38284
              2       58.640941      0.82335852        1.160744          13.02361           12.059629       1.0249141        0.695293      -0.4764962       4.7082995        4.7082995       107.86528              107.86528
              1       58.315571      0.82335852       1.1604429         13.023606           12.058279       1.0245221      0.69582193     -0.47696224       4.7082995        4.7082995       107.21454              107.21454
              1       58.078867      0.82335852       1.1648129         13.026711            12.05727        1.025244      0.69788128      -0.4740213       4.7082995        4.7082995       106.74114              106.74114
              2       59.190376      0.82335852       1.1387081         13.037007           12.053859       1.0274369       0.6934199     -0.48435131       4.7082995        4.7082995       108.96415              108.96415
              2       58.190748      0.82335852       1.1313047         13.037884           12.057627       1.0265366      0.69858934      -0.4808321       4.7082995        4.7082995        106.9649               106.9649
              6       57.837924      0.82335852       1.1192487         13.035069           12.067331       1.0302952      0.71225254     -0.47621029       4.7082995        4.7082995       106.25925              106.25925
              3       57.498668      0.82335852       1.1158324         13.033025           12.065984       1.0318191       0.7104425     -0.48321232       4.7082995        4.7082995       105.58074              105.58074
              4       58.659615      0.82335852       1.1130981         13.030867           12.065071       1.0339544      0.71024002     -0.46682913       4.7082995        4.7082995       107.90263              107.90263
              2       58.363478      0.82335852        1.097414         13.026674            12.06598       1.0350561      0.71740227      -0.4877311       4.7082995        4.7082995       107.31036              107.31036
              1        58.51719      0.82335852       1.1005663         13.027155           12.066482       1.0343437      0.72003002      -0.4877326       4.7082995        4.7082995       107.61778              107.61778
              4       56.937363      0.82335852        1.109416         13.041368           12.064365       1.0397018      0.72425394     -0.49329868       4.7082995        4.7082995       104.45813              104.45813
              1       57.157713      0.82335852       1.1084684         13.041269           12.065838        1.039951      0.72545191     -0.49216182       4.7082995        4.7082995       104.89883              104.89883
              4       56.965127      0.82335852       1.1045172          13.03974           12.062193       1.0389896      0.73178199      -0.4985223       4.7082995        4.7082995       104.51366              104.51366
              1       56.734377      0.82335852       1.1179537         13.042266           12.064986       1.0386219      0.73366246     -0.50682499       4.7082995        4.7082995       104.05215              104.05215
              1       56.130201      0.82335852       1.1054904         13.048677           12.068765       1.0363419      0.73161597     -0.51343848       4.7082995        4.7082995        102.8438               102.8438
              3       56.903662      0.82335852       1.1191675         13.036703            12.06721       1.0361384      0.72080548     -0.51026343       4.7082995        4.7082995       104.39072              104.39072
              1       56.952366      0.82335852       1.1023063         13.039344            12.07092       1.0322127      0.71198965     -0.51688301       4.7082995        4.7082995       104.48813              104.48813
              1       56.665272      0.82335852       1.0979536         13.035873           12.058892       1.0302654      0.71556531     -0.52847216       4.7082995        4.7082995       103.91394              103.91394
              1        55.71963      0.82335852       1.1028961         13.032981           12.062524       1.0277396      0.72032758     -0.52545629       4.7082995        4.7082995       102.02266              102.02266
              1       55.557796      0.82652072       1.1028961         13.032981           12.062524       1.0277396      0.72032758     -0.52545629       4.7082995        4.7082995       101.69899              101.69899
              6       55.861372      0.82652072       1.0889369         13.030331           12.057809       1.0295252      0.72684893     -0.51608451       4.7082995        4.7082995       102.30614              102.30614
              1       55.865007      0.82652072        1.088047         13.030817           12.060469       1.0291048      0.73037813     -0.51932881       4.7082995        4.7082995       102.31341              102.31341
              4       55.987587      0.82652072       1.0743975         13.043581           12.063807       1.0304409      0.73475291     -0.52715043       4.7082995        4.7082995       102.55858              102.55858
              2       55.813114      0.82652072       1.0750801         13.043874           12.064857       1.0302197      0.73394448     -0.52738899       4.7082995        4.7082995       102.20963              102.20963
              5       55.532699      0.82652072       1.0909583         13.044624           12.064229       1.0299558       0.7383269     -0.54259254       4.7082995        4.7082995        101.6488               101.6488
              1       55.438336      0.82652072       1.0920364         13.045104           12.064258       1.0298775      0.74023302      -0.5489923       4.7082995        4.7082995       101.46007              101.46007
              1       55.159714      0.82652072       1.0874418         13.034953           12.064457       1.0311627      0.73357929     -0.56112501       4.7082995        4.7082995       100.90283              100.90283
              2       55.344006      0.82652072       1.0937307         13.034055           12.064484        1.032024      0.73428223     -0.55976026       4.7082995        4.7082995       101.27141              101.27141
              4       55.301788      0.82652072       1.0735047         13.036739             12.0683       1.0324614      0.73466317     -0.56065208       4.7082995        4.7082995       101.18698              101.18698
              2       55.159217      0.82652072       1.0742808         13.038744           12.068015       1.0322986      0.73411514     -0.56192619       4.7082995        4.7082995       100.90183              100.90183
              1       55.832307      0.82652072       1.0723457         13.029632           12.049848       1.0375035      0.73675608     -0.57244657       4.7082995        4.7082995       102.24801              102.24801
              1       55.966192      0.82652072       1.0724753         13.029666           12.049374       1.0373085      0.73638962     -0.57209336       4.7082995        4.7082995       102.51578              102.51578
              2       56.502514      0.82652072       1.0773901         13.020488           12.054352       1.0394529      0.72526912     -0.56023123       4.7082995        4.7082995       103.58843              103.58843
              1       57.134588      0.82652072       1.1036068         13.018995           12.054408       1.0390148      0.72823536     -0.56270724       4.7082995        4.7082995       104.85258              104.85258
              2       57.148101      0.82652072       1.1037807         13.019288           12.054403        1.039078      0.72794838     -0.56322724       4.7082995        4.7082995        104.8796               104.8796
              1       57.485031      0.82652072       1.1019378         13.018571           12.053936       1.0392821      0.72536297     -0.56404831       4.7082995        4.7082995       105.55346              105.55346
              1       57.483273      0.82652072        1.101926         13.018574           12.053935       1.0392795       0.7253628     -0.56404361       4.7082995        4.7082995       105.54995              105.54995
              3       57.210822      0.82652072       1.0982084         13.022944           12.055362       1.0406934      0.72518959      -0.5632387       4.7082995        4.7082995       105.00504              105.00504
              1       57.222513      0.82652072       1.0961239         13.022773            12.05486       1.0407518      0.72605895     -0.56740734       4.7082995        4.7082995       105.02843              105.02843
              1       55.470853      0.82652072       1.0702042         13.010296           12.036684       1.0465513      0.73748188     -0.53209301       4.7082995        4.7082995       101.52511              101.52511
              4       55.647763      0.82652072        1.074229         13.012372           12.036102       1.0484939      0.73722437     -0.52982584       4.7082995        4.7082995       101.87893              101.87893
              1       56.707682      0.82652072       1.0500957          13.01047           12.028083       1.0509611      0.74249206     -0.53869439       4.7082995        4.7082995       103.99876              103.99876
              3       55.324211      0.82652072       1.0461408          13.00398           12.029296       1.0523085      0.73305661     -0.53979764       4.7082995        4.7082995       101.23182              101.23182
              3       54.993803      0.82652072       1.0602548           13.0017            12.02991       1.0516609      0.74013741      -0.5508946       4.7082995        4.7082995       100.57101              100.57101
              1        55.43169      0.82652072       1.0694108         13.010671           12.032933       1.0517309      0.73657601     -0.55514451       4.7082995        4.7082995       101.44678              101.44678
              2        56.47817      0.82652072       1.0504456         13.013908             12.0329       1.0528145      0.73914967     -0.57694584       4.7082995        4.7082995       103.53974              103.53974
              1       55.539116      0.82652072        1.063816         13.014032           12.035815       1.0533708      0.73974093     -0.56642565       4.7082995        4.7082995       101.66163              101.66163
              2       55.714963      0.82652072       1.0610386         13.015452           12.034204        1.055078      0.74080017     -0.56367243       4.7082995        4.7082995       102.01333              102.01333
              3       55.669588      0.82652072       1.0592527         13.016339           12.036872       1.0554754      0.73905288     -0.56453383       4.7082995        4.7082995       101.92258              101.92258
              1       57.545683      0.82652072       1.0733653         13.030124           12.038322       1.0553789      0.74722141     -0.58643089       4.7082995        4.7082995       105.67477              105.67477
              1       55.574349      0.82652072       1.0759847         13.025803           12.046685       1.0541837      0.74169678     -0.56310981       4.7082995        4.7082995        101.7321               101.7321
              1        56.17232      0.82652072       1.0585347         13.027547           12.045764       1.0574305      0.73458221     -0.56111838       4.7082995        4.7082995       102.92804              102.92804
              2       56.266844      0.82652072       1.0542129         13.025441           12.044982       1.0562865      0.73337449     -0.56368294       4.7082995        4.7082995       103.11709              103.11709
              3       56.491896      0.82652072       1.0575348         13.018918           12.044032       1.0577993      0.73409031     -0.56491054       4.7082995        4.7082995       103.56719              103.56719
              2       56.599967      0.82652072       1.0586069         13.018977           12.043926       1.0577748        0.734376     -0.56489216       4.7082995        4.7082995       103.78333              103.78333
              4        55.98564      0.82652072       1.0547648         13.019065           12.041053       1.0580066      0.73702755     -0.56513441       4.7082995        4.7082995       102.55468              102.55468
              1       55.923659      0.82652072       1.0545829         13.020521           12.040402       1.0589287      0.73655227     -0.52801339       4.7082995        4.7082995       102.43072              102.43072
              2       55.898992      0.82652072       1.0544341         13.020425           12.040424       1.0589605      0.73624407     -0.52783961       4.7082995        4.7082995       102.38139              102.38139
              1       56.094056      0.82652072       1.0561936         13.015643           12.044807       1.0565873      0.73459133     -0.53990404       4.7082995        4.7082995       102.77151              102.77151
              3       56.929731      0.82652072       1.0572297          13.00943           12.043192        1.053983      0.73728796     -0.52091796       4.7082995        4.7082995       104.44286              104.44286
              1       57.534587      0.82652072       1.0843333         13.009948           12.042663       1.0543764      0.73435883      -0.5188853       4.7082995        4.7082995       105.65258              105.65258
              1        56.40942      0.82652072       1.0963673         13.008523           12.038454       1.0526952      0.72930574     -0.52880382       4.7082995        4.7082995       103.40224              103.40224
              1       55.892771      0.82652072       1.1008177         13.010442           12.035663       1.0559983      0.73721915      -0.5498932       4.7082995        4.7082995       102.36894              102.36894
              2       56.248425      0.82949593       1.1008177         13.010442           12.035663       1.0559983      0.73721915      -0.5498932       4.7082995        4.7082995       103.08025              103.08025
              2       56.494842      0.82949593       1.0865921         12.991143           12.023617       1.0557306       0.7429011     -0.54606152       4.7082995        4.7082995       103.57308              103.57308
              1        55.53066      0.82949593         1.07034         12.991945           12.022196       1.0575604      0.73433848     -0.55413439       4.7082995        4.7082995       101.64472              101.64472
              1       55.385925      0.82949593       1.0540519         12.974015            12.01018       1.0524998      0.73883226     -0.53961305       4.7082995        4.7082995       101.35525              101.35525
              1       54.790813      0.82949593       1.0572404         12.968821           12.006564       1.0530362      0.73931878     -0.56958656       4.7082995        4.7082995       100.16503              100.16503
              2       54.852547      0.82949593       1.0600199         12.968621           12.006045       1.0527104      0.73704051     -0.56919518       4.7082995        4.7082995       100.28849              100.28849
              1       56.869747      0.82949593       1.0805196         12.964162           12.010673       1.0520957      0.74331684     -0.56602517       4.7082995        4.7082995       104.32289              104.32289
              1       55.391051      0.82949593       1.0906958         12.969559           11.998914       1.0532628      0.74774492     -0.56219862       4.7082995        4.7082995        101.3655               101.3655
              3       55.388993      0.82949593       1.0910558         12.964171           11.998331        1.056808      0.74552932     -0.55670238       4.7082995        4.7082995       101.36139              101.36139
              2       55.325566      0.82949593       1.0902942         12.966468           11.992908       1.0592649      0.73835525     -0.56603576       4.7082995        4.7082995       101.23453              101.23453
              1       55.427917      0.82949593       1.0811198         12.969486           11.993965       1.0612193      0.74211196     -0.56346262       4.7082995        4.7082995       101.43923              101.43923
              5        55.13885      0.82949593       1.0745108         12.965614           11.993273       1.0611754      0.74157946     -0.56377707       4.7082995        4.7082995        100.8611               100.8611
              1       55.916032      0.82949593       1.0747292         12.963397           12.001961       1.0615177       0.7348821      -0.5541136       4.7082995        4.7082995       102.41547              102.41547
              2       55.592494      0.82949593       1.0776342         12.964871           12.000739       1.0607264      0.73153624     -0.55700962       4.7082995        4.7082995       101.76839              101.76839
              2       56.045826      0.82949593       1.0772775         12.966851           12.001026       1.0634655      0.72965785     -0.56384652       4.7082995        4.7082995       102.67505              102.67505
              1       56.127642      0.82949593       1.0753734         12.966869           12.000566       1.0636647      0.72823705     -0.56466168       4.7082995        4.7082995       102.83868              102.83868
              1       55.421277      0.82949593       1.0672039         12.968002           11.998885       1.0622523      0.72959369     -0.55977613       4.7082995        4.7082995       101.42596              101.42596
              2       55.267714      0.83134239       1.0672039         12.968002           11.998885       1.0622523      0.72959369     -0.55977613       4.7082995        4.7082995       101.11883              101.11883
              1       55.213818      0.83134239       1.0675903         12.968955            11.99821       1.0627104      0.72982495     -0.55788855       4.7082995        4.7082995       101.01104              101.01104
              3       55.017753      0.83134239       1.0647587         12.959385           11.988584       1.0641355      0.73580483     -0.56333116       4.7082995        4.7082995       100.61891              100.61891
              2       55.058574      0.83134239        1.059115         12.957315           11.985495       1.0647171      0.74075478     -0.56412272       4.7082995        4.7082995       100.70055              100.70055
              3       55.022338      0.83134239       1.0658325          12.95289           11.984706       1.0665956      0.73899017     -0.56303763       4.7082995        4.7082995       100.62808              100.62808
              1       55.044151      0.83134239       1.0685338         12.953825            11.98461       1.0662359      0.73741397     -0.56886368       4.7082995        4.7082995        100.6717               100.6717
              5       55.167717      0.83134239       1.0655261         12.957661           11.986317       1.0675395      0.73561906     -0.56797701       4.7082995        4.7082995       100.91883              100.91883
              1       55.158852      0.83134239       1.0612838         12.959688           11.986326       1.0670872      0.73920798     -0.57182927       4.7082995        4.7082995       100.90111              100.90111
              2       55.477168      0.83134239       1.0704476         12.956561           11.980545       1.0689593      0.73632866     -0.56415904       4.7082995        4.7082995       101.53774              101.53774
              1       55.222941      0.83134239       1.0724154         12.954844           11.983971       1.0686622       0.7367852     -0.55648228       4.7082995        4.7082995       101.02928              101.02928
              1       55.695265      0.83134239       1.0587543         12.958047           11.988633       1.0711607      0.72535115     -0.55329925       4.7082995        4.7082995       101.97393              101.97393
              4       55.236803      0.83134239       1.0406406         12.953683           11.984006       1.0704216      0.72718939     -0.54545307       4.7082995        4.7082995       101.05701              101.05701
              1       55.547632      0.83134239       1.0336544         12.954968           11.988807       1.0726939      0.72687162     -0.54655695       4.7082995        4.7082995       101.67867              101.67867
              5       55.674256      0.83134239        1.039446         12.960615           11.992526       1.0718455       0.7260788     -0.53496234       4.7082995        4.7082995       101.93191              101.93191
              2        55.75035      0.83134239       1.0285746         12.963604           11.995411       1.0739522      0.72715294     -0.54071294       4.7082995        4.7082995        102.0841               102.0841
              1       55.849576      0.82797129       1.0285746         12.963604           11.995411       1.0739522      0.72715294     -0.54071294       4.7082995        4.7082995       102.28255              102.28255
              1       55.695562      0.82797129       1.0217572         12.963917             11.9966       1.0732583      0.73431719     -0.52578766       4.7082995        4.7082995       101.97452              101.97452
              1       55.731273      0.82797129       1.0249379         12.963334           11.994972       1.0740758      0.73655844     -0.52711978       4.7082995        4.7082995       102.04595              102.04595
              1       56.058928      0.82797129       1.0177175          12.95495           11.999231       1.0700178      0.74545646     -0.55287144       4.7082995        4.7082995       102.70126              102.70126
              2       54.787289      0.82797129      0.99658689          12.94681           11.987945        1.070505      0.74184041     -0.55073147       4.7082995        4.7082995       100.15798              100.15798
              2        54.91001      0.82797129      0.99731602         12.945389           11.988433       1.0700956      0.74170469     -0.54766153       4.7082995        4.7082995       100.40342              100.40342
              1       55.333364      0.83044475      0.99731602         12.945389           11.988433       1.0700956      0.74170469     -0.54766153       4.7082995        4.7082995       101.25013              101.25013
              2       54.831486      0.83044475       0.9936588         12.940764           11.982825       1.0705797      0.73825353     -0.55079044       4.7082995        4.7082995       100.24637              100.24637
              1       54.735068      0.83044475      0.98555497         12.941646           11.984141       1.0697773      0.73643815     -0.55106434       4.7082995        4.7082995       100.05354              100.05354
              3       54.855525      0.82681258      0.98555497         12.941646           11.984141       1.0697773      0.73643815     -0.55106434       4.7082995        4.7082995       100.29445              100.29445
              1       55.221441      0.82681258      0.99579945         12.939179           11.986676       1.0681571      0.73229085     -0.54487108       4.7082995        4.7082995       101.02628              101.02628
              3       55.082995      0.82681258       0.9785166         12.951958           11.990958       1.0639426      0.72880011     -0.53984262       4.7082995        4.7082995       100.74939              100.74939
              1       55.151131      0.82681258      0.97842939         12.944103           11.984837       1.0660704      0.72586248     -0.52826189       4.7082995        4.7082995       100.88566              100.88566
              6       55.030504      0.82681258      0.97226379         12.941525           11.984687       1.0682313      0.74237703     -0.52879061       4.7082995        4.7082995       100.64441              100.64441
              2       55.296707      0.82681258        1.007067         12.930858           11.976123        1.064669        0.748941     -0.53516705       4.7082995        4.7082995       101.17682              101.17682
              1       55.310166      0.82681258        1.002631          12.92312           11.976657       1.0641531      0.73452535     -0.56262475       4.7082995        4.7082995       101.20373              101.20373
              1       55.111054      0.82681258      0.99409641         12.919794           11.964815       1.0650333      0.73079342     -0.55099415       4.7082995        4.7082995       100.80551              100.80551
              4       55.365191      0.82681258      0.99452853         12.920974           11.964427       1.0645912      0.73015912      -0.5508842       4.7082995        4.7082995       101.31378              101.31378
              1       55.183307      0.82681258      0.98481841         12.919651           11.965062       1.0648502      0.73071547     -0.55256013       4.7082995        4.7082995       100.95001              100.95001
              1       55.141783      0.82681258      0.98539662         12.917796           11.964443       1.0643557       0.7302239     -0.55355248       4.7082995        4.7082995       100.86697              100.86697
              1       54.838377      0.82681258        0.986263         12.917336           11.966441       1.0641366      0.73115331     -0.55370541       4.7082995        4.7082995       100.26015              100.26015
              1        54.90701      0.82681258      0.98164497         12.916819           11.964371       1.0622764      0.73461453     -0.53104371       4.7082995        4.7082995       100.39742              100.39742
              2       54.899376      0.82681258      0.98168602         12.916776           11.964352       1.0622994      0.73465971     -0.53102681       4.7082995        4.7082995       100.38215              100.38215
              1       54.911427      0.82988562      0.98168602         12.916776           11.964352       1.0622994      0.73465971     -0.53102681       4.7082995        4.7082995       100.40626              100.40626
              1       54.781918      0.82988562      0.98847921         12.914809           11.962351         1.06183      0.73105731     -0.53135043       4.7082995        4.7082995       100.14724              100.14724
              1       54.601522      0.82988562      0.98053305         12.917146           11.964455       1.0638725      0.72343636     -0.54171027       4.7082995        4.7082995       99.786444              99.786444
              1       54.575917      0.82988562      0.98065642         12.917057           11.964961       1.0637758      0.72334007     -0.54166751       4.7082995        4.7082995       99.735234              99.735234
              1       54.815367      0.82988562      0.98942926         12.921771           11.965464       1.0635448       0.7249923     -0.54973427       4.7082995        4.7082995       100.21414              100.21414
              2       54.775249      0.82988562      0.98962346         12.921099           11.965556       1.0636563      0.72533427     -0.55087138       4.7082995        4.7082995        100.1339               100.1339
              2       54.998598      0.82988562      0.98297845         12.923548           11.972136       1.0633858      0.71533348      -0.5334989       4.7082995        4.7082995        100.5806               100.5806
              1       55.010492      0.82988562       0.9586919         12.940568           11.980888       1.0679931      0.72381139     -0.54432654       4.7082995        4.7082995       100.60439              100.60439
              3       54.848311      0.82988562      0.95389668         12.936334           11.978841       1.0704854      0.72452479     -0.53806054       4.7082995        4.7082995       100.28002              100.28002
              1        55.18993      0.82988562      0.95191626         12.933199           11.982492        1.070367       0.7247158     -0.54218814       4.7082995        4.7082995       100.96326              100.96326
              1       55.664429      0.82988562      0.95451533         12.933705           11.984294       1.0706944      0.72311197     -0.54283604       4.7082995        4.7082995       101.91226              101.91226
              1       56.156674      0.83416343      0.95451533         12.933705           11.984294       1.0706944      0.72311197     -0.54283604       4.7082995        4.7082995       102.89675              102.89675
              3       55.762601      0.83416343      0.96140396           12.9324           11.980166       1.0707521      0.71943092     -0.52800388       4.7082995        4.7082995        102.1086               102.1086
              1       56.022124      0.83416343      0.97349211         12.933821           11.976854       1.0759365      0.72777254     -0.52902978       4.7082995        4.7082995       102.62765              102.62765
              1       56.531586      0.83416343       0.9675057         12.946363            11.96997       1.0764762      0.72280879       -0.534481       4.7082995        4.7082995       103.64657              103.64657
              1       56.198603      0.83416343      0.98421049         12.945966           11.972082       1.0753254      0.72238822     -0.52354505       4.7082995        4.7082995       102.98061              102.98061
              2       57.066166      0.83416343      0.99619265         12.941985           11.962902        1.078058      0.72019856     -0.52848418       4.7082995        4.7082995       104.71573              104.71573
              2       56.501992      0.83416343      0.99525796         12.942344           11.967694       1.0789668      0.70636912     -0.53044201       4.7082995        4.7082995       103.58738              103.58738
              3       56.637036      0.83416343      0.98595912         12.938784           11.973122       1.0850099      0.70987861     -0.50450744       4.7082995        4.7082995       103.85747              103.85747
              1       56.659587      0.83416343      0.98640131         12.938716           11.973104       1.0850356      0.70990909     -0.50424027       4.7082995        4.7082995       103.90258              103.90258
              1       58.381792      0.83416343      0.98322851         12.938033           11.978704       1.0874992      0.71192545     -0.50505307       4.7082995        4.7082995       107.34699              107.34699
              2        57.84789      0.83416343      0.96368304         12.943515           11.968724       1.0926341       0.6975708     -0.47559636       4.7082995        4.7082995       106.27918              106.27918
              2       57.804387      0.83416343      0.96467821         12.943571           11.969178       1.0926543      0.69646356     -0.47660928       4.7082995        4.7082995       106.19217              106.19217
              1       57.701982      0.83416343      0.95649917         12.931416            11.96536       1.0931807      0.70604669     -0.48081075       4.7082995        4.7082995       105.98736              105.98736
              1       57.718567      0.83424476      0.95649917         12.931416            11.96536       1.0931807      0.70604669     -0.48081075       4.7082995        4.7082995       106.02053              106.02053
              3       57.597269      0.83424476      0.97070571         12.931332           11.967581       1.0926004      0.70857954     -0.49427514       4.7082995        4.7082995       105.77794              105.77794
              2       57.281115      0.83424476      0.96868506         12.936003           11.966086       1.0974457      0.71109565     -0.50083791       4.7082995        4.7082995       105.14563              105.14563
              1        57.33551      0.83424476      0.96935285         12.936497           11.966931       1.0975066      0.71120481     -0.50165682       4.7082995        4.7082995       105.25442              105.25442
              3       56.659029      0.83424476       0.9598512          12.93532           11.966237       1.0959803      0.71756462      -0.5145561       4.7082995        4.7082995       103.90146              103.90146
              1       56.826417      0.83424476      0.95660425         12.933999           11.966726       1.0969848      0.71635011     -0.51715412       4.7082995        4.7082995       104.23623              104.23623
              1       56.860436      0.83424476      0.94351079         12.937811           11.969214       1.0965975      0.71579715     -0.50938131       4.7082995        4.7082995       104.30427              104.30427
              2        56.83362      0.83424476      0.94361852         12.939379           11.967809       1.0973621      0.71726028     -0.50910682       4.7082995        4.7082995       104.25064              104.25064
              3       56.113012      0.83424476      0.95827006         12.948123           11.975038       1.0915379      0.72114714     -0.53597713       4.7082995        4.7082995       102.80942              102.80942
              1        56.11977      0.83424476      0.95662249         12.943129           11.972267       1.0908971      0.71984598     -0.54363901       4.7082995        4.7082995       102.82294              102.82294
              3       56.346991      0.83424476      0.96855797         12.941063           11.972791       1.0904635      0.71685206     -0.53863825       4.7082995        4.7082995       103.27738              103.27738
              1       57.878438      0.83424476      0.97082167         12.945863           11.979144       1.0888128      0.71212192     -0.55544825       4.7082995        4.7082995       106.34028              106.34028
              2       57.435318      0.83424476      0.98621892         12.953164           11.972844       1.0881061      0.71396332     -0.55489892       4.7082995        4.7082995       105.45404              105.45404
              7       56.622819      0.83424476      0.98238302         12.955676           11.975952        1.086004      0.71695091     -0.54605136       4.7082995        4.7082995       103.82904              103.82904
              1       56.454973      0.83424476       0.9726557         12.951319           11.975671       1.0880263      0.71197975     -0.53118699       4.7082995        4.7082995       103.49335              103.49335
              1       56.189409      0.83424476      0.97720633         12.947986           11.974736       1.0885632      0.71496397     -0.53002123       4.7082995        4.7082995       102.96222              102.96222
              2        56.40062      0.83424476      0.98697954         12.951239            11.97787       1.0888771      0.71462816     -0.52109107       4.7082995        4.7082995       103.38464              103.38464
              3       56.333637      0.83424476      0.98926823         12.951674           11.976443        1.088545      0.71432441     -0.52313244       4.7082995        4.7082995       103.25068              103.25068
              1       57.042653      0.83424476      0.96837465          12.95113            11.97585       1.0872747      0.70675713     -0.53569122       4.7082995        4.7082995       104.66871              104.66871
              2       56.837728      0.83424476       0.9674379         12.944647           11.973132        1.088141      0.70868284      -0.5393287       4.7082995        4.7082995       104.25886              104.25886
              4       56.134029      0.83424476      0.97928607         12.944302           11.974607       1.0835471      0.71248555     -0.54164235       4.7082995        4.7082995       102.85146              102.85146
              1       57.484172      0.83424476      0.98293586          12.93885           11.979471       1.0832446      0.70767614     -0.52389936       4.7082995        4.7082995       105.55175              105.55175
              1       56.356718      0.83424476       1.0063613         12.926405           11.960892       1.0845552      0.70510284     -0.52587099       4.7082995        4.7082995       103.29684              103.29684
              2       56.037029      0.83424476       1.0074473         12.926937           11.960229       1.0851859      0.71041817     -0.51868091       4.7082995        4.7082995       102.65746              102.65746
              2       56.036927       0.8342207       1.0074473         12.926937           11.960229       1.0851859      0.71041817     -0.51868091       4.7082995        4.7082995       102.65726              102.65726
              1       55.999864       0.8342207       1.0050652         12.926055           11.954969       1.0850593      0.71246278     -0.51920023       4.7082995        4.7082995       102.58313              102.58313
              1       55.581411       0.8342207       1.0090825         12.930003           11.958741        1.079266      0.72181914     -0.53466937       4.7082995        4.7082995       101.74622              101.74622
              1       55.801557       0.8342207      0.99817204         12.923772           11.962543        1.078821       0.7261425     -0.52553047       4.7082995        4.7082995       102.18651              102.18651
              2       56.837746       0.8342207        1.008506         12.923154           11.963588       1.0807827      0.73231035       -0.525903       4.7082995        4.7082995       104.25889              104.25889
              6       57.008959       0.8342207       1.0185763         12.920096            11.96432       1.0805083      0.72597038     -0.53070393       4.7082995        4.7082995       104.60132              104.60132
              2       55.743193       0.8342207       1.0064911         12.921002           11.961377       1.0809944      0.72689442     -0.53636342       4.7082995        4.7082995       102.06979              102.06979
              3       55.626297       0.8342207       1.0042194         12.924683             11.9637        1.081047      0.72307669     -0.53637027       4.7082995        4.7082995       101.83599              101.83599
              3         55.2668       0.8342207       1.0088635         12.925336           11.961744       1.0800957      0.72174642     -0.54471153       4.7082995        4.7082995         101.117                101.117
              3       55.177637       0.8342207       1.0079123         12.925675           11.959871        1.080186      0.72288303     -0.54108698       4.7082995        4.7082995       100.93868              100.93868
              2       55.159372       0.8342207       1.0045745           12.9249           11.960311       1.0798496      0.72264923     -0.54026049       4.7082995        4.7082995       100.90214              100.90214
              1        56.50858       0.8342207       1.0060381         12.911134           11.957685        1.082863      0.72588165     -0.54607674       4.7082995        4.7082995       103.60056              103.60056
              6       56.631209       0.8342207       1.0008245         12.912204           11.957371       1.0859141      0.72450294      -0.5436343       4.7082995        4.7082995       103.84582              103.84582
              2       57.344804       0.8342207       1.0179596         12.900548           11.944531       1.0870181       0.7286031     -0.51846635       4.7082995        4.7082995       105.27301              105.27301
              1       57.373253       0.8342207       1.0175775         12.900567           11.944714       1.0872087      0.72827093     -0.51829974       4.7082995        4.7082995       105.32991              105.32991
              2       56.440588       0.8342207       1.0170386         12.902262           11.942588       1.0872456      0.72708447     -0.52148707       4.7082995        4.7082995       103.46458              103.46458
              2       56.413566       0.8342207       1.0152594         12.903585           11.943838       1.0873338       0.7284105      -0.5236569       4.7082995        4.7082995       103.41053              103.41053
              2       56.549727       0.8342207       1.0172101          12.91264           11.949681       1.0839849      0.72124393     -0.51062056       4.7082995        4.7082995       103.68286              103.68286
              1       56.348978       0.8342207       1.0170628         12.913476           11.951569       1.0828896      0.72202515      -0.5149967       4.7082995        4.7082995       103.28136              103.28136
              2       56.612926       0.8342207       1.0215401         12.914759           11.952657       1.0824703      0.72063022     -0.51066226       4.7082995        4.7082995       103.80925              103.80925
              1       56.390769       0.8342207       1.0230745          12.90862           11.950812       1.0810217      0.71558974     -0.51312068       4.7082995        4.7082995       103.36494              103.36494
              2       55.961739       0.8342207       1.0186723         12.910621           11.950181       1.0809176      0.71328554     -0.51352651       4.7082995        4.7082995       102.50688              102.50688
              4       56.456578       0.8342207       1.0049569         12.899641           11.944546       1.0755746      0.72200339      -0.5095239       4.7082995        4.7082995       103.49656              103.49656
              2       56.477732       0.8342207       1.0052083         12.899629           11.944529       1.0755831      0.72209764     -0.50942818       4.7082995        4.7082995       103.53887              103.53887
              2       56.007197       0.8342207       1.0130517         12.902479           11.945704       1.0729428       0.7198312     -0.51302606       4.7082995        4.7082995       102.59779              102.59779
              2       56.219347       0.8342207       1.0136765         12.902101           11.949106       1.0728064      0.72057314     -0.51442513       4.7082995        4.7082995       103.02209              103.02209
              1        55.10974       0.8342207      0.98430428          12.89856           11.949573       1.0712649      0.71112129     -0.53545989       4.7082995        4.7082995       100.80288              100.80288
              2       54.959514       0.8342207      0.98427159         12.902167           11.949505       1.0721094      0.71181267      -0.5406386       4.7082995        4.7082995       100.50243              100.50243
              5       55.008789       0.8342207      0.95678151         12.901608           11.947079       1.0714529       0.7305483     -0.53456395       4.7082995        4.7082995       100.60098              100.60098
              1       54.698588       0.8342207      0.96351899         12.895149           11.948789       1.0732188      0.72484412     -0.55299973       4.7082995        4.7082995       99.980577              99.980577
              1       55.012295       0.8342207      0.93196559         12.891451           11.947465       1.0777853      0.72077743     -0.54387091       4.7082995        4.7082995       100.60799              100.60799
              4       54.628673       0.8342207      0.92304425         12.887602           11.941537       1.0735769      0.71340501     -0.54488997       4.7082995        4.7082995       99.840748              99.840748
              1       55.528602       0.8342207      0.90677734          12.89001            11.93894       1.0748418      0.70797858     -0.54553393       4.7082995        4.7082995        101.6406               101.6406
              2       55.500061       0.8342207      0.90645227         12.889783           11.938921       1.0747747      0.70802969     -0.54542903       4.7082995        4.7082995       101.58352              101.58352
              5       56.237837       0.8342207       0.9042064         12.892264           11.937983       1.0735986      0.70979866     -0.55383155       4.7082995        4.7082995       103.05908              103.05908
              1       55.980945       0.8342207      0.90372006         12.892159           11.939174       1.0736107      0.70980394     -0.55357221       4.7082995        4.7082995       102.54529              102.54529
              3       57.104051       0.8342207      0.89045213         12.891924           11.938647       1.0673241      0.70992713     -0.56186949       4.7082995        4.7082995        104.7915               104.7915
              3       57.453826       0.8342207      0.88513865         12.890861           11.941691       1.0687768      0.70767783     -0.57225657       4.7082995        4.7082995       105.49105              105.49105
              1       56.589525       0.8342207      0.89569345         12.898371           11.941991       1.0733006      0.72056992     -0.57572585       4.7082995        4.7082995       103.76245              103.76245
              3       56.759553       0.8342207      0.90661317         12.890113           11.935832       1.0736162      0.72195641     -0.58524928       4.7082995        4.7082995       104.10251              104.10251
              1       55.360906       0.8342207      0.91860572         12.884015           11.940616       1.0739564      0.72426019     -0.58216992       4.7082995        4.7082995       101.30521              101.30521
              6       55.947659       0.8342207      0.92967571          12.88494           11.927758       1.0736967      0.72353861     -0.53517758       4.7082995        4.7082995       102.47872              102.47872
              4        55.26407       0.8342207      0.93934972         12.890296           11.934183       1.0741773       0.7205431     -0.53038868       4.7082995        4.7082995       101.11154              101.11154
              6       56.163212       0.8342207      0.93828863         12.892486           11.933051       1.0726284      0.72004214     -0.52933345       4.7082995        4.7082995       102.90983              102.90983
              3       57.535019       0.8342207      0.93364728         12.896617           11.933009       1.0710076      0.71491171     -0.53905488       4.7082995        4.7082995       105.65344              105.65344
              1       56.075599       0.8342207      0.93379056         12.894515           11.935483        1.070161      0.71787371     -0.54636642       4.7082995        4.7082995        102.7346               102.7346
              2       56.939938       0.8342207      0.94018624         12.893538            11.93186        1.069641      0.71905531     -0.54660281       4.7082995        4.7082995       104.46328              104.46328
              1       55.920157       0.8342207      0.95088816         12.890142            11.93388       1.0712251      0.71184691     -0.55601921       4.7082995        4.7082995       102.42371              102.42371
              2       55.256143       0.8342207      0.93929166           12.8804           11.930514       1.0718016      0.71091979     -0.55276852       4.7082995        4.7082995       101.09569              101.09569
              1       54.747327       0.8342207      0.94207194         12.879694           11.931528       1.0731848      0.71361728      -0.5501636       4.7082995        4.7082995       100.07805              100.07805
              1       54.634311       0.8342207      0.93912077         12.877477           11.934684       1.0732858      0.71401921     -0.54614714       4.7082995        4.7082995       99.852023              99.852023
              1       54.671555       0.8342207      0.93790317         12.876781           11.934174       1.0733711      0.71366581      -0.5468861       4.7082995        4.7082995        99.92651               99.92651
              2       54.907151       0.8342207      0.94424374         12.873722            11.93326       1.0702118      0.70819846      -0.5419383       4.7082995        4.7082995        100.3977               100.3977
              6       54.995489       0.8342207      0.93999424         12.874219           11.925474       1.0705043      0.71165603     -0.52105792       4.7082995        4.7082995       100.57438              100.57438
              2       54.892382       0.8342207      0.93896867         12.878633           11.929257       1.0707359      0.71332363     -0.52282732       4.7082995        4.7082995       100.36816              100.36816
              5        54.85087       0.8342207      0.95503922         12.878808           11.928927       1.0712191        0.715353     -0.52398973       4.7082995        4.7082995       100.28514              100.28514
              1       55.085457       0.8342207      0.95643072          12.88352           11.938789       1.0707294      0.72161888     -0.52127117       4.7082995        4.7082995       100.75431              100.75431
              2       55.599256       0.8342207      0.93742691         12.876634            11.94145       1.0742458      0.73047359     -0.56820579       4.7082995        4.7082995       101.78191              101.78191
              1       55.168877       0.8342207      0.93838345         12.877745           11.941138       1.0719215      0.72960494     -0.57432537       4.7082995        4.7082995       100.92115              100.92115
              1       55.492053       0.8342207      0.93748056         12.876997           11.941626       1.0722094      0.72963202       -0.575135       4.7082995        4.7082995       101.56751              101.56751
              1       55.527449       0.8342207       0.9418341          12.87839           11.941282       1.0731958      0.72908194     -0.57727497       4.7082995        4.7082995        101.6383               101.6383
              4       54.712523       0.8342207      0.94619541         12.872342           11.933998       1.0752087      0.73183479     -0.55910375       4.7082995        4.7082995       100.00845              100.00845
              1       55.038187       0.8342207      0.94289224         12.874248           11.936425       1.0758405      0.72826111     -0.55146669       4.7082995        4.7082995       100.65977              100.65977
              1       54.470695       0.8342207      0.93545942          12.87984           11.938544       1.0738515      0.72331216     -0.55501599       4.7082995        4.7082995        99.52479               99.52479
              1        54.70651       0.8342207      0.93373494         12.878541           11.939453       1.0736812      0.72276412     -0.55197696       4.7082995        4.7082995       99.996421              99.996421
              1       54.231873       0.8342207      0.91800455         12.880809           11.932625       1.0750232      0.72389542     -0.54616205       4.7082995        4.7082995       99.047147              99.047147
              3        54.51238       0.8342207      0.92204189          12.88335            11.93268       1.0751324      0.72380659      -0.5395042       4.7082995        4.7082995       99.608161              99.608161
              1       54.523374       0.8342207      0.92052304         12.883949           11.933683       1.0746285      0.72668827     -0.53917007       4.7082995        4.7082995       99.630149              99.630149
              2       55.466972       0.8342207      0.91511442         12.879892           11.926525       1.0742624      0.71600152     -0.54316651       4.7082995        4.7082995       101.51734              101.51734
              2        56.38315       0.8342207      0.88212902         12.877074           11.923134       1.0737135      0.72463967     -0.55392546       4.7082995        4.7082995        103.3497               103.3497
              1        57.98729       0.8342207        0.890808           12.8775           11.918854       1.0744787      0.72737691     -0.56777027       4.7082995        4.7082995       106.55798              106.55798
              4       56.673996       0.8342207      0.88910203         12.874702           11.918312       1.0783976      0.72771724     -0.56283031       4.7082995        4.7082995       103.93139              103.93139
              1       57.258916      0.83300337      0.88910203         12.874702           11.918312       1.0783976      0.72771724     -0.56283031       4.7082995        4.7082995       105.10123              105.10123
              1       57.001827      0.83300337       0.8837004         12.880084           11.924223       1.0792514      0.73181005     -0.57836746       4.7082995        4.7082995       104.58706              104.58706
              3       56.161853      0.83300337      0.88166495         12.877536           11.924647       1.0780271      0.73481181     -0.57906315       4.7082995        4.7082995       102.90711              102.90711
              1       54.504992      0.83300337      0.88677614         12.876488           11.928685        1.079659      0.73709813     -0.57265614       4.7082995        4.7082995       99.593385              99.593385
              3       54.130651      0.83300337      0.88562223         12.875281           11.937563       1.0762454      0.73558081     -0.57100101       4.7082995        4.7082995       98.844703              98.844703
              2       54.975353      0.83300337      0.87328516         12.878789           11.940644       1.0784006      0.72458846     -0.56466534       4.7082995        4.7082995       100.53411              100.53411
              2       54.508133      0.83300337      0.84723652         12.885816           11.945584       1.0794558      0.73547322      -0.5739964       4.7082995        4.7082995       99.599667              99.599667
              1       54.744652      0.83300337      0.85214181          12.88619            11.94864       1.0794324      0.73086197     -0.56378219       4.7082995        4.7082995       100.07271              100.07271
              1       54.779783      0.83300337      0.83201284         12.880604           11.946771        1.081044      0.73038729     -0.55182571       4.7082995        4.7082995       100.14297              100.14297
              1       54.349468      0.83300337      0.83388944         12.884415           11.943285       1.0826681      0.73028038     -0.54921329       4.7082995        4.7082995       99.282338              99.282338
              3       54.337131      0.83300337      0.83354489         12.884812           11.943796       1.0826825      0.73084939     -0.54868916       4.7082995        4.7082995       99.257663              99.257663
              1       55.528118      0.83300337       0.8431412         12.875939           11.932419       1.0814749      0.71316561      -0.5450808       4.7082995        4.7082995       101.63964              101.63964
              2       55.475518      0.83300337      0.84276721         12.873654           11.932092       1.0824181      0.71393188      -0.5477745       4.7082995        4.7082995       101.53444              101.53444
              1       55.300297      0.83300337       0.8308883         12.870906           11.929547       1.0807346      0.71604868     -0.54789533       4.7082995        4.7082995         101.184                101.184
              1       55.544248      0.83300337      0.82802029            12.872           11.928498       1.0814205      0.71563197     -0.54516841       4.7082995        4.7082995        101.6719               101.6719
              2       55.059027      0.83300337      0.83755639         12.869691           11.924991       1.0812381      0.72107222     -0.53235691       4.7082995        4.7082995       100.70146              100.70146
              1         55.4587      0.83300337      0.84918719         12.870816           11.924066       1.0816292      0.71629352     -0.51856037       4.7082995        4.7082995        101.5008               101.5008
              1        54.94771      0.83300337      0.84703731         12.868921           11.929763       1.0805666      0.71995006     -0.50878408       4.7082995        4.7082995       100.47882              100.47882
              1       55.295897      0.83300337      0.84775484         12.869449           11.929864       1.0831532      0.72340089     -0.50658602       4.7082995        4.7082995       101.17519              101.17519
              1       55.613429      0.83300337      0.86402327         12.871643           11.938397       1.0834105      0.72285002     -0.51967464       4.7082995        4.7082995       101.81026              101.81026
              3       55.082335      0.83300337      0.87521228         12.873423           11.933386       1.0817028      0.73014745     -0.51971072       4.7082995        4.7082995       100.74807              100.74807
              1       55.180466      0.83300337      0.87615398         12.874326           11.934192       1.0813303      0.73087021     -0.51916866       4.7082995        4.7082995       100.94433              100.94433
              3       55.147094      0.83300337      0.87700315         12.873908           11.934558       1.0815828      0.73204693     -0.52197404       4.7082995        4.7082995       100.87759              100.87759
              2       55.401292      0.83300337      0.90562945         12.870417           11.925278       1.0799644      0.73186005     -0.52002462       4.7082995        4.7082995       101.38599              101.38599
              1       55.270535      0.83300337      0.90710264         12.870679           11.926054       1.0802119      0.73101521     -0.52019077       4.7082995        4.7082995       101.12447              101.12447
              1       54.583243      0.83300337      0.91863741         12.858624           11.918299       1.0782131      0.73593655     -0.53685522       4.7082995        4.7082995       99.749888              99.749888
              2       55.109007      0.83300337      0.92048067         12.859055            11.91463       1.0784071      0.73508706     -0.53158144       4.7082995        4.7082995       100.80141              100.80141
              1       54.950157      0.83300337      0.92014172         12.857335           11.915579       1.0777675       0.7332545     -0.52885093       4.7082995        4.7082995       100.48372              100.48372
              2       54.678283      0.83300337      0.93480081         12.859078           11.917537       1.0779534      0.73080609     -0.53084355       4.7082995        4.7082995       99.939967              99.939967
              1       54.384679      0.83300337      0.93163085         12.855696            11.91684        1.080744      0.72557182     -0.53650538       4.7082995        4.7082995        99.35276               99.35276
              3       55.164636      0.83300337      0.94271657         12.857652           11.917444       1.0815022      0.72215605     -0.51652617       4.7082995        4.7082995       100.91267              100.91267
              2       54.965644      0.83300337      0.93676129         12.854336           11.917224       1.0765171      0.71492469     -0.51211212       4.7082995        4.7082995       100.51469              100.51469
              1       55.353483      0.83300337      0.92420009         12.850541           11.905741       1.0793971      0.70750229     -0.51007697       4.7082995        4.7082995       101.29037              101.29037
              1       57.271355      0.83300337      0.92226073         12.860036           11.906417       1.0794808      0.70218352     -0.51651815       4.7082995        4.7082995       105.12611              105.12611
              1       57.433167      0.83300337      0.92252243         12.859662           11.905111       1.0804538      0.70312794     -0.51663498       4.7082995        4.7082995       105.44973              105.44973
              2       55.842067      0.83300337       0.9099627          12.85694           11.909507       1.0811338       0.7050642     -0.50227216       4.7082995        4.7082995       102.26754              102.26754
              2       54.905243      0.83300337      0.91544202         12.862491            11.92043       1.0825908      0.71230229     -0.51227248       4.7082995        4.7082995       100.39389              100.39389
              2       56.023474      0.83300337      0.93004525         12.872526           11.921084       1.0842735      0.70598861     -0.49128326       4.7082995        4.7082995       102.63035              102.63035
              1       55.893231      0.83300337      0.94001692         12.866285           11.913587       1.0859067      0.70352766     -0.50989552       4.7082995        4.7082995       102.36986              102.36986
              1       55.972667      0.83300337      0.91990328          12.86418           11.912621       1.0821643      0.70805239     -0.52689503       4.7082995        4.7082995       102.52874              102.52874
              2       54.808066      0.83300337      0.92938042         12.852645           11.912863       1.0791096      0.70943217      -0.5141689       4.7082995        4.7082995       100.19953              100.19953
              7       55.423753      0.83300337       0.9292112         12.854855           11.909527       1.0776522      0.70393372     -0.51213758       4.7082995        4.7082995       101.43091              101.43091
              1       54.985169      0.83300337      0.93473477         12.852965           11.912346       1.0775577      0.70444387     -0.51573507       4.7082995        4.7082995       100.55374              100.55374
              1          55.391      0.83300337       0.9391888         12.854231           11.913398       1.0766896      0.69815542     -0.51125743       4.7082995        4.7082995        101.3654               101.3654
              2       55.211055      0.83300337      0.94169595         12.849998           11.910606       1.0749254      0.69989505     -0.50511769       4.7082995        4.7082995       101.00551              101.00551
              2       55.191813      0.83300337      0.94817169         12.854053            11.91551       1.0746107      0.70171635      -0.5048278       4.7082995        4.7082995       100.96703              100.96703
              1       55.160339      0.83300337      0.94496603         12.854671           11.915784       1.0739757      0.70172361     -0.50375422       4.7082995        4.7082995       100.90408              100.90408
              1        55.05061      0.83300337       0.9383324         12.852276           11.918411       1.0737468      0.70644568     -0.52423807       4.7082995        4.7082995       100.68462              100.68462
              1       55.822004      0.83300337      0.91782019         12.853966            11.92238        1.079452      0.71579847     -0.50931821       4.7082995        4.7082995       102.22741              102.22741
              1       55.968501      0.83300337      0.91762069         12.853692            11.92283       1.0794835      0.71540649     -0.50926557       4.7082995        4.7082995        102.5204               102.5204
              1        55.83405      0.83300337      0.91320957         12.850578           11.922428       1.0768792      0.71857149     -0.51523661       4.7082995        4.7082995        102.2515               102.2515
              4       54.684237      0.83300337      0.91530086         12.857587           11.918765       1.0747383      0.71542299     -0.51375371       4.7082995        4.7082995       99.951876              99.951876
              3       54.788112      0.83300337      0.91267114         12.859246           11.916832       1.0754285      0.71751426     -0.51784583       4.7082995        4.7082995       100.15963              100.15963
              1       54.445981      0.83300337      0.89922853         12.853062           11.913827       1.0770787       0.7155512     -0.52434894       4.7082995        4.7082995       99.475363              99.475363
              1       55.349336      0.83300337      0.91087955         12.856197           11.910402       1.0787502      0.71209689     -0.53925037       4.7082995        4.7082995       101.28207              101.28207
              1       55.919607      0.83300337      0.90198088         12.863471            11.91165       1.0819305      0.71801989      -0.5378092       4.7082995        4.7082995       102.42261              102.42261
              4       54.569075      0.83300337      0.90354516         12.861414           11.918036       1.0822518      0.71910342     -0.54429125       4.7082995        4.7082995       99.721551              99.721551
              3       54.401107      0.83300337      0.90885652         12.869753           11.925421       1.0765825       0.7192182     -0.53677273       4.7082995        4.7082995       99.385614              99.385614
              1       54.572999      0.83300337      0.91223091          12.86776           11.922184       1.0754896      0.71943017      -0.5382078       4.7082995        4.7082995         99.7294                99.7294
              1       54.406818      0.83300337      0.91523259         12.866579           11.923097       1.0756152      0.71775713     -0.53620754       4.7082995        4.7082995       99.397036              99.397036
              3       54.793696      0.83300337      0.91118337         12.867272           11.921353       1.0754654      0.71560902     -0.53226255       4.7082995        4.7082995       100.17079              100.17079
              3       54.656011      0.83300337      0.91164658         12.866654           11.922054       1.0721885      0.71927012     -0.54680466       4.7082995        4.7082995       99.895424              99.895424
              1       54.684395      0.83300337      0.92390385         12.865062           11.926709       1.0685536      0.70811312      -0.5360055       4.7082995        4.7082995        99.95219               99.95219
              1       54.309785      0.83690484      0.92390385         12.865062           11.926709       1.0685536      0.70811312      -0.5360055       4.7082995        4.7082995        99.20297               99.20297
              4       54.520165      0.83690484      0.92544929         12.862701           11.926535       1.0681049      0.70701528     -0.54014684       4.7082995        4.7082995        99.62373               99.62373
              3        54.48617      0.83690484      0.92600754         12.862965           11.926507       1.0680424      0.70724191     -0.54060756       4.7082995        4.7082995        99.55574               99.55574
              1       55.184984      0.83690484      0.92471545          12.86078           11.917683       1.0652858      0.69341299     -0.52864922       4.7082995        4.7082995       100.95337              100.95337
              2       55.337907      0.83690484       0.9131038         12.853555           11.909783       1.0638129      0.70335708     -0.52099352       4.7082995        4.7082995       101.25921              101.25921
              5       55.965479      0.83690484      0.91017241         12.856583           11.910649       1.0632983      0.70402895     -0.51639896       4.7082995        4.7082995       102.51436              102.51436
              1       56.575405      0.83690484      0.89133693         12.859702           11.912579       1.0654148      0.69842458     -0.50277501       4.7082995        4.7082995       103.73421              103.73421
              1       56.172451      0.83690484      0.89200107         12.858121           11.912357       1.0659492      0.69779726     -0.50339113       4.7082995        4.7082995        102.9283               102.9283
              2       56.068992      0.83690484      0.89244759         12.857897           11.912777       1.0660888      0.69869907     -0.50186575       4.7082995        4.7082995       102.72138              102.72138
              1       56.406948      0.83690484      0.88823583         12.855333           11.910743       1.0651915      0.69941304     -0.49952826       4.7082995        4.7082995        103.3973               103.3973
              1       56.830825      0.83690484      0.89748096         12.855086           11.910256       1.0642398      0.69514471     -0.48957103       4.7082995        4.7082995       104.24505              104.24505
              1       57.102812      0.83690484      0.89187318           12.8555           11.909855       1.0644366      0.69586527     -0.48877713       4.7082995        4.7082995       104.78902              104.78902
              2       57.300966      0.83690484      0.89580488         12.852073            11.90728       1.0663077      0.70039695     -0.48710242       4.7082995        4.7082995       105.18533              105.18533
              1       55.724862      0.83690484      0.88951833          12.84063           11.911591       1.0623963      0.70658235     -0.49717272       4.7082995        4.7082995       102.03313              102.03313
              1       58.086702      0.83690484      0.89311963         12.849477           11.928713       1.0648387      0.71696738     -0.50850466       4.7082995        4.7082995        106.7568               106.7568
              5       58.026152      0.83690484      0.89345877         12.849827           11.928498       1.0646646      0.71742608     -0.50785886       4.7082995        4.7082995       106.63571              106.63571
              1       56.053144      0.83690484      0.87705339         12.851102           11.916687       1.0605989      0.71799199     -0.50998767       4.7082995        4.7082995       102.68969              102.68969
              4       53.939132      0.83690484      0.86716324         12.858842            11.92337       1.0601188       0.7168708     -0.54182399       4.7082995        4.7082995       98.461666              98.461666
              1       54.241869      0.83690484      0.87173276          12.85348           11.928135       1.0635074      0.71977559     -0.54683688       4.7082995        4.7082995       99.067138              99.067138
              1       55.896906      0.83690484       0.8740414         12.844892           11.925642       1.0599701       0.7171127     -0.58342074       4.7082995        4.7082995       102.37721              102.37721
              1       55.810854      0.83690484      0.86979537         12.843246           11.927082       1.0589388      0.72177338     -0.58139998       4.7082995        4.7082995       102.20511              102.20511
