#        weight    minuslogpost          sigma8        ygk_Ahmc ygk_LOWZ__5_lM1_0 ygk_LOWZ__5_lMmin_0  ygk_LOWZ__5_wz   ygk_mass_bias       ygk_rhogy   minuslogprior minuslogprior__0            chi2 chi2__ygk_like.ygkLike
              3       58.674099      0.81658645       1.0388761         13.053073           12.094411       1.0133096      0.71309409     -0.43133417       4.7082995        4.7082995        107.9316               107.9316
              1       58.294716      0.80867458       1.0388761         13.053073           12.094411       1.0133096      0.71309409     -0.43133417       4.7082995        4.7082995       107.17283              107.17283
              1       58.214063      0.80867458       1.0684978         13.060053           12.094219       1.0173214      0.71940866     -0.44576917       4.7082995        4.7082995       107.01153              107.01153
              1        58.87407      0.80867458       1.0753543         13.067799           12.099277       1.0162402      0.71416305     -0.43367564       4.7082995        4.7082995       108.33154              108.33154
              3       58.846024      0.80867458       1.0728918         13.069204           12.100055       1.0160016      0.71409658     -0.43782732       4.7082995        4.7082995       108.27545              108.27545
              1       57.669443      0.80867458        1.051218         13.078831           12.115214       1.0143705      0.71633019     -0.46473323       4.7082995        4.7082995       105.92229              105.92229
              1       57.902068      0.80867458       1.0477263         13.084348           12.123092       1.0124457      0.71814568     -0.43275048       4.7082995        4.7082995       106.38754              106.38754
              1       57.983833      0.80867458       1.0574483         13.090217           12.123691       1.0143491       0.7185925      -0.4335672       4.7082995        4.7082995       106.55107              106.55107
              5       59.119359      0.80867458       1.0752094         13.085391           12.127925       1.0123551      0.73066331     -0.43821005       4.7082995        4.7082995       108.82212              108.82212
              3       59.160301      0.80867458       1.0816706         13.083574            12.12675       1.0138114      0.73017941     -0.44343939       4.7082995        4.7082995         108.904                108.904
              1       59.127434      0.80867458       1.0920307         13.081321           12.128312       1.0096872      0.73046027     -0.45772847       4.7082995        4.7082995       108.83827              108.83827
              1       58.802026      0.80867458       1.0790462         13.100549           12.140358       1.0110497      0.73788689     -0.45543213       4.7082995        4.7082995       108.18745              108.18745
              2       58.785451      0.79626141       1.0790462         13.100549           12.140358       1.0110497      0.73788689     -0.45543213       4.7082995        4.7082995        108.1543               108.1543
              3        58.36146      0.79626141       1.0814725         13.100328           12.139398       1.0112209      0.74094053     -0.45621841       4.7082995        4.7082995       107.30632              107.30632
              1        58.40181      0.79626141        1.081872         13.100237           12.139639        1.011348      0.74085347     -0.45671833       4.7082995        4.7082995       107.38702              107.38702
              2       57.955478      0.79626141        1.084273         13.108476           12.142852       1.0111036      0.74839549     -0.47262916       4.7082995        4.7082995       106.49436              106.49436
              1       57.977012      0.79626141       1.0747684         13.106443           12.142904       1.0092322      0.74803582     -0.47819536       4.7082995        4.7082995       106.53743              106.53743
              1        58.03513      0.79626141       1.0766931         13.105895           12.143186       1.0090913      0.74769838     -0.47939854       4.7082995        4.7082995       106.65366              106.65366
              3       58.013653      0.79626141       1.0807646         13.114262           12.153604       1.0047302      0.74298285     -0.46030652       4.7082995        4.7082995       106.61071              106.61071
              1       58.166069      0.79626141        1.078666         13.113037           12.156131       1.0035856      0.74274516     -0.45502668       4.7082995        4.7082995       106.91554              106.91554
              2       57.800703      0.79626141       1.0787468         13.110467           12.154033       1.0036476      0.74584428     -0.45246775       4.7082995        4.7082995       106.18481              106.18481
              1       58.233755      0.79626141       1.0886729         13.116322           12.147884       1.0016423      0.74464549     -0.44240179       4.7082995        4.7082995       107.05091              107.05091
              2       57.911375      0.79626141       1.1002146         13.111112           12.147741       1.0004889      0.74169177     -0.44915887       4.7082995        4.7082995       106.40615              106.40615
              1       57.958295      0.79626141       1.0990387         13.110978           12.147276       1.0003578      0.74138673     -0.44962484       4.7082995        4.7082995       106.49999              106.49999
              1       57.525315      0.79626141       1.0961234          13.10545           12.150135      0.99763228      0.74798542     -0.44404785       4.7082995        4.7082995       105.63403              105.63403
              1       57.634333      0.79626141        1.096228         13.105078           12.150841      0.99770695       0.7475817     -0.44409282       4.7082995        4.7082995       105.85207              105.85207
              3       57.640429      0.79626141        1.096435          13.10505           12.150816      0.99770761      0.74757455     -0.44400068       4.7082995        4.7082995       105.86426              105.86426
              1       57.562698      0.79626141       1.0987107         13.104434           12.150868      0.99776839       0.7486035     -0.44948792       4.7082995        4.7082995        105.7088               105.7088
              2       57.559399      0.79626141       1.0988204          13.10455           12.150942      0.99773268       0.7485931     -0.44950948       4.7082995        4.7082995        105.7022               105.7022
              1       57.995283      0.79626141       1.0790183         13.107364           12.159152      0.99953684      0.76215179     -0.46253353       4.7082995        4.7082995       106.57397              106.57397
              3       57.896429      0.79626141       1.0732501         13.096774           12.147153       1.0068021      0.76544431     -0.45430048       4.7082995        4.7082995       106.37626              106.37626
              2       56.960569      0.79626141       1.0927506         13.096012           12.143372       1.0065626      0.77128343     -0.47065542       4.7082995        4.7082995       104.50454              104.50454
              2       56.907582      0.79626141       1.0958216         13.107132           12.147285        1.006648      0.75780542     -0.47061267       4.7082995        4.7082995       104.39857              104.39857
              4       56.950833      0.79626141       1.0959629         13.105977           12.146137       1.0065198      0.75652352     -0.46973769       4.7082995        4.7082995       104.48507              104.48507
              1       56.678239      0.79626141       1.0673963         13.108035           12.146037        1.001857      0.75637779      -0.4727193       4.7082995        4.7082995       103.93988              103.93988
              2       56.681481      0.79626141        1.068735         13.103425            12.14679      0.99937192      0.75195751     -0.46639187       4.7082995        4.7082995       103.94636              103.94636
              1       56.822966      0.79626141       1.0653621          13.10247           12.146305       1.0007645       0.7508249     -0.45772265       4.7082995        4.7082995       104.22933              104.22933
              5         57.1309      0.79626141       1.0733374         13.100134            12.14791       1.0015616      0.75111688     -0.45833857       4.7082995        4.7082995        104.8452               104.8452
              1       56.832905      0.79626141       1.0800789         13.090226           12.131605        1.005816      0.75977498     -0.45990314       4.7082995        4.7082995       104.24921              104.24921
              3        56.84627      0.79626141       1.0812463         13.090386           12.131781       1.0060735      0.75929211     -0.45943964       4.7082995        4.7082995       104.27594              104.27594
              1       56.898528      0.79626141       1.0873006         13.087821           12.133342       1.0052389      0.76086538     -0.45536707       4.7082995        4.7082995       104.38046              104.38046
              3       57.082693      0.79626141       1.0909651         13.087698           12.129661       1.0039228      0.75707475     -0.45636293       4.7082995        4.7082995       104.74879              104.74879
              4       56.876412      0.79626141       1.0749266         13.085122            12.13552       1.0037891      0.75331036     -0.46175788       4.7082995        4.7082995       104.33623              104.33623
              3       57.122375      0.79626141       1.0723806         13.084321           12.135402        1.002865      0.75490322     -0.45704565       4.7082995        4.7082995       104.82815              104.82815
              1       56.735707      0.79626141       1.0814063          13.08232            12.13172       1.0050673        0.761048     -0.45918077       4.7082995        4.7082995       104.05482              104.05482
              4       56.999271      0.79626141       1.1007318         13.083348           12.128061       1.0039959      0.75292987     -0.47718293       4.7082995        4.7082995       104.58194              104.58194
              1       57.058028      0.79626141       1.1056595         13.086258           12.126767       1.0041921      0.75728068     -0.46686305       4.7082995        4.7082995       104.69946              104.69946
              2       58.071417      0.79626141       1.1038322         13.086873           12.123834       1.0080517      0.74787723     -0.45413181       4.7082995        4.7082995       106.72624              106.72624
              2       57.843214      0.79626141       1.1057844          13.08717           12.125244       1.0084913       0.7481014     -0.45527884       4.7082995        4.7082995       106.26983              106.26983
              2       58.484602      0.79626141       1.1137737         13.083611            12.13289       1.0055352      0.74253206     -0.44044696       4.7082995        4.7082995       107.55261              107.55261
              2          57.877      0.79626141       1.1075905         13.087245           12.131529       1.0038316      0.74211353     -0.45674111       4.7082995        4.7082995        106.3374               106.3374
              1       57.885946      0.79626141       1.1086096         13.083975           12.130035       1.0040216      0.74262755     -0.46009522       4.7082995        4.7082995       106.35529              106.35529
              3       58.027295      0.79626141        1.113342         13.084392           12.129581        1.003757       0.7414739     -0.46055714       4.7082995        4.7082995       106.63799              106.63799
              1       58.650248      0.79626141       1.1167234          13.08936           12.128137       1.0086118      0.74125162     -0.46959261       4.7082995        4.7082995        107.8839               107.8839
              1       59.594697      0.79626141       1.1194334         13.090608            12.12267       1.0093097      0.73818233     -0.45429728       4.7082995        4.7082995       109.77279              109.77279
              1       58.926506      0.79626141       1.1112997           13.0858           12.121459       1.0107907      0.73983603     -0.45337999       4.7082995        4.7082995       108.43641              108.43641
              6       58.759358      0.79626141         1.12037         13.080567           12.121377       1.0104454       0.7378177     -0.45462142       4.7082995        4.7082995       108.10212              108.10212
              1       57.697735      0.80182007         1.12037         13.080567           12.121377       1.0104454       0.7378177     -0.45462142       4.7082995        4.7082995       105.97887              105.97887
              1       57.979669      0.80182007       1.1204915         13.072953           12.119555       1.0153515      0.74700496      -0.4756698       4.7082995        4.7082995       106.54274              106.54274
              3       58.495478      0.80182007       1.1136911          13.07815           12.125178       1.0164789      0.74848885     -0.47601434       4.7082995        4.7082995       107.57436              107.57436
              1       58.627796      0.80182007       1.1116234         13.091987           12.113865       1.0123391      0.75890066     -0.49807754       4.7082995        4.7082995       107.83899              107.83899
              1       56.228093      0.80182007       1.1054456          13.08548           12.120544       1.0112459      0.75810776     -0.48748692       4.7082995        4.7082995       103.03959              103.03959
              1       56.276341      0.80182007       1.0862318         13.089951            12.12413       1.0105052      0.75544409     -0.49946381       4.7082995        4.7082995       103.13608              103.13608
              2       55.868982      0.80182007       1.0851722         13.097003           12.130289       1.0120842      0.76546313      -0.4912129       4.7082995        4.7082995       102.32137              102.32137
              2       55.233104      0.80182007        1.089146         13.091591           12.130921        1.008802       0.7759101     -0.50912937       4.7082995        4.7082995       101.04961              101.04961
              2       55.275652      0.80182007       1.0843654         13.087972           12.130087       1.0110049      0.77738527     -0.51258266       4.7082995        4.7082995        101.1347               101.1347
              6       55.342827      0.80182007       1.0844601         13.095639           12.134531       1.0096904      0.77840395     -0.50792672       4.7082995        4.7082995       101.26906              101.26906
              2       55.297104      0.80182007       1.0897008         13.094725           12.136086       1.0086133      0.77802941      -0.5158533       4.7082995        4.7082995       101.17761              101.17761
              4       55.295714      0.80182007       1.0896425         13.094623           12.136027       1.0085511      0.77830945     -0.51573301       4.7082995        4.7082995       101.17483              101.17483
              1       55.464317      0.80182007       1.0810028         13.092909           12.137754       1.0061325       0.7736502     -0.51020202       4.7082995        4.7082995       101.51204              101.51204
              3       57.979736      0.80182007       1.0752347         13.060328           12.124555       1.0061362      0.77296572     -0.52230188       4.7082995        4.7082995       106.54287              106.54287
              1       57.827783      0.80182007       1.0865829          13.06049           12.123086       1.0058151      0.76982133     -0.52233842       4.7082995        4.7082995       106.23897              106.23897
              1       57.974914      0.80182007       1.0863259         13.060388           12.123208       1.0060543      0.76937215     -0.52154205       4.7082995        4.7082995       106.53323              106.53323
              3       56.199004      0.80182007       1.0896986         13.061227           12.117871       1.0067051      0.77450406     -0.51005937       4.7082995        4.7082995       102.98141              102.98141
              1       56.310143      0.80182007       1.0894205          13.06063           12.117869       1.0070465      0.77478293     -0.50975397       4.7082995        4.7082995       103.20369              103.20369
              1       55.575715      0.80182007       1.0903848         13.064138           12.115096       1.0076204      0.77710531     -0.50607043       4.7082995        4.7082995       101.73483              101.73483
              1       55.166007      0.80182007       1.0894866         13.064391           12.111632       1.0083315       0.7727581     -0.50903006       4.7082995        4.7082995       100.91542              100.91542
              2       55.197562      0.80182007       1.0899561         13.061008           12.107121       1.0071521      0.77543196     -0.51199773       4.7082995        4.7082995       100.97853              100.97853
              5        54.90042      0.80182007       1.0990737         13.062805           12.108333       1.0082008      0.77785926     -0.52778752       4.7082995        4.7082995       100.38424              100.38424
              1       54.615504      0.80182007       1.0727732         13.058514           12.106592       1.0138124      0.79956051     -0.54020859       4.7082995        4.7082995       99.814409              99.814409
              2       54.695676      0.80182007       1.0752268         13.070896            12.11537       1.0163809      0.79922491     -0.54076585       4.7082995        4.7082995       99.974753              99.974753
              1        54.55417      0.80182007       1.0780133         13.065488           12.113554       1.0151876      0.79950484     -0.55596835       4.7082995        4.7082995       99.691742              99.691742
              1       54.670352      0.80182007       1.0812811         13.065495           12.113311       1.0163772      0.79978609     -0.55757632       4.7082995        4.7082995       99.924106              99.924106
              2       54.503596      0.80182007       1.0836695         13.073109           12.114862       1.0156023      0.80086029     -0.56711529       4.7082995        4.7082995       99.590593              99.590593
              1       54.731814      0.80182007       1.0749278         13.073578           12.114458       1.0164434      0.79803022     -0.57105141       4.7082995        4.7082995       100.04703              100.04703
              1       54.641709      0.80182007       1.0726484         13.073628           12.113664       1.0165737      0.80022507      -0.5712551       4.7082995        4.7082995       99.866819              99.866819
              1       55.670414      0.80182007       1.0697296         13.071429           12.122137       1.0169794      0.80238453     -0.57334575       4.7082995        4.7082995       101.92423              101.92423
              1       54.797785      0.80182007        1.060093         13.073297           12.119073       1.0194608      0.79481206     -0.55345381       4.7082995        4.7082995       100.17897              100.17897
              1       55.171314      0.80182007       1.0606032         13.071559           12.119843        1.019891      0.79515467     -0.55289939       4.7082995        4.7082995       100.92603              100.92603
              1       54.841224      0.80182007       1.0577496         13.071859           12.118882       1.0201019      0.79775094     -0.55169055       4.7082995        4.7082995       100.26585              100.26585
              4       54.931252      0.80182007       1.0543275         13.071412           12.119534       1.0198979      0.79733356     -0.55277792       4.7082995        4.7082995       100.44591              100.44591
              1       54.755863      0.80182007       1.0535829         13.071177           12.118549       1.0198473      0.79754642     -0.55106397       4.7082995        4.7082995       100.09513              100.09513
              1        54.48666      0.80182007        1.056869         13.076273           12.117374       1.0213887      0.80039148     -0.54982056       4.7082995        4.7082995       99.556721              99.556721
              1       54.923452      0.80182007       1.0628111         13.075478           12.119131       1.0223002      0.79679405     -0.54117435       4.7082995        4.7082995        100.4303               100.4303
              4       54.809159      0.79973764       1.0628111         13.075478           12.119131       1.0223002      0.79679405     -0.54117435       4.7082995        4.7082995       100.20172              100.20172
              1       54.795209      0.79973764       1.0636282          13.07621           12.119313       1.0224705      0.79776382     -0.53952908       4.7082995        4.7082995       100.17382              100.17382
              1        54.80364      0.79973764       1.0578345         13.080141           12.116841       1.0223585      0.79783204     -0.54243155       4.7082995        4.7082995       100.19068              100.19068
              2       55.046113      0.79973764       1.0707922         13.083082           12.117264       1.0208908      0.79860519     -0.55231951       4.7082995        4.7082995       100.67563              100.67563
              4       56.768408      0.79973764       1.0786003         13.078334           12.105369       1.0223708       0.8019597     -0.55421661       4.7082995        4.7082995       104.12022              104.12022
              2        56.71225      0.79973764       1.0783969         13.078301           12.105518       1.0223841      0.80199457      -0.5541718       4.7082995        4.7082995        104.0079               104.0079
              1       55.678909      0.79973764       1.0755266         13.068591           12.105498       1.0205703      0.79661249     -0.56592659       4.7082995        4.7082995       101.94122              101.94122
              3       55.813316      0.79973764       1.0709162         13.068127           12.103889       1.0200391      0.79520658     -0.55863281       4.7082995        4.7082995       102.21003              102.21003
              1       56.116877      0.79973764        1.060339         13.062545           12.105027       1.0210553      0.79541436     -0.57824662       4.7082995        4.7082995       102.81715              102.81715
              1       56.127532      0.79973764       1.0603846         13.062606           12.104628       1.0209634      0.79580011      -0.5785364       4.7082995        4.7082995       102.83847              102.83847
              3       55.396181      0.79973764       1.0638201         13.065098           12.110091       1.0227274      0.80342849     -0.57934992       4.7082995        4.7082995       101.37576              101.37576
              1       55.641355      0.79973764       1.0682093         13.062157           12.111847       1.0217171      0.80410052     -0.57924153       4.7082995        4.7082995       101.86611              101.86611
              1       54.923141      0.79973764       1.0391617         13.066672           12.119873         1.01713      0.80695207      -0.5726747       4.7082995        4.7082995       100.42968              100.42968
              1       54.570753      0.79973764       1.0307756         13.069033           12.112457       1.0184398       0.8035698     -0.56519763       4.7082995        4.7082995       99.724907              99.724907
              1       54.536719      0.79973764       1.0376437         13.061943           12.109777       1.0196895      0.80233771     -0.56687482       4.7082995        4.7082995       99.656838              99.656838
              1         55.1553      0.79973764       1.0546354         13.066397           12.108373        1.018704      0.79659168     -0.56509552       4.7082995        4.7082995         100.894                100.894
              3       55.108644      0.79973764       1.0578389         13.066036           12.105584       1.0176727      0.80087396     -0.55984835       4.7082995        4.7082995       100.80069              100.80069
              1       56.658393      0.79973764       1.0606879         13.069347           12.102431       1.0188072      0.80412674     -0.57242611       4.7082995        4.7082995       103.90019              103.90019
              1       55.788308      0.79973764       1.0588168         13.066617           12.102457       1.0198235      0.80720299     -0.57130617       4.7082995        4.7082995       102.16002              102.16002
              2       57.156317      0.79973764       1.0558836         13.058519           12.098239       1.0226494      0.79489622     -0.58365886       4.7082995        4.7082995       104.89603              104.89603
              3       57.559359      0.79973764       1.0558131           13.0577           12.095131       1.0220589      0.79526116     -0.58208177       4.7082995        4.7082995       105.70212              105.70212
              3        57.03032      0.79973764       1.0398817         13.055351           12.097766        1.020272      0.79449765     -0.58291407       4.7082995        4.7082995       104.64404              104.64404
              1       55.216184      0.80392937       1.0398817         13.055351           12.097766        1.020272      0.79449765     -0.58291407       4.7082995        4.7082995       101.01577              101.01577
              1       54.834042      0.80392937       1.0445581         13.051187           12.096406       1.0199238      0.79322193     -0.57759224       4.7082995        4.7082995       100.25149              100.25149
              1       54.672614      0.80392937       1.0443953         13.058903           12.098683       1.0201497      0.79281149     -0.55099845       4.7082995        4.7082995        99.92863               99.92863
              1        54.39879      0.80392937       1.0540083         13.058606            12.10335       1.0225931      0.79157865     -0.55278862       4.7082995        4.7082995       99.380981              99.380981
              3       54.573324      0.80392937       1.0475005         13.055461           12.103567       1.0240256      0.79691939     -0.54922698       4.7082995        4.7082995       99.730049              99.730049
              1       54.380175      0.80392937       1.0568947         13.056239           12.098527       1.0248452      0.79688171     -0.55542603       4.7082995        4.7082995       99.343751              99.343751
              2       54.399624      0.80392937       1.0557203         13.055781           12.098744       1.0246114      0.79468961     -0.55886028       4.7082995        4.7082995       99.382648              99.382648
              4       54.697889      0.80392937       1.0581973         13.060189            12.09823       1.0238808      0.79180225     -0.55357143       4.7082995        4.7082995       99.979178              99.979178
              1       55.912552      0.80392937       1.0632188         13.059276           12.109799       1.0217887      0.79138592      -0.5731095       4.7082995        4.7082995        102.4085               102.4085
              1       55.626067      0.80392937       1.0567268         13.059163           12.107674       1.0234551      0.79829041     -0.58483742       4.7082995        4.7082995       101.83553              101.83553
              2        55.61851      0.80392937       1.0420718         13.055225            12.10925       1.0217252      0.80007439     -0.57965834       4.7082995        4.7082995       101.82042              101.82042
              2       55.123661      0.80392937       1.0631868         13.048509           12.103958       1.0181874      0.80982007     -0.57686958       4.7082995        4.7082995       100.83072              100.83072
              3        54.77962      0.80392937       1.0637034         13.052833           12.105277       1.0171785      0.81454062     -0.58929832       4.7082995        4.7082995       100.14264              100.14264
              4       55.766823      0.80392937       1.0626543         13.051511           12.108711       1.0169883      0.81573977     -0.58751509       4.7082995        4.7082995       102.11705              102.11705
              1       55.433067      0.80392937       1.0659516         13.063945           12.113707       1.0201617      0.80955122     -0.58664665       4.7082995        4.7082995       101.44954              101.44954
              2       54.755492      0.80392937       1.0815383         13.070532           12.107887       1.0200521      0.81944052     -0.59720966       4.7082995        4.7082995       100.09438              100.09438
              1       55.348682      0.80392937       1.0849102         13.070973           12.104396       1.0191032      0.81479862     -0.60057627       4.7082995        4.7082995       101.28076              101.28076
              1       58.369519      0.80392937       1.0709789         13.071576           12.094519       1.0219291      0.81538519      -0.5963949       4.7082995        4.7082995       107.32244              107.32244
              3       56.698742      0.80392937       1.0819282         13.067208           12.094143        1.023964      0.81434175     -0.59474161       4.7082995        4.7082995       103.98089              103.98089
              1       55.445574      0.80392937       1.0851884         13.074363           12.110617       1.0201472      0.82288281     -0.61671112       4.7082995        4.7082995       101.47455              101.47455
              3       56.433095      0.80392937       1.0674726         13.083345           12.109613       1.0192547      0.82439095     -0.60442711       4.7082995        4.7082995       103.44959              103.44959
              1       55.484405      0.80392937       1.0711006         13.083696           12.113108       1.0220328      0.82975956     -0.59666702       4.7082995        4.7082995       101.55221              101.55221
              1       56.059036      0.80392937       1.0723368         13.086631           12.111976       1.0218842       0.8261907     -0.59933332       4.7082995        4.7082995       102.70147              102.70147
              2       56.327612      0.80392937       1.0787627         13.094869           12.117033       1.0228706      0.83134526     -0.59763709       4.7082995        4.7082995       103.23862              103.23862
              1       56.219043      0.80392937       1.0801414         13.094772           12.117608       1.0221583      0.83133445     -0.59734981       4.7082995        4.7082995       103.02149              103.02149
              2       57.337489      0.80392937       1.0945067         13.093495           12.112254       1.0225079      0.83420274     -0.60306297       4.7082995        4.7082995       105.25838              105.25838
              3       57.754625      0.80392937       1.1043126         13.092854           12.111004       1.0235088       0.8302643     -0.57952658       4.7082995        4.7082995       106.09265              106.09265
              1       56.141784      0.80392937       1.0975728         13.089359           12.116826       1.0254203      0.82847547     -0.57321409       4.7082995        4.7082995       102.86697              102.86697
              1       56.218333      0.80392937       1.0900242         13.084959           12.125873       1.0221311      0.83095851     -0.59668023       4.7082995        4.7082995       103.02007              103.02007
              1       56.178569      0.80392937        1.089894         13.085382            12.12603       1.0221651       0.8307959     -0.59690206       4.7082995        4.7082995       102.94054              102.94054
              4        55.39446      0.80392937       1.0569215         13.083861            12.11467       1.0242148      0.82970981     -0.61031455       4.7082995        4.7082995       101.37232              101.37232
              1       55.205579      0.80392937       1.0494404         13.082121           12.114889       1.0215094      0.83076107      -0.6051474       4.7082995        4.7082995       100.99456              100.99456
              8       55.166011      0.80392937       1.0438766         13.075598           12.109004       1.0229553      0.82621237     -0.59836228       4.7082995        4.7082995       100.91542              100.91542
              1       54.855465      0.80392937       1.0476039         13.073939           12.109826       1.0222712      0.82573455     -0.59637966       4.7082995        4.7082995       100.29433              100.29433
              1       55.017616      0.80392937       1.0528232         13.071843           12.108058       1.0254035       0.8265223     -0.58249456       4.7082995        4.7082995       100.61863              100.61863
              2       55.229618      0.80392937       1.0589803         13.069324           12.103058       1.0256699      0.82780794     -0.59067206       4.7082995        4.7082995       101.04264              101.04264
              1       54.352148      0.80392937       1.0505486         13.049568           12.094731       1.0263667      0.81062291     -0.58124125       4.7082995        4.7082995       99.287698              99.287698
              1       54.586427      0.80392937       1.0297891         13.049179           12.093906       1.0177776      0.81097485     -0.58753714       4.7082995        4.7082995       99.756254              99.756254
              1       54.458243      0.80392937       1.0340778         13.049141           12.095832       1.0174323      0.80894834     -0.59135459       4.7082995        4.7082995       99.499887              99.499887
              1       54.305548      0.80392937       1.0332714         13.046886           12.102454       1.0171001       0.8098956     -0.58006795       4.7082995        4.7082995       99.194497              99.194497
              2       54.487467      0.80392937       1.0415183         13.043747           12.100714       1.0163593      0.81321713     -0.57956558       4.7082995        4.7082995       99.558335              99.558335
              2        54.63813      0.80392937       1.0510187         13.051142           12.093499       1.0188383      0.80969654      -0.5838381       4.7082995        4.7082995       99.859661              99.859661
              1        55.19986      0.80392937       1.0367477         13.051366           12.091633       1.0195181      0.80765779     -0.58482937       4.7082995        4.7082995       100.98312              100.98312
              2       55.125551      0.80392937       1.0377157         13.048967            12.09023       1.0197643      0.80767555     -0.58629982       4.7082995        4.7082995        100.8345               100.8345
              2       55.374918      0.80392937       1.0430552         13.043858           12.099855       1.0249512       0.7971717     -0.56495752       4.7082995        4.7082995       101.33324              101.33324
              1       55.331637      0.80392937        1.042654          13.04413           12.099922       1.0249615      0.79736366     -0.56520543       4.7082995        4.7082995       101.24667              101.24667
              1        55.55591      0.80392937        1.035039         13.039944           12.098895        1.019781      0.79580163     -0.58253869       4.7082995        4.7082995       101.69522              101.69522
              2       55.709709      0.80392937       1.0357206          13.03988           12.099261       1.0198232      0.79589015     -0.58321031       4.7082995        4.7082995       102.00282              102.00282
              1       55.048343      0.80392937       1.0579287         13.057077           12.101722       1.0153574      0.78694699     -0.57356754       4.7082995        4.7082995       100.68009              100.68009
              1       56.751129      0.81888756       1.0579287         13.057077           12.101722       1.0153574      0.78694699     -0.57356754       4.7082995        4.7082995       104.08566              104.08566
              1       55.552158      0.81888756        1.053978         13.058203           12.101359       1.0166086      0.78091769     -0.58000834       4.7082995        4.7082995       101.68772              101.68772
              1       54.962872      0.81888756       1.0553452         13.061243             12.1005       1.0163115       0.7797253     -0.57777671       4.7082995        4.7082995       100.50914              100.50914
              1        55.27422      0.81888756        1.036191         13.066467           12.102195       1.0131189      0.78992752     -0.58071966       4.7082995        4.7082995       101.13184              101.13184
              3       54.561173      0.81888756       1.0245031         13.064709           12.106246       1.0115282      0.78154056     -0.58095785       4.7082995        4.7082995       99.705748              99.705748
              2       54.370428      0.81888756       1.0262808         13.063517           12.104047       1.0105416      0.78129115     -0.58275869       4.7082995        4.7082995       99.324257              99.324257
              1       55.285364      0.81888756       1.0193304         13.062878           12.097573        1.010075       0.7875584     -0.58074148       4.7082995        4.7082995       101.15413              101.15413
              3       54.654005      0.81888756       1.0025079         13.061401           12.099173       1.0067817      0.78540873     -0.61235446       4.7082995        4.7082995        99.89141               99.89141
              1       56.381018      0.81888756      0.98555874         13.083096           12.107918       1.0115789      0.79485778     -0.62068363       4.7082995        4.7082995       103.34544              103.34544
              4       55.117465      0.81888756      0.97528585         13.076412           12.108265       1.0151383      0.79351372     -0.62280169       4.7082995        4.7082995       100.81833              100.81833
              2        56.18018      0.81888756      0.97996146         13.075238            12.10224       1.0146351      0.79256804     -0.62227619       4.7082995        4.7082995       102.94376              102.94376
              3        54.89044      0.81888756      0.99737634         13.074296           12.104698       1.0165971      0.79525071     -0.60667585       4.7082995        4.7082995       100.36428              100.36428
              5       55.633148      0.81888756      0.99222423         13.074559           12.101671       1.0166568      0.79502036     -0.59955736       4.7082995        4.7082995        101.8497               101.8497
              9       55.304382      0.81888756       0.9690059         13.075522           12.104493       1.0189474      0.78539702     -0.61343069       4.7082995        4.7082995       101.19217              101.19217
              2       55.648163      0.81888756      0.95579718         13.075633           12.104567       1.0200715      0.79407274     -0.62220397       4.7082995        4.7082995       101.87973              101.87973
              2        56.54106      0.81888756      0.96033525         13.079074           12.103361        1.021989      0.79340842     -0.62538842       4.7082995        4.7082995       103.66552              103.66552
              1       55.719895      0.82487559      0.96033525         13.079074           12.103361        1.021989      0.79340842     -0.62538842       4.7082995        4.7082995       102.02319              102.02319
              1        56.65695      0.82487559      0.94388073         13.075721           12.114596       1.0247723      0.78360456     -0.63026905       4.7082995        4.7082995        103.8973               103.8973
              1       55.898739      0.82487559      0.94021929         13.076529           12.113198        1.025016      0.78314034     -0.62581852       4.7082995        4.7082995       102.38088              102.38088
              1       56.521561      0.82487559      0.91474348         13.081374           12.102312       1.0282322      0.78373271      -0.6261307       4.7082995        4.7082995       103.62652              103.62652
              2       57.555906      0.83705986      0.91474348         13.081374           12.102312       1.0282322      0.78373271      -0.6261307       4.7082995        4.7082995       105.69521              105.69521
              2       57.272015      0.83705986      0.91332561         13.078762            12.10229       1.0283716       0.7836741     -0.63408845       4.7082995        4.7082995       105.12743              105.12743
              3       57.360877      0.83705986      0.89364568         13.071969           12.107155       1.0268418       0.7705468     -0.62199931       4.7082995        4.7082995       105.30516              105.30516
              1       58.113631      0.83705986      0.89271766         13.073947           12.110806       1.0250856      0.77487327      -0.6314847       4.7082995        4.7082995       106.81066              106.81066
              1       57.123328      0.83705986      0.89159817         13.074981           12.108772       1.0245828      0.77449039     -0.63201528       4.7082995        4.7082995       104.83006              104.83006
              1       58.169055      0.83705986      0.89619217         13.071822           12.111036       1.0213319      0.77290967     -0.61945035       4.7082995        4.7082995       106.92151              106.92151
              1       57.966383      0.83705986      0.89725026         13.073405           12.111955        1.021346      0.77144827     -0.61955131       4.7082995        4.7082995       106.51617              106.51617
              4       57.925878      0.83705986      0.92280222         13.070037           12.108145       1.0210933       0.7702267     -0.63178406       4.7082995        4.7082995       106.43516              106.43516
              3       56.830938      0.83705986      0.92713193         13.068115           12.103036       1.0217371      0.76844088     -0.63482418       4.7082995        4.7082995       104.24528              104.24528
              3       56.553114      0.83705986      0.92625626         13.068924           12.102741       1.0217837      0.76779011     -0.63435821       4.7082995        4.7082995       103.68963              103.68963
              2       55.694276      0.83705986      0.91848628         13.067254           12.090215       1.0204107      0.76357037     -0.63632387       4.7082995        4.7082995       101.97195              101.97195
              2       55.585526      0.83705986      0.91826633         13.066505           12.090469       1.0202718      0.76347506      -0.6361477       4.7082995        4.7082995       101.75445              101.75445
              1       55.547314      0.83705986      0.91673588         13.066923           12.090676       1.0201839      0.76334466     -0.63414547       4.7082995        4.7082995       101.67803              101.67803
              1       55.548272      0.83705986      0.91663527         13.066933           12.090701       1.0201875       0.7633172     -0.63424367       4.7082995        4.7082995       101.67995              101.67995
              2       56.407073      0.83705986      0.92241839         13.073801           12.095732         1.02013      0.75964246     -0.64846132       4.7082995        4.7082995       103.39755              103.39755
              1       56.450382      0.83705986      0.92669132          13.07289           12.095472       1.0183252      0.76217055     -0.65128344       4.7082995        4.7082995       103.48416              103.48416
              3       57.255162      0.83705986      0.92391274         13.073667           12.092736       1.0180802      0.76147928     -0.65404613       4.7082995        4.7082995       105.09372              105.09372
              1       59.485091      0.83705986      0.89800461         13.087404           12.097782       1.0175543      0.77742672     -0.64732894       4.7082995        4.7082995       109.55358              109.55358
              2       59.350711      0.83705986      0.89670294         13.087925           12.099046       1.0158605       0.7736357     -0.65093472       4.7082995        4.7082995       109.28482              109.28482
              2       56.037593      0.83705986      0.88674861         13.073175           12.103725       1.0146606       0.7755891     -0.64342311       4.7082995        4.7082995       102.65859              102.65859
              2       55.898508      0.83705986      0.88062499         13.072313           12.097667       1.0157628      0.76790066     -0.63081321       4.7082995        4.7082995       102.38042              102.38042
              3       56.596281      0.83705986      0.86645903         13.073246           12.108919       1.0209358      0.76142574     -0.64290742       4.7082995        4.7082995       103.77596              103.77596
              1        55.99896      0.83705986      0.85233615         13.084167           12.110641       1.0201904      0.76735901     -0.64062311       4.7082995        4.7082995       102.58132              102.58132
              1       56.293784      0.83705986      0.83104322         13.072682           12.107926        1.019486      0.77626823     -0.64274098       4.7082995        4.7082995       103.17097              103.17097
              2       56.879507      0.83705986      0.82674748         13.071881           12.109232       1.0242598      0.77662066     -0.62264203       4.7082995        4.7082995       104.34241              104.34241
              4       56.787852      0.83705986       0.7976084         13.072536           12.110708       1.0259232      0.76042029     -0.63789001       4.7082995        4.7082995        104.1591               104.1591
              4       58.557095      0.83705986       0.8108296         13.075051           12.122828       1.0161638      0.77404993     -0.64412212       4.7082995        4.7082995       107.69759              107.69759
              2       57.104259      0.83705986      0.83373365         13.087881           12.120497        1.019966      0.78095724     -0.63119591       4.7082995        4.7082995       104.79192              104.79192
              1       57.674441      0.83705986      0.83204477         13.092482           12.115249       1.0207894      0.78170496     -0.65790982       4.7082995        4.7082995       105.93228              105.93228
              2       57.587627      0.83705986      0.83269731         13.091954           12.116525       1.0210287       0.7822946     -0.65906728       4.7082995        4.7082995       105.75865              105.75865
              1       57.953752      0.83705986      0.83648628         13.081863           12.107329       1.0221345      0.79016358     -0.65729991       4.7082995        4.7082995       106.49091              106.49091
              3       57.946381      0.83705986      0.83687352         13.081831           12.107326       1.0220815      0.79012445     -0.65738922       4.7082995        4.7082995       106.47616              106.47616
              3       57.963769      0.83705986      0.83357171         13.081026           12.112245       1.0214958       0.7921001     -0.65786261       4.7082995        4.7082995       106.51094              106.51094
              1       57.802929      0.83705986      0.83336948         13.080472           12.112745       1.0214321      0.79069038     -0.65349537       4.7082995        4.7082995       106.18926              106.18926
              1       57.811644      0.83705986      0.80973505         13.075333           12.109058       1.0230326       0.7907884     -0.65480253       4.7082995        4.7082995       106.20669              106.20669
              8        58.32784      0.83876265      0.80973505         13.075333           12.109058       1.0230326       0.7907884     -0.65480253       4.7082995        4.7082995       107.23908              107.23908
              2       58.083479      0.83876265      0.80865691         13.072713           12.104251       1.0244469      0.78342229     -0.66675646       4.7082995        4.7082995       106.75036              106.75036
              2       58.709514      0.83876265      0.80790358         13.083159           12.103481       1.0256113      0.77945448     -0.66138677       4.7082995        4.7082995       108.00243              108.00243
              1       59.053882      0.83876265       0.8178284         13.084558           12.103969       1.0263726      0.78179434     -0.66780758       4.7082995        4.7082995       108.69117              108.69117
              1       58.373457      0.83876265      0.80914457         13.081112           12.107005       1.0321366      0.78546191     -0.66087815       4.7082995        4.7082995       107.33031              107.33031
              1       58.250759      0.83876265      0.79153466         13.076579           12.107587       1.0321556      0.78036074      -0.6589787       4.7082995        4.7082995       107.08492              107.08492
              4       58.470208      0.83876265       0.7981354         13.072719           12.109755       1.0300259      0.77865174     -0.65511217       4.7082995        4.7082995       107.52382              107.52382
             11       59.247312      0.83876265      0.79694306         13.076935           12.115331       1.0297611      0.77645576      -0.6562759       4.7082995        4.7082995       109.07803              109.07803
              2        59.24198      0.83876265      0.79734969         13.076869           12.115251        1.029829      0.77658876     -0.65605269       4.7082995        4.7082995       109.06736              109.06736
              2       58.174469      0.83876265      0.79480967         13.077263           12.110168       1.0272944       0.7848691     -0.65870291       4.7082995        4.7082995       106.93234              106.93234
              2        58.39313      0.83876265      0.82722555         13.073261           12.100883       1.0227751      0.77219755     -0.67122899       4.7082995        4.7082995       107.36966              107.36966
              3       58.606609      0.83876265      0.84406252          13.06972           12.103363        1.020192      0.76717854     -0.67328838       4.7082995        4.7082995       107.79662              107.79662
              3       59.064135      0.83876265       0.8616101         13.078565           12.095212       1.0203605      0.77019398     -0.66459077       4.7082995        4.7082995       108.71167              108.71167
              4       59.733086       0.8366666       0.8616101         13.078565           12.095212       1.0203605      0.77019398     -0.66459077       4.7082995        4.7082995       110.04957              110.04957
              1       58.721988       0.8366666      0.86075579         13.075719           12.095322       1.0226091       0.7759586     -0.66491072       4.7082995        4.7082995       108.02738              108.02738
              2       59.404758       0.8366666      0.83790753         13.085025           12.095462       1.0302473      0.76144317     -0.63902142       4.7082995        4.7082995       109.39292              109.39292
              1       57.497922       0.8366666      0.83451077         13.079973           12.096318       1.0306139      0.75568469     -0.63048923       4.7082995        4.7082995       105.57924              105.57924
              4       55.991886       0.8366666      0.84106034         13.070865           12.094593       1.0306249      0.76303539     -0.62893178       4.7082995        4.7082995       102.56717              102.56717
              1       57.566471       0.8366666      0.82275577         13.069427           12.089006       1.0310541      0.76430715     -0.63440798       4.7082995        4.7082995       105.71634              105.71634
              3       59.201419       0.8366666      0.82415624         13.068986            12.08533       1.0268159      0.76257931     -0.63353167       4.7082995        4.7082995       108.98624              108.98624
              1       59.601771       0.8366666       0.8142826         13.073596           12.090116       1.0267363      0.75979683     -0.64133539       4.7082995        4.7082995       109.78694              109.78694
              1       59.551701       0.8366666      0.80799548         13.072144           12.089086       1.0281164      0.76036409     -0.64050084       4.7082995        4.7082995        109.6868               109.6868
              1       57.540247       0.8366666      0.80296031         13.064993           12.091577       1.0264192      0.75936992     -0.64306766       4.7082995        4.7082995       105.66389              105.66389
              5       58.375967       0.8366666      0.81351549         13.061732           12.091607       1.0287898      0.74431975     -0.64319336       4.7082995        4.7082995       107.33534              107.33534
              1       56.264339       0.8366666      0.82136933         13.062181           12.090651       1.0299556      0.74586295     -0.62509522       4.7082995        4.7082995       103.11208              103.11208
              2       55.227484       0.8366666      0.80476946         13.056848           12.091649       1.0291434      0.74978797     -0.61718197       4.7082995        4.7082995       101.03837              101.03837
              1       55.096102       0.8366666      0.81548781         13.050035           12.093477       1.0242916       0.7415836     -0.61015906       4.7082995        4.7082995        100.7756               100.7756
              1       54.144662       0.8366666      0.85274974         13.068277           12.101265       1.0206031      0.74224758      -0.5958029       4.7082995        4.7082995       98.872726              98.872726
              2       54.127263       0.8366666      0.85134548         13.068805           12.100453       1.0207156      0.74251364     -0.59240815       4.7082995        4.7082995       98.837926              98.837926
              3       54.775173       0.8366666      0.85718836         13.068577           12.094995       1.0205477      0.74808703     -0.59667989       4.7082995        4.7082995       100.13375              100.13375
              3       54.427601       0.8366666       0.8692331         13.067177           12.096886       1.0254957      0.74832467     -0.59319251       4.7082995        4.7082995       99.438604              99.438604
              2       54.524535       0.8366666       0.8712835         13.066876           12.096465       1.0257951      0.74890548     -0.58924651       4.7082995        4.7082995        99.63247               99.63247
              1       54.801834       0.8366666        0.875629         13.070379           12.094929       1.0256115      0.75065136     -0.59177254       4.7082995        4.7082995       100.18707              100.18707
              1       56.197115       0.8366666      0.86908221         13.067644           12.089532        1.022602      0.75477126     -0.58822276       4.7082995        4.7082995       102.97763              102.97763
              2       55.277577       0.8366666      0.89051646         13.058297           12.081576       1.0223422      0.74828748     -0.60129342       4.7082995        4.7082995       101.13855              101.13855
              5       54.908385       0.8366666      0.89038185         13.064846           12.093616       1.0213749      0.75356015     -0.58937578       4.7082995        4.7082995       100.40017              100.40017
              2       56.090635       0.8366666      0.89766965         13.061896           12.100331       1.0271185      0.73981376     -0.57396432       4.7082995        4.7082995       102.76467              102.76467
              1       55.727093       0.8366666       0.8983522         13.066368           12.102265       1.0270891      0.73338228     -0.56278761       4.7082995        4.7082995       102.03759              102.03759
              2       55.230316       0.8366666      0.89394712         13.067897           12.101542       1.0278839      0.73335651     -0.56447185       4.7082995        4.7082995       101.04403              101.04403
              1       54.474027       0.8366666      0.89585128         13.054157           12.086983       1.0311036      0.72317982     -0.55573396       4.7082995        4.7082995       99.531454              99.531454
              5       54.390131       0.8366666      0.90405124         13.056382           12.085483        1.032142      0.72504757     -0.55438908       4.7082995        4.7082995       99.363663              99.363663
              4       54.100191       0.8366666       0.8905747         13.047396           12.086148       1.0235797      0.72549921     -0.56963734       4.7082995        4.7082995       98.783783              98.783783
              2       53.938925       0.8366666      0.89203682         13.047993           12.084889       1.0239614      0.72656053      -0.5671145       4.7082995        4.7082995       98.461252              98.461252
              1       53.885312       0.8366666      0.88802421         13.054536           12.086374       1.0248889      0.72300011     -0.56553464       4.7082995        4.7082995       98.354024              98.354024
              1       53.935919       0.8366666      0.88927534         13.053961            12.08577       1.0253757      0.72196646     -0.56702307       4.7082995        4.7082995       98.455239              98.455239
              2       54.126741       0.8366666      0.89463379         13.055079           12.083042        1.023684      0.71884561     -0.56498365       4.7082995        4.7082995       98.836883              98.836883
              1       54.116209       0.8366666      0.89121942         13.053959           12.082357       1.0237387      0.71789291     -0.56191678       4.7082995        4.7082995       98.815819              98.815819
              1        54.53479       0.8366666      0.88612601         13.051638           12.082498       1.0238255      0.71378727      -0.5721596       4.7082995        4.7082995        99.65298               99.65298
              1       54.436129       0.8366666      0.88248995          13.04923           12.079522       1.0233786      0.71660616     -0.57294735       4.7082995        4.7082995       99.455659              99.455659
              4       54.406931       0.8366666        0.882801         13.049164           12.079549        1.023355      0.71664379     -0.57310555       4.7082995        4.7082995       99.397263              99.397263
              1       53.994542       0.8366666       0.8758603         13.049738           12.084674       1.0200209      0.71712492     -0.57136919       4.7082995        4.7082995       98.572485              98.572485
              6       54.113783       0.8366666      0.86728401         13.053409           12.086245       1.0172083      0.71339158     -0.56227288       4.7082995        4.7082995       98.810967              98.810967
              2       54.080841       0.8366666      0.87068801         13.058503            12.09913       1.0166844      0.72103945     -0.56768398       4.7082995        4.7082995       98.745083              98.745083
              1       57.122784       0.8366666      0.90030145         13.051178           12.101136       1.0164446       0.7112455     -0.54939838       4.7082995        4.7082995       104.82897              104.82897
              2       55.735246       0.8366666      0.90426744         13.051921            12.09599       1.0202078      0.71408986     -0.54504487       4.7082995        4.7082995       102.05389              102.05389
              2       54.330159       0.8366666      0.89588909         13.058682           12.094529       1.0204793      0.70675435      -0.5356293       4.7082995        4.7082995       99.243719              99.243719
              3       54.280107       0.8366666      0.90419722         13.064489           12.093988       1.0190729      0.71110172     -0.53068903       4.7082995        4.7082995       99.143614              99.143614
              2        54.29534       0.8366666      0.90440544         13.065242           12.094623       1.0192268      0.71145111     -0.53078284       4.7082995        4.7082995        99.17408               99.17408
              1       54.118778       0.8366666      0.88615645         13.065718           12.093003       1.0192622      0.71451645     -0.55275317       4.7082995        4.7082995       98.820958              98.820958
              3       54.252749       0.8366666      0.89626018         13.068178            12.09546       1.0121317      0.72255431     -0.55745835       4.7082995        4.7082995       99.088899              99.088899
              2       53.920828       0.8366666      0.90839437         13.068324           12.095947       1.0137899      0.72094237     -0.56225536       4.7082995        4.7082995       98.425056              98.425056
              2       53.897732       0.8366666      0.90554804         13.065662           12.097213       1.0156998      0.72772825     -0.56188084       4.7082995        4.7082995       98.378866              98.378866
              3       53.742474       0.8366666      0.89921325         13.060266           12.095366       1.0162852      0.72437025     -0.56973909       4.7082995        4.7082995       98.068349              98.068349
              1       53.752897       0.8366666      0.89009143         13.063467           12.097858       1.0165028      0.72619255     -0.56662483       4.7082995        4.7082995       98.089196              98.089196
              1       54.023293       0.8366666      0.88641892         13.060546            12.09828       1.0179964      0.72523863     -0.56710277       4.7082995        4.7082995       98.629988              98.629988
              2       53.932404       0.8366666      0.88482644         13.060209            12.09767        1.017758      0.72534322     -0.56825662       4.7082995        4.7082995       98.448209              98.448209
              2       53.957063       0.8366666       0.8756905         13.057096           12.093741       1.0151736      0.71247513     -0.53500851       4.7082995        4.7082995       98.497528              98.497528
              1       54.014817       0.8366666      0.87644675         13.056073            12.09406       1.0151088       0.7118977     -0.53349762       4.7082995        4.7082995       98.613035              98.613035
              2       53.999942       0.8366666      0.87661961         13.055983           12.094007       1.0150722      0.71186778      -0.5338684       4.7082995        4.7082995       98.583284              98.583284
              5       54.004926       0.8366666      0.85746185         13.051253           12.093606       1.0134461      0.71432139     -0.53473931       4.7082995        4.7082995       98.593253              98.593253
              1        55.34547      0.84102178      0.85746185         13.051253           12.093606       1.0134461      0.71432139     -0.53473931       4.7082995        4.7082995       101.27434              101.27434
              3        55.47672      0.84102178      0.85052732         13.043191           12.089081       1.0126766      0.71182079      -0.5297008       4.7082995        4.7082995       101.53684              101.53684
              1        54.92391      0.84102178       0.8475654         13.044382           12.088186         1.01248      0.71109173     -0.53156323       4.7082995        4.7082995       100.43122              100.43122
              3       54.825823      0.84102178      0.83878223         13.039586           12.086218       1.0183575      0.71598611     -0.54926417       4.7082995        4.7082995       100.23505              100.23505
              1       54.574374      0.84102178      0.83651935          13.04018           12.084544       1.0192022      0.71211556     -0.54112222       4.7082995        4.7082995       99.732148              99.732148
              2       54.366264      0.84102178      0.85677245         13.052898           12.087085       1.0279557      0.71375297     -0.55670386       4.7082995        4.7082995       99.315929              99.315929
              3       54.494229      0.84102178       0.8566767         13.052046           12.086533       1.0283362      0.71597635     -0.55369514       4.7082995        4.7082995       99.571859              99.571859
              3       54.644176      0.84102178      0.86392783         13.061308           12.083112       1.0285362      0.71743838     -0.55580534       4.7082995        4.7082995       99.871754              99.871754
              1       55.509758      0.84102178      0.87551453         13.055481           12.076505       1.0290383      0.72515363     -0.55287881       4.7082995        4.7082995       101.60292              101.60292
              3       55.453053      0.84102178      0.88141617         13.056115           12.085487       1.0314289      0.73068864     -0.55870508       4.7082995        4.7082995       101.48951              101.48951
              1       54.293573      0.83642494      0.88141617         13.056115           12.085487       1.0314289      0.73068864     -0.55870508       4.7082995        4.7082995       99.170546              99.170546
              2       54.281546      0.83642494      0.88090299         13.053791           12.087514       1.0304989      0.72813894     -0.56421335       4.7082995        4.7082995       99.146494              99.146494
              6       54.080404      0.83642494      0.85250032         13.049019           12.082283       1.0316652      0.73168183     -0.57269849       4.7082995        4.7082995       98.744209              98.744209
              1       54.133213      0.83642494      0.85141846         13.049089           12.083016       1.0322253      0.72872738     -0.56889685       4.7082995        4.7082995       98.849826              98.849826
              2        55.13064      0.83642494      0.82016637         13.049504           12.093767       1.0292173       0.7283964     -0.57605457       4.7082995        4.7082995       100.84468              100.84468
              1       55.129941      0.83642494      0.81212396         13.053125           12.090246       1.0318052      0.72748219     -0.58827096       4.7082995        4.7082995       100.84328              100.84328
              2       54.241645      0.83642494      0.81071666         13.047069           12.083626       1.0322698      0.73588002     -0.57988542       4.7082995        4.7082995       99.066691              99.066691
              3       54.172398      0.83642494      0.81375019         13.045045           12.084846       1.0302099       0.7366736     -0.58169613       4.7082995        4.7082995       98.928196              98.928196
              8       54.349763      0.83642494      0.81178048         13.043656           12.085999       1.0303763       0.7362883      -0.5810836       4.7082995        4.7082995       99.282927              99.282927
              1        54.63998      0.83642494      0.80266469         13.037101           12.081834       1.0310574      0.73141343     -0.58591478       4.7082995        4.7082995       99.863361              99.863361
              1       54.647258      0.83642494      0.80271257         13.037207           12.081757        1.031208       0.7310797     -0.58564088       4.7082995        4.7082995       99.877916              99.877916
              1       54.661571      0.83642494      0.80322408          13.03664            12.08118       1.0310975      0.73060632     -0.58627489       4.7082995        4.7082995       99.906543              99.906543
              7       54.651848      0.83642494      0.80494042         13.037011           12.081062       1.0311769      0.73089134     -0.58698644       4.7082995        4.7082995       99.887096              99.887096
              2       54.042574      0.83642494      0.83214218         13.042549           12.082184        1.029262      0.73346135     -0.57942054       4.7082995        4.7082995       98.668548              98.668548
              2       54.272944      0.83642494      0.83587228         13.040055            12.08158       1.0300683      0.72050133     -0.56245741       4.7082995        4.7082995       99.129289              99.129289
              1       55.239189      0.83642494      0.82180707         13.056691           12.096852       1.0306324      0.71641923     -0.56054952       4.7082995        4.7082995       101.06178              101.06178
              3       55.323299      0.83642494      0.82139227         13.056224           12.096902       1.0305842       0.7161982     -0.56076583       4.7082995        4.7082995          101.23                 101.23
              1       54.674334      0.83642494        0.779645          13.06462            12.09656       1.0271345      0.72013519     -0.55048917       4.7082995        4.7082995       99.932069              99.932069
              2       54.981721      0.83642494      0.77900992         13.064383           12.094492       1.0273191      0.72047491      -0.5515411       4.7082995        4.7082995       100.54684              100.54684
              1       55.001631      0.83642494      0.77827796         13.064989           12.095075       1.0274185      0.72054866     -0.55569649       4.7082995        4.7082995       100.58666              100.58666
              2       55.400683      0.83642494      0.77242165         13.062754           12.091729       1.0299162      0.72160329     -0.54197404       4.7082995        4.7082995       101.38477              101.38477
              1       55.984511      0.83642494      0.74527875         13.074335           12.101818       1.0294882      0.71978148     -0.53366784       4.7082995        4.7082995       102.55242              102.55242
              7       56.706289      0.83642494      0.74338435         13.074058           12.099235       1.0286288      0.71439033     -0.53160654       4.7082995        4.7082995       103.99598              103.99598
              2       57.069593      0.83642494      0.74105515         13.075363           12.099733       1.0281246      0.71370861     -0.52702826       4.7082995        4.7082995       104.72259              104.72259
              2       56.543421      0.83642494      0.74532294          13.08064           12.104785       1.0280862      0.71452265     -0.53268954       4.7082995        4.7082995       103.67024              103.67024
              2       55.255297      0.83642494      0.73581138         13.079442            12.11254       1.0292848      0.71621836     -0.53038281       4.7082995        4.7082995       101.09399              101.09399
              1       55.164727      0.83642494      0.73919255         13.077102           12.112616       1.0302582      0.71607217     -0.53453758       4.7082995        4.7082995       100.91285              100.91285
              1        55.15711      0.83642494      0.73720054         13.075585           12.112051       1.0300769      0.71531953     -0.53373748       4.7082995        4.7082995       100.89762              100.89762
              1       54.700236      0.83642494      0.71934336         13.067641           12.111473       1.0214213      0.74298731     -0.58500524       4.7082995        4.7082995       99.983874              99.983874
              2       58.311378      0.83642494      0.71030601         13.066552           12.099471       1.0259205      0.75829452      -0.5665871       4.7082995        4.7082995       107.20616              107.20616
              1       57.899124      0.83642494      0.71017387         13.065862           12.099543       1.0263959      0.75899557     -0.57032338       4.7082995        4.7082995       106.38165              106.38165
              1       58.867547      0.83642494      0.73088085         13.046324           12.095332       1.0285194      0.75871656     -0.55040295       4.7082995        4.7082995        108.3185               108.3185
              2        55.66835      0.83642494      0.73856118         13.042164           12.096629       1.0257196      0.74468794     -0.56693517       4.7082995        4.7082995        101.9201               101.9201
              1       56.408612      0.83642494      0.73339593         13.039869           12.098142        1.024833      0.74588564     -0.56686121       4.7082995        4.7082995       103.40063              103.40063
              1       55.408274      0.83642494      0.74036297         13.040152           12.093517       1.0227436      0.75018132     -0.57109538       4.7082995        4.7082995       101.39995              101.39995
              1       55.083622      0.83642494      0.72759293         13.039004            12.08476       1.0232015      0.74739582     -0.57110529       4.7082995        4.7082995       100.75064              100.75064
              3       54.033728      0.83642494      0.74736037         13.027138           12.085075       1.0132432      0.73544596     -0.56112828       4.7082995        4.7082995       98.650858              98.650858
              2       53.991158      0.83642494      0.74556875          13.02711           12.085178       1.0131605      0.73508454     -0.56151788       4.7082995        4.7082995       98.565718              98.565718
              2       54.003179      0.83642494      0.74534226          13.02757            12.08482       1.0130655      0.73516979     -0.56079737       4.7082995        4.7082995       98.589759              98.589759
              1        54.04483      0.83642494      0.74610881         13.028868           12.084174       1.0133187      0.73536933     -0.55998833       4.7082995        4.7082995       98.673061              98.673061
              2       53.868891      0.83642494      0.76089167         13.025588           12.079064       1.0134569      0.73990293      -0.5748258       4.7082995        4.7082995       98.321183              98.321183
              1       54.113973      0.83642494      0.75252639         13.023503           12.078893       1.0156286      0.74420945     -0.57531125       4.7082995        4.7082995       98.811346              98.811346
              1       54.313843      0.83642494      0.75992562         13.018822             12.0775       1.0172229      0.74072519     -0.56576965       4.7082995        4.7082995       99.211087              99.211087
              3       53.683538       0.8282862      0.75992562         13.018822             12.0775       1.0172229      0.74072519     -0.56576965       4.7082995        4.7082995       97.950477              97.950477
              2       53.804791       0.8282862      0.75885151         13.019406           12.076602       1.0190975      0.75153236     -0.56718882       4.7082995        4.7082995       98.192983              98.192983
              3       55.638826       0.8282862       0.7643311         13.022648           12.073722       1.0172888        0.753728     -0.55155149       4.7082995        4.7082995       101.86105              101.86105
              1       55.384993       0.8282862      0.76741655         13.021592           12.073526       1.0179589      0.75318127     -0.54965688       4.7082995        4.7082995       101.35339              101.35339
              2       58.108921       0.8282862       0.7263038          13.00855             12.0718       1.0205154      0.73798476     -0.48777127       4.7082995        4.7082995       106.80124              106.80124
              2       57.327297       0.8282862      0.72685566         13.009327           12.073894       1.0215777      0.73602093     -0.48954263       4.7082995        4.7082995       105.23799              105.23799
              4       57.537932       0.8282862      0.72870333         13.009143           12.074256       1.0216047      0.73625886     -0.48822367       4.7082995        4.7082995       105.65927              105.65927
              3        55.46753       0.8282862      0.74468214         13.007481           12.075554       1.0185802      0.73302009     -0.50391641       4.7082995        4.7082995       101.51846              101.51846
              1       55.046285       0.8282862      0.74159815         12.999417           12.070944       1.0192405      0.72952235      -0.5054585       4.7082995        4.7082995       100.67597              100.67597
              1       54.677472       0.8282862      0.71165966         13.006367           12.069933       1.0158277      0.71829227     -0.51350649       4.7082995        4.7082995       99.938345              99.938345
              2       54.450551       0.8282862       0.7009993         13.000775           12.078903        1.015845      0.72275952     -0.52279684       4.7082995        4.7082995       99.484504              99.484504
              2       54.869563       0.8282862      0.69248961         13.002154           12.080127       1.0175214      0.72017346     -0.53568561       4.7082995        4.7082995       100.32253              100.32253
              4       55.270851      0.82473712      0.69248961         13.002154           12.080127       1.0175214      0.72017346     -0.53568561       4.7082995        4.7082995        101.1251               101.1251
              5       55.226366      0.82473712      0.67587851         13.004249           12.081762       1.0186453         0.72092     -0.53251486       4.7082995        4.7082995       101.03613              101.03613
              1       55.530715      0.82473712      0.67678145         13.003413           12.082045       1.0194655      0.71994819     -0.53251265       4.7082995        4.7082995       101.64483              101.64483
              2       55.484132      0.82473712      0.67688117         13.003069           12.082153       1.0194462      0.72019754     -0.53136976       4.7082995        4.7082995       101.55167              101.55167
              1       55.993841      0.82473712      0.66460583         13.002767           12.087793       1.0203654      0.72966278     -0.53063024       4.7082995        4.7082995       102.57108              102.57108
              2       54.881134      0.82473712      0.67491266         13.004574           12.086246        1.018899      0.73488895     -0.53141508       4.7082995        4.7082995       100.34567              100.34567
              1       55.422129      0.82473712      0.66784053         13.020231            12.08596       1.0195789      0.73326966      -0.5527627       4.7082995        4.7082995       101.42766              101.42766
              1       55.620089      0.82473712      0.66325576         13.022557           12.100472       1.0127851      0.72725713     -0.54877989       4.7082995        4.7082995       101.82358              101.82358
              1       55.628785      0.82473712      0.64710777         13.019286           12.092323       1.0099073      0.72864619     -0.55530357       4.7082995        4.7082995       101.84097              101.84097
              1       55.590666      0.82473712      0.63748909         13.017818            12.08837       1.0091244       0.7334786     -0.54954471       4.7082995        4.7082995       101.76473              101.76473
              1       55.919995      0.82473712      0.64109103         13.019064           12.086726       1.0099319      0.73386692     -0.54532927       4.7082995        4.7082995       102.42339              102.42339
              1       54.987961      0.82473712      0.62699743         13.013489           12.090808       1.0099908      0.71962885     -0.51536037       4.7082995        4.7082995       100.55932              100.55932
              3       55.791625      0.82473712      0.61485473         13.022732           12.094098       1.0109082      0.72000426     -0.51531738       4.7082995        4.7082995       102.16665              102.16665
              2       55.130084      0.82473712      0.61377026         13.020622           12.096555       1.0121925      0.72202606       -0.514957       4.7082995        4.7082995       100.84357              100.84357
              2        55.12313      0.82473712      0.61742528         13.020311           12.096743        1.012148      0.72160386     -0.51836117       4.7082995        4.7082995       100.82966              100.82966
              2       55.166813      0.82473712       0.6089756         13.018465           12.098134       1.0102006      0.72320779     -0.52661223       4.7082995        4.7082995       100.91703              100.91703
