#        weight    minuslogpost          sigma8        ygk_Ahmc ygk_LOWZ__0_lM1_0 ygk_LOWZ__0_lMmin_0   ygk_mass_bias       ygk_rhogy   minuslogprior minuslogprior__0            chi2 chi2__ygk_like.ygkLike
              2       19.514741       0.8500707       1.3801869         13.504828           12.217383      0.61331953     -0.08020686       4.7409248        4.7409248       29.547633              29.547633
              1       19.938529      0.86351585       1.3801869         13.504828           12.217383      0.61331953     -0.08020686       4.7409248        4.7409248       30.395209              30.395209
              2       19.932619      0.86351585       1.3800481         13.504599           12.217138      0.61315056    -0.080235171       4.7409248        4.7409248       30.383389              30.383389
              2        19.85272      0.86351585        1.378731         13.506354           12.217195      0.61127669    -0.080205856       4.7409248        4.7409248        30.22359               30.22359
              1       20.076845      0.86351585       1.3782195         13.505816           12.220321      0.61094278    -0.080387667       4.7409248        4.7409248        30.67184               30.67184
              1       20.105964      0.86351585       1.3815686         13.506252           12.220294      0.60888032    -0.080461634       4.7409248        4.7409248       30.730079              30.730079
              1       19.980493      0.85993964       1.3815686         13.506252           12.220294      0.60888032    -0.080461634       4.7409248        4.7409248       30.479136              30.479136
              1       19.791508      0.85993964       1.3904792          13.50486           12.216632      0.60814165    -0.081858337       4.7409248        4.7409248       30.101167              30.101167
              1       19.687466      0.85993964       1.3931966         13.509515           12.214269      0.61155337    -0.081687459       4.7409248        4.7409248       29.893083              29.893083
              2       19.857655      0.85993964       1.3966875         13.508022           12.220253      0.61463354    -0.081623031       4.7409248        4.7409248        30.23346               30.23346
              1       19.846762      0.85993964       1.3938687         13.509149           12.221152      0.61710391     -0.08185074       4.7409248        4.7409248       30.211675              30.211675
              1       20.244866      0.85993964       1.3976667         13.511462           12.223667       0.6071161    -0.082612283       4.7409248        4.7409248       31.007883              31.007883
              1       20.213099      0.84974449       1.3976667         13.511462           12.223667       0.6071161    -0.082612283       4.7409248        4.7409248       30.944349              30.944349
              1       20.383909      0.84974449       1.3982329         13.513547           12.225485      0.60598357    -0.082312189       4.7409248        4.7409248       31.285968              31.285968
              1       19.575178      0.84974449       1.3804031         13.516106           12.216719      0.59538244    -0.082022852       4.7409248        4.7409248       29.668506              29.668506
              4       20.018233      0.84974449       1.3846925         13.519181           12.209686       0.5950496    -0.081904142       4.7409248        4.7409248       30.554617              30.554617
              1       20.003462      0.84974449       1.3848963         13.519261           12.209783      0.59486393    -0.081915014       4.7409248        4.7409248       30.525075              30.525075
              2       19.476381      0.84974449       1.3935246         13.511371           12.216425      0.60492908    -0.082005049       4.7409248        4.7409248       29.470913              29.470913
              1       19.549965       0.8453166       1.3935246         13.511371           12.216425      0.60492908    -0.082005049       4.7409248        4.7409248       29.618081              29.618081
              1       19.613906       0.8453166       1.4001321         13.508583           12.214326      0.60330061    -0.082106137       4.7409248        4.7409248       29.745963              29.745963
              1        19.86968       0.8453166       1.4131012         13.525263           12.230952       0.6119921    -0.083082063       4.7409248        4.7409248       30.257511              30.257511
              1       20.463784      0.87146888       1.4131012         13.525263           12.230952       0.6119921    -0.083082063       4.7409248        4.7409248       31.445718              31.445718
              2       20.416935      0.87146888       1.4121461         13.527424           12.231611      0.60514794    -0.083336807       4.7409248        4.7409248        31.35202               31.35202
              1       20.036177      0.87146888       1.4135955         13.533673           12.226241      0.60512304    -0.082993297       4.7409248        4.7409248       30.590505              30.590505
              2       20.019672      0.87146888       1.4118141         13.537313           12.226687      0.60256546    -0.082846602       4.7409248        4.7409248       30.557494              30.557494
              1       19.761324      0.87146888       1.4109987          13.53474           12.228437      0.59891315    -0.082997351       4.7409248        4.7409248       30.040798              30.040798
              2       19.586226      0.85010742       1.4109987          13.53474           12.228437      0.59891315    -0.082997351       4.7409248        4.7409248       29.690602              29.690602
              1       19.765283      0.85010742       1.4102057         13.536298           12.233214      0.60121662    -0.083223744       4.7409248        4.7409248       30.048717              30.048717
              2       20.357343      0.85010742       1.4206955         13.546265           12.221359      0.58975338    -0.084047619       4.7409248        4.7409248       31.232837              31.232837
              1       20.229827      0.85010742       1.4058896         13.537923           12.224656      0.57823538    -0.085814024       4.7409248        4.7409248       30.977804              30.977804
              2       19.785322      0.86112834       1.4058896         13.537923           12.224656      0.57823538    -0.085814024       4.7409248        4.7409248       30.088795              30.088795
              1       19.484157      0.86112834       1.4081548         13.537163           12.222607      0.58748146    -0.086609164       4.7409248        4.7409248       29.486464              29.486464
              2       19.470059      0.86112834       1.4084772         13.536818           12.223479      0.58852666     -0.08664173       4.7409248        4.7409248       29.458269              29.458269
              1       19.444014      0.86112834       1.4042428         13.527564           12.218499      0.59293096    -0.085998272       4.7409248        4.7409248       29.406178              29.406178
              1       19.446524      0.86112834       1.4042265          13.52759           12.218417      0.59298873    -0.086006069       4.7409248        4.7409248       29.411199              29.411199
              1       19.797383      0.86112834       1.4083579         13.530904           12.216536      0.59568259    -0.085587566       4.7409248        4.7409248       30.112917              30.112917
              1       19.849387      0.86450317       1.4083579         13.530904           12.216536      0.59568259    -0.085587566       4.7409248        4.7409248       30.216924              30.216924
              2       19.563509      0.86450317       1.4150811         13.527947           12.216416      0.59431172    -0.084960948       4.7409248        4.7409248       29.645169              29.645169
              1       20.330923      0.86450317       1.4069091          13.53212           12.217368      0.60118274    -0.083735058       4.7409248        4.7409248       31.179997              31.179997
              1       20.183578      0.86450317       1.4088217         13.533643           12.220334      0.60349663    -0.083812118       4.7409248        4.7409248       30.885306              30.885306
              1       21.049754      0.86450317       1.4105427         13.542882           12.219216      0.59784562    -0.083686547       4.7409248        4.7409248       32.617659              32.617659
              1       20.892514      0.85595216       1.4105427         13.542882           12.219216      0.59784562    -0.083686547       4.7409248        4.7409248       32.303178              32.303178
              2       20.906287      0.85595216       1.4138117         13.541311           12.218283      0.59902178    -0.083508485       4.7409248        4.7409248       32.330725              32.330725
              1       21.067794      0.85595216       1.4133391         13.541962           12.218042      0.59886948    -0.083366844       4.7409248        4.7409248       32.653739              32.653739
              1       20.823399      0.85595216        1.415774         13.546252            12.22294      0.60174593    -0.083368659       4.7409248        4.7409248       32.164949              32.164949
              1       20.887629      0.84597792        1.415774         13.546252            12.22294      0.60174593    -0.083368659       4.7409248        4.7409248       32.293409              32.293409
              1       20.807111      0.84597792       1.4112895         13.542932           12.223812      0.60901521    -0.083272744       4.7409248        4.7409248       32.132372              32.132372
              1       20.359285      0.84597792       1.4146437         13.542361           12.225929       0.6106842    -0.083515386       4.7409248        4.7409248        31.23672               31.23672
              2       20.350892       0.8488548       1.4146437         13.542361           12.225929       0.6106842    -0.083515386       4.7409248        4.7409248       31.219935              31.219935
              1        20.28093       0.8488548       1.4145202         13.542481           12.226379      0.61058716    -0.083502643       4.7409248        4.7409248       31.080011              31.080011
              1       20.376669       0.8488548        1.415635         13.543719           12.226051      0.60910691    -0.083508145       4.7409248        4.7409248       31.271489              31.271489
              4       19.740156       0.8488548       1.4109525         13.540572           12.226895      0.60309967    -0.084420871       4.7409248        4.7409248       29.998462              29.998462
              1       20.454013       0.8488548       1.4058722         13.540645           12.220488       0.5976438    -0.084323265       4.7409248        4.7409248       31.426176              31.426176
              1       19.823241       0.8488548       1.4110332         13.540242           12.225081      0.58800281    -0.084007742       4.7409248        4.7409248       30.164632              30.164632
              2       19.632046       0.8488548       1.4140206         13.524959           12.219941        0.594987    -0.081809094       4.7409248        4.7409248       29.782242              29.782242
              3       19.695332       0.8488548       1.4194663         13.522121           12.213562      0.58900771    -0.081084945       4.7409248        4.7409248       29.908814              29.908814
              1       19.863581      0.87818828       1.4194663         13.522121           12.213562      0.58900771    -0.081084945       4.7409248        4.7409248       30.245313              30.245313
              1       19.930957      0.87818828       1.4175656         13.517819           12.212557      0.59077539    -0.081053177       4.7409248        4.7409248       30.380064              30.380064
              2       20.249151      0.87818828       1.4293827           13.5258           12.223232      0.59513351    -0.081885015       4.7409248        4.7409248       31.016452              31.016452
              1       20.398663      0.87818828       1.4292163         13.525165           12.224146       0.5948401    -0.081867638       4.7409248        4.7409248       31.315477              31.315477
              1       20.042089      0.86998345       1.4292163         13.525165           12.224146       0.5948401    -0.081867638       4.7409248        4.7409248       30.602328              30.602328
              1       19.776071      0.86998345       1.4006998         13.537117           12.232348      0.60192558    -0.083348223       4.7409248        4.7409248       30.070292              30.070292
              2       19.573757      0.86998345       1.4001522         13.545715           12.233808      0.59001195    -0.083037931       4.7409248        4.7409248       29.665664              29.665664
              1       19.980268      0.88079443       1.4001522         13.545715           12.233808      0.59001195    -0.083037931       4.7409248        4.7409248       30.478687              30.478687
              1       20.050388      0.88079443       1.4008393         13.555776           12.233959      0.58724402    -0.082259192       4.7409248        4.7409248       30.618926              30.618926
              3         20.0526      0.88079443       1.4002265         13.556096           12.234191      0.58724424    -0.082295681       4.7409248        4.7409248       30.623351              30.623351
              1       19.978227      0.88079443       1.3975634         13.551946           12.237436      0.57806017    -0.082171841       4.7409248        4.7409248       30.474605              30.474605
              1       19.648694      0.88079443       1.3926935         13.553954           12.232624      0.57719478    -0.081927695       4.7409248        4.7409248       29.815538              29.815538
              1       19.517463      0.87304689       1.3926935         13.553954           12.232624      0.57719478    -0.081927695       4.7409248        4.7409248       29.553077              29.553077
              1        19.51763      0.87304689       1.3925332         13.553996            12.23263      0.57717684    -0.081962729       4.7409248        4.7409248        29.55341               29.55341
              1       19.520345      0.87304689       1.3929846         13.554336           12.232314      0.57676055    -0.081977637       4.7409248        4.7409248       29.558841              29.558841
              1       19.558306      0.87304689       1.3902841         13.566852           12.241955      0.57569014    -0.081683497       4.7409248        4.7409248       29.634763              29.634763
              2       19.754677      0.87304689       1.3920816         13.573114           12.244293      0.58343493    -0.081627521       4.7409248        4.7409248       30.027504              30.027504
              1       19.988431      0.87304689       1.3882409         13.583231           12.245957      0.57536767    -0.081244839       4.7409248        4.7409248       30.495012              30.495012
              1       19.986355      0.87304689       1.3935611         13.584241           12.245488      0.57353007      -0.0813449       4.7409248        4.7409248       30.490861              30.490861
              2       20.071857      0.88107702       1.3935611         13.584241           12.245488      0.57353007      -0.0813449       4.7409248        4.7409248       30.661865              30.661865
              1        19.63218      0.88107702       1.3939726         13.579475           12.246038       0.5700257    -0.081200056       4.7409248        4.7409248        29.78251               29.78251
              1       19.626198      0.88107702       1.3930325         13.579327           12.248587      0.57104988    -0.081071065       4.7409248        4.7409248       29.770547              29.770547
              1        20.00462      0.88107702       1.3835394         13.576422           12.242027      0.57418789    -0.080749029       4.7409248        4.7409248        30.52739               30.52739
              1       20.176726      0.88107702       1.3913894         13.561909           12.241307      0.59136336     -0.08156468       4.7409248        4.7409248       30.871602              30.871602
              2       20.760451      0.88107702        1.396445         13.562856            12.23842      0.59345472    -0.080780826       4.7409248        4.7409248       32.039053              32.039053
              1       20.690031      0.88107702       1.3952317         13.562017           12.240042       0.5956424    -0.080831676       4.7409248        4.7409248       31.898212              31.898212
              1        20.43793       0.8779832       1.3952317         13.562017           12.240042       0.5956424    -0.080831676       4.7409248        4.7409248        31.39401               31.39401
              3       21.243483       0.8779832       1.3997033         13.554526            12.23241      0.59953205    -0.081423556       4.7409248        4.7409248       33.005116              33.005116
              1       20.277231       0.8779832       1.4010598         13.545402           12.233141      0.59883773    -0.080306322       4.7409248        4.7409248       31.072611              31.072611
              1       20.043888      0.87481822       1.4010598         13.545402           12.233141      0.59883773    -0.080306322       4.7409248        4.7409248       30.605927              30.605927
              1       19.976986      0.87481822       1.3937039         13.553032           12.242392      0.58669098    -0.080661596       4.7409248        4.7409248       30.472122              30.472122
              1       19.828768      0.87481822       1.3943751         13.558619           12.233013      0.58165657    -0.080321572       4.7409248        4.7409248       30.175686              30.175686
              1       19.610353      0.87481822       1.4005605         13.558002           12.238527      0.57864139    -0.079268023       4.7409248        4.7409248       29.738856              29.738856
              1       20.656283      0.87481822       1.4197359         13.581357           12.244521      0.58919023    -0.080268991       4.7409248        4.7409248       31.830716              31.830716
              2       20.302655      0.87481822        1.421925         13.579797           12.244192      0.58715674    -0.080447628       4.7409248        4.7409248       31.123461              31.123461
              1       19.847425      0.87481822       1.4072577         13.595458           12.254714      0.57649313    -0.081154751       4.7409248        4.7409248          30.213                 30.213
              1       19.846281      0.87456184       1.4072577         13.595458           12.254714      0.57649313    -0.081154751       4.7409248        4.7409248       30.210713              30.210713
              2       19.731816      0.87456184       1.3941497         13.583802           12.259964      0.58590045    -0.081654923       4.7409248        4.7409248       29.981783              29.981783
              1       19.981956      0.87456184       1.4049248         13.591065           12.261154      0.59753205    -0.083858533       4.7409248        4.7409248       30.482062              30.482062
              1       19.941429      0.87456184       1.4017006         13.592003           12.262629      0.59764335    -0.083987806       4.7409248        4.7409248       30.401009              30.401009
              2       20.001119      0.87456184       1.4004683         13.584922           12.261624      0.60303062    -0.084262903       4.7409248        4.7409248       30.520388              30.520388
              1       20.457976      0.87456184       1.3969223         13.584473           12.256059      0.60163733    -0.084058117       4.7409248        4.7409248       31.434102              31.434102
              2       20.275246      0.87456184       1.3958462         13.583673           12.258143      0.60307953    -0.083597566       4.7409248        4.7409248       31.068642              31.068642
              3       21.076121      0.87456184       1.3988747         13.584051           12.258215      0.61123825    -0.084037262       4.7409248        4.7409248       32.670393              32.670393
              2       20.895733      0.87456184       1.4037622         13.573786           12.255994      0.61567137     -0.08296992       4.7409248        4.7409248       32.309617              32.309617
              3        20.01392      0.87456184       1.4165396         13.563189           12.248559      0.60450491    -0.084264975       4.7409248        4.7409248       30.545991              30.545991
              1       20.064935      0.87456184        1.412344         13.566197           12.246822       0.6022648    -0.083662644       4.7409248        4.7409248       30.648021              30.648021
              2        20.00278      0.87456184        1.406492         13.563709           12.243234      0.59852894    -0.084188447       4.7409248        4.7409248        30.52371               30.52371
              1       19.768204      0.87456184       1.4098136         13.563299            12.24235      0.59375877    -0.084139515       4.7409248        4.7409248       30.054558              30.054558
              1        19.79827      0.87456184       1.4105077         13.563745           12.242637      0.59451838    -0.084166192       4.7409248        4.7409248        30.11469               30.11469
              1        19.53205      0.86336954       1.4105077         13.563745           12.242637      0.59451838    -0.084166192       4.7409248        4.7409248       29.582251              29.582251
              1       20.071594      0.86336954       1.4076204         13.565728           12.251651      0.59049481     -0.08476245       4.7409248        4.7409248       30.661338              30.661338
              1        19.55941      0.86336954       1.4097529         13.567015           12.244668       0.5872725    -0.085660984       4.7409248        4.7409248       29.636971              29.636971
              1       19.625657      0.86336954       1.4101345         13.564499            12.24509      0.58794615    -0.085744879       4.7409248        4.7409248       29.769464              29.769464
              1       20.024503      0.86336954       1.4152232           13.5638           12.246191      0.58388922    -0.085574243       4.7409248        4.7409248       30.567157              30.567157
              2       19.685115      0.86336954       1.4099734         13.566156           12.237582       0.5806592    -0.084780931       4.7409248        4.7409248        29.88838               29.88838
              1       19.576795      0.86336954       1.4047823         13.569222           12.244722      0.59047654    -0.084040834       4.7409248        4.7409248       29.671741              29.671741
              2       19.586292      0.86744327       1.4047823         13.569222           12.244722      0.59047654    -0.084040834       4.7409248        4.7409248       29.690734              29.690734
              2       19.568926      0.86744327         1.40466         13.572993           12.246751      0.58781871    -0.084048866       4.7409248        4.7409248       29.656003              29.656003
              1       19.663226      0.87422816         1.40466         13.572993           12.246751      0.58781871    -0.084048866       4.7409248        4.7409248       29.844602              29.844602
              1       20.020263      0.87422816       1.4000751         13.582569           12.241967      0.57039168    -0.083216176       4.7409248        4.7409248       30.558677              30.558677
              1       19.808558      0.87422816       1.4010395         13.582321           12.243479      0.56941099    -0.083252979       4.7409248        4.7409248       30.135266              30.135266
              1       20.443799      0.87422816       1.3941248         13.601447            12.25528      0.57709006    -0.083547953       4.7409248        4.7409248       31.405748              31.405748
              2       20.166456      0.87422816       1.3963706         13.600936           12.257889       0.5799537    -0.082616403       4.7409248        4.7409248       30.851063              30.851063
              1       19.991506      0.87422816       1.4023301         13.586221           12.259834      0.57689572    -0.082884647       4.7409248        4.7409248       30.501163              30.501163
              1       19.673031      0.87422816       1.3997106         13.585393           12.249494      0.56759973    -0.082702796       4.7409248        4.7409248       29.864213              29.864213
              1       19.930018      0.86530632       1.3997106         13.585393           12.249494      0.56759973    -0.082702796       4.7409248        4.7409248       30.378186              30.378186
              1       20.251849      0.86530632        1.399842         13.583699           12.243251      0.57417967    -0.082947096       4.7409248        4.7409248       31.021849              31.021849
              1       19.716868      0.86530632       1.3835823         13.576418           12.246271      0.57667125    -0.082630095       4.7409248        4.7409248       29.951887              29.951887
              2       20.633921      0.86530632       1.3841363         13.580893           12.241239      0.57684482    -0.081792805       4.7409248        4.7409248       31.785992              31.785992
              2         19.7521      0.86530632       1.3861696         13.580333           12.249644      0.58329539    -0.081284693       4.7409248        4.7409248        30.02235               30.02235
              2       19.740119      0.86970594       1.3861696         13.580333           12.249644      0.58329539    -0.081284693       4.7409248        4.7409248       29.998388              29.998388
              1       19.948036      0.86970594       1.3711052         13.579628           12.248089       0.5826022    -0.081454964       4.7409248        4.7409248       30.414223              30.414223
              2       21.009474      0.86970594       1.3707892         13.577969           12.245187      0.59219157    -0.081231925       4.7409248        4.7409248       32.537099              32.537099
              1       20.663865      0.86970594       1.3707257         13.576908           12.246146       0.5922748    -0.081222753       4.7409248        4.7409248        31.84588               31.84588
              1       20.566778      0.86970594       1.3713068          13.58802           12.260023      0.60481934    -0.083975505       4.7409248        4.7409248       31.651707              31.651707
              1       20.479828      0.86970594       1.3702355         13.591987           12.263885      0.60572361     -0.08358168       4.7409248        4.7409248       31.477806              31.477806
              1       20.704098      0.86970594       1.3692492         13.589613           12.261249      0.60583231    -0.083155596       4.7409248        4.7409248       31.926346              31.926346
              1        19.86504      0.86970594       1.3700543         13.588917           12.266066      0.60341473    -0.082871446       4.7409248        4.7409248       30.248231              30.248231
              1       19.799549      0.86970594       1.3678631         13.587105           12.267075      0.60414574    -0.082962588       4.7409248        4.7409248       30.117249              30.117249
              1       20.090734      0.86970594       1.3669574         13.590217           12.268966      0.60971716     -0.08270733       4.7409248        4.7409248       30.699618              30.699618
              2       20.107786      0.86970594       1.3662497         13.590785           12.268876       0.6092655    -0.082696467       4.7409248        4.7409248       30.733722              30.733722
              1       20.031146      0.86837688       1.3662497         13.590785           12.268876       0.6092655    -0.082696467       4.7409248        4.7409248       30.580443              30.580443
              1       20.227953      0.86837688       1.3642377         13.589671           12.266879      0.60991391    -0.082617495       4.7409248        4.7409248       30.974057              30.974057
              2       20.109529      0.86837688       1.3606407          13.58772           12.273203      0.61711829    -0.082801472       4.7409248        4.7409248       30.737209              30.737209
              2       20.131166      0.86837688       1.3609458         13.587646           12.272968      0.61741478    -0.082817988       4.7409248        4.7409248       30.780483              30.780483
              1       20.421175      0.86837688       1.3423347         13.580923           12.277726      0.62098825    -0.082670902       4.7409248        4.7409248         31.3605                31.3605
              1       20.532844      0.86998558       1.3423347         13.580923           12.277726      0.62098825    -0.082670902       4.7409248        4.7409248       31.583839              31.583839
              1       20.318667      0.86998558       1.3410899         13.573993           12.270761      0.61473213    -0.083640535       4.7409248        4.7409248       31.155485              31.155485
              3       20.668915      0.86998558        1.345081         13.564994           12.267641      0.62106417    -0.083232972       4.7409248        4.7409248       31.855981              31.855981
              1        20.97745      0.86998558       1.3567214         13.564331           12.262348      0.62957717    -0.083560609       4.7409248        4.7409248        32.47305               32.47305
              1        20.65278      0.86998558       1.3628085         13.565916           12.264071      0.62545648    -0.082779052       4.7409248        4.7409248       31.823711              31.823711
              3       20.598124      0.86998558        1.363062         13.564813           12.263206       0.6243435    -0.082816031       4.7409248        4.7409248       31.714398              31.714398
              2       21.099719      0.86998558       1.3592313          13.56053           12.258309      0.62905881    -0.082074294       4.7409248        4.7409248       32.717588              32.717588
              2       20.940304      0.86998558       1.3459622         13.575527           12.271103      0.62933383     -0.08192091       4.7409248        4.7409248       32.398758              32.398758
              1       20.713356      0.86998558       1.3446573         13.572646           12.271553      0.62578499    -0.080545039       4.7409248        4.7409248       31.944862              31.944862
              1       21.947285      0.86998558       1.3266493         13.562824           12.264221      0.63706044    -0.080606675       4.7409248        4.7409248       34.412721              34.412721
              2       20.757244      0.86998558       1.3212754         13.560278           12.262389      0.62484344    -0.081020068       4.7409248        4.7409248       32.032639              32.032639
              1       20.650729      0.86998558       1.3295655         13.579465           12.275321      0.62496679    -0.080664978       4.7409248        4.7409248       31.819608              31.819608
              2       20.525926      0.86869511       1.3295655         13.579465           12.275321      0.62496679    -0.080664978       4.7409248        4.7409248       31.570003              31.570003
              1        20.52145      0.86869511       1.3276395         13.579495           12.275895      0.62482159    -0.080439867       4.7409248        4.7409248       31.561051              31.561051
              3       20.461988      0.86869511       1.3348709         13.576474           12.273945      0.62297194    -0.079779404       4.7409248        4.7409248       31.442127              31.442127
              2       20.329852      0.86869511       1.3363431         13.584627           12.279342      0.61914427    -0.080801663       4.7409248        4.7409248       31.177854              31.177854
              2       20.876569      0.86869511        1.344847         13.577958           12.279439      0.62342748    -0.081366352       4.7409248        4.7409248       32.271288              32.271288
              1       21.007252      0.86869511       1.3451904          13.57681           12.279535      0.62380188    -0.081302706       4.7409248        4.7409248       32.532655              32.532655
