#        weight    minuslogpost          sigma8        ygk_Ahmc ygk_LOWZ__0_lM1_0 ygk_LOWZ__0_lMmin_0   ygk_mass_bias       ygk_rhogy   minuslogprior minuslogprior__0            chi2 chi2__ygk_like.ygkLike
              2       20.596158      0.81667854       1.3595199           13.4826           12.198988      0.62757383    -0.076317179       4.7409248        4.7409248       31.710467              31.710467
              1        20.88669      0.81667854        1.366834          13.49407           12.202873      0.61558524    -0.076753826       4.7409248        4.7409248       32.291531              32.291531
              1       20.745694      0.81875559        1.366834          13.49407           12.202873      0.61558524    -0.076753826       4.7409248        4.7409248       32.009538              32.009538
              4       20.695532      0.81875559       1.3657108         13.494037           12.203306      0.61340373    -0.076444466       4.7409248        4.7409248       31.909214              31.909214
              1       20.625201      0.81875559       1.3496753         13.497424           12.208016      0.61229026    -0.077167504       4.7409248        4.7409248       31.768552              31.768552
              2       20.549675      0.81986091       1.3496753         13.497424           12.208016      0.61229026    -0.077167504       4.7409248        4.7409248         31.6175                31.6175
              1       20.422537      0.81986091       1.3501151         13.492586            12.20685      0.61188756    -0.077551636       4.7409248        4.7409248       31.363225              31.363225
              1       21.407473      0.81986091       1.3648204          13.48914           12.207254      0.59789149    -0.076814838       4.7409248        4.7409248       33.333096              33.333096
              2       20.857526      0.81986091       1.3811944         13.502926           12.211366      0.60274235    -0.078539147       4.7409248        4.7409248       32.233202              32.233202
              3         19.7309      0.83931039       1.3811944         13.502926           12.211366      0.60274235    -0.078539147       4.7409248        4.7409248        29.97995               29.97995
              1       19.669553      0.83931039       1.3725296         13.504978           12.210715      0.60524304    -0.078314394       4.7409248        4.7409248       29.857257              29.857257
              2       19.996911      0.83931039       1.3710971         13.504901           12.206449      0.60597632    -0.079064787       4.7409248        4.7409248       30.511972              30.511972
              1       20.019544      0.83931039       1.3708937         13.505398           12.206662       0.6061084    -0.079003875       4.7409248        4.7409248       30.557239              30.557239
              1       19.867472      0.84883068       1.3708937         13.505398           12.206662       0.6061084    -0.079003875       4.7409248        4.7409248       30.253095              30.253095
              5       19.560006      0.84883068       1.3611882         13.505656           12.215303      0.61685109    -0.079885468       4.7409248        4.7409248       29.638163              29.638163
              2       19.533596      0.84663656       1.3611882         13.505656           12.215303      0.61685109    -0.079885468       4.7409248        4.7409248       29.585342              29.585342
              1        19.51076      0.84663656       1.3589585         13.501903           12.219188      0.61970917    -0.079181249       4.7409248        4.7409248       29.539671              29.539671
              3         19.4553      0.84663656       1.3574449         13.502897           12.216774      0.61730447    -0.078945411       4.7409248        4.7409248       29.428751              29.428751
              2       19.893769      0.84663656        1.363562         13.499155           12.216516      0.60712001    -0.078366238       4.7409248        4.7409248       30.305688              30.305688
              1       19.910019      0.84548466        1.363562         13.499155           12.216516      0.60712001    -0.078366238       4.7409248        4.7409248       30.338189              30.338189
              1       19.910038      0.84548466       1.3635691         13.499126           12.216506      0.60714242    -0.078365017       4.7409248        4.7409248       30.338227              30.338227
              3       20.220407      0.84548466       1.3482786         13.497621           12.217807      0.60467243    -0.077275786       4.7409248        4.7409248       30.958965              30.958965
              1       20.247964      0.84408661       1.3482786         13.497621           12.217807      0.60467243    -0.077275786       4.7409248        4.7409248       31.014079              31.014079
              2       19.521745      0.84408661       1.3496652         13.511568           12.226354      0.61805205    -0.077517256       4.7409248        4.7409248       29.561641              29.561641
              1       19.486547      0.84408661       1.3462114         13.509603           12.224053      0.62336403    -0.076721988       4.7409248        4.7409248       29.491245              29.491245
              4        19.62174      0.84408661       1.3430555         13.520384           12.237016      0.62564775    -0.076979543       4.7409248        4.7409248        29.76163               29.76163
              1        20.13067      0.85902037       1.3430555         13.520384           12.237016      0.62564775    -0.076979543       4.7409248        4.7409248       30.779491              30.779491
              1       20.045802      0.85902037       1.3499205         13.523247           12.237874      0.62038004    -0.076657497       4.7409248        4.7409248       30.609754              30.609754
              1       19.906123       0.8557252       1.3499205         13.523247           12.237874      0.62038004    -0.076657497       4.7409248        4.7409248       30.330396              30.330396
              1       19.863811       0.8557252       1.3523612         13.525092           12.238665      0.62343216    -0.076625701       4.7409248        4.7409248       30.245772              30.245772
              1        19.66221       0.8557252       1.3580061         13.533146           12.234771      0.61495039    -0.076520151       4.7409248        4.7409248        29.84257               29.84257
              3       19.583641       0.8557252       1.3602273         13.531662           12.235192      0.61435544    -0.076898181       4.7409248        4.7409248       29.685433              29.685433
              1       19.565275       0.8557252       1.3607813         13.532651           12.236969      0.61352969    -0.078199221       4.7409248        4.7409248         29.6487                29.6487
              1       19.551866       0.8557252       1.3613978         13.532578           12.236491      0.61217231    -0.078195068       4.7409248        4.7409248       29.621882              29.621882
              3       20.144442       0.8557252       1.3697049         13.543191            12.24911      0.61101855    -0.077899309       4.7409248        4.7409248       30.807034              30.807034
              1       19.607766       0.8557252       1.3654712          13.55201           12.244435      0.61026342     -0.07790934       4.7409248        4.7409248       29.733683              29.733683
              2        19.52173       0.8557252       1.3599364         13.551006           12.243185      0.60358295    -0.077405538       4.7409248        4.7409248       29.561611              29.561611
              2       19.614118       0.8557252       1.3462074         13.542122           12.240485      0.61203632    -0.078036854       4.7409248        4.7409248       29.746387              29.746387
              1       19.811008      0.83572654       1.3462074         13.542122           12.240485      0.61203632    -0.078036854       4.7409248        4.7409248       30.140167              30.140167
              1       19.877947      0.83572654       1.3451724         13.543537            12.24207      0.60883091    -0.078508046       4.7409248        4.7409248       30.274044              30.274044
              1       20.523501      0.83572654       1.3606109         13.541892           12.247276       0.6088133    -0.078582981       4.7409248        4.7409248       31.565152              31.565152
              1       20.483654      0.83572654       1.3596776         13.548159           12.252479      0.61143848    -0.078273951       4.7409248        4.7409248       31.485459              31.485459
              1       19.982142      0.83572654       1.3585134         13.548741           12.254268      0.62147224    -0.079580778       4.7409248        4.7409248       30.482434              30.482434
              1       19.840449      0.83572654        1.358952         13.550284           12.253347      0.62063803    -0.079654479       4.7409248        4.7409248       30.199049              30.199049
              1       20.396166      0.82463832        1.358952         13.550284           12.253347      0.62063803    -0.079654479       4.7409248        4.7409248       31.310482              31.310482
              4       20.777298      0.82463832       1.3627953         13.551765           12.243352      0.63092015    -0.079029516       4.7409248        4.7409248       32.072747              32.072747
              1       19.938274      0.82463832       1.3618391         13.551148           12.251396      0.62899697     -0.07876842       4.7409248        4.7409248       30.394698              30.394698
              1       19.862912      0.82463832       1.3628145         13.546899           12.250216      0.63097142    -0.078324434       4.7409248        4.7409248       30.243974              30.243974
              1       20.058972      0.82463832       1.3572822         13.544719           12.246938      0.62309909    -0.078148529       4.7409248        4.7409248       30.636094              30.636094
              4       20.204452      0.82463832       1.3435815         13.542595            12.25005      0.62304176     -0.07750651       4.7409248        4.7409248       30.927055              30.927055
              1       20.109556      0.82463832       1.3413247         13.547602           12.247157      0.62442709    -0.077681002       4.7409248        4.7409248       30.737263              30.737263
              1       21.523534      0.82463832       1.3246429         13.528752           12.237699      0.59841822    -0.081429488       4.7409248        4.7409248       33.565218              33.565218
              1       21.197299      0.82463832        1.322856         13.527042           12.234699      0.59874034    -0.081769704       4.7409248        4.7409248       32.912749              32.912749
              1       21.260209      0.82463832       1.3214879         13.524708           12.233979      0.59880715    -0.081516461       4.7409248        4.7409248       33.038568              33.038568
              1       20.819004      0.82463832        1.321715         13.527788           12.230016      0.59886772    -0.081333046       4.7409248        4.7409248       32.156159              32.156159
              1       21.425096      0.82463832       1.3122893         13.531952           12.232414      0.58800563    -0.081361574       4.7409248        4.7409248       33.368342              33.368342
              1       20.776757       0.8332298       1.3122893         13.531952           12.232414      0.58800563    -0.081361574       4.7409248        4.7409248       32.071665              32.071665
              2       20.229758       0.8332298       1.2983931         13.539326           12.237773       0.6040641    -0.081322728       4.7409248        4.7409248       30.977666              30.977666
              1       19.859937       0.8332298       1.3012709          13.53454           12.241287      0.61389297    -0.081286595       4.7409248        4.7409248       30.238024              30.238024
              2       19.792418       0.8332298       1.2862576         13.528794           12.238199      0.61709155    -0.082637885       4.7409248        4.7409248       30.102986              30.102986
              1       19.846018       0.8332298       1.2861804         13.531613           12.238815      0.61830216    -0.082734613       4.7409248        4.7409248       30.210186              30.210186
              1       19.864146      0.83272484       1.2861804         13.531613           12.238815      0.61830216    -0.082734613       4.7409248        4.7409248       30.246442              30.246442
              2       20.093987      0.83272484       1.2843305         13.531243           12.236519      0.60544753    -0.081246142       4.7409248        4.7409248       30.706124              30.706124
              2       20.215569      0.83052343       1.2843305         13.531243           12.236519      0.60544753    -0.081246142       4.7409248        4.7409248       30.949289              30.949289
              1       19.929385      0.83052343        1.272558         13.531237           12.243639      0.61660188    -0.080319364       4.7409248        4.7409248        30.37692               30.37692
              3       19.935711      0.83052343       1.2688247         13.530636            12.24092       0.6157525    -0.080482539       4.7409248        4.7409248       30.389572              30.389572
              2       20.176059      0.82576321       1.2688247         13.530636            12.24092       0.6157525    -0.080482539       4.7409248        4.7409248       30.870268              30.870268
              2       20.880852      0.82576321       1.2740073         13.520752           12.241422      0.61207255    -0.080341669       4.7409248        4.7409248       32.279854              32.279854
              1       20.127368      0.82576321       1.2771681         13.519361           12.231453      0.61760557    -0.080802145       4.7409248        4.7409248       30.772886              30.772886
              1       21.434207      0.82576321       1.2699408         13.534152           12.232082      0.61448712     -0.08225586       4.7409248        4.7409248       33.386565              33.386565
              1       20.896499      0.82576321       1.2799427         13.532613           12.231995      0.60455773    -0.082696995       4.7409248        4.7409248       32.311149              32.311149
              1       21.500407      0.82576321       1.2779649         13.533546           12.228327      0.60136089    -0.082451096       4.7409248        4.7409248       33.518965              33.518965
              1       22.145535      0.81766961       1.2779649         13.533546           12.228327      0.60136089    -0.082451096       4.7409248        4.7409248        34.80922               34.80922
              3       21.514767      0.81766961       1.2723921         13.525838           12.228409      0.59896394    -0.082906501       4.7409248        4.7409248       33.547684              33.547684
              3       21.309996      0.81766961       1.2692811         13.525223           12.232931      0.60038808    -0.083162122       4.7409248        4.7409248       33.138143              33.138143
              2       21.306238      0.81766961       1.2703836         13.525295           12.232492      0.60051581    -0.083368509       4.7409248        4.7409248       33.130627              33.130627
              1       21.306542      0.81766961       1.2697651          13.52574           12.232835      0.60057013    -0.083300566       4.7409248        4.7409248       33.131234              33.131234
              1       23.116311      0.79899823       1.2697651          13.52574           12.232835      0.60057013    -0.083300566       4.7409248        4.7409248       36.750773              36.750773
              1       23.119601      0.79899823       1.2697913         13.525723           12.232844      0.60049335    -0.083296952       4.7409248        4.7409248       36.757352              36.757352
              1       23.224711      0.79899823       1.2695554         13.527824           12.235072      0.59900569    -0.083556458       4.7409248        4.7409248       36.967572              36.967572
              1       23.471167      0.79899823       1.2730116         13.532639             12.2326      0.59943847    -0.083435197       4.7409248        4.7409248       37.460484              37.460484
              3       23.155114      0.79899823       1.2740601         13.528835           12.231303      0.60564688    -0.083612289       4.7409248        4.7409248       36.828378              36.828378
              1       23.048905      0.79899823       1.2733211          13.52414           12.229872      0.60326233    -0.083378836       4.7409248        4.7409248        36.61596               36.61596
              2       22.956429      0.79899823       1.2699381          13.52265           12.233755      0.60324514      -0.0835494       4.7409248        4.7409248       36.431008              36.431008
              1       22.673932      0.79899823       1.2608999          13.52269           12.240889      0.61300685    -0.084358201       4.7409248        4.7409248       35.866015              35.866015
              1       23.452338      0.79136241       1.2608999          13.52269           12.240889      0.61300685    -0.084358201       4.7409248        4.7409248       37.422827              37.422827
              1       23.673231      0.79136241       1.2601825         13.532429           12.236688       0.6140196    -0.084521536       4.7409248        4.7409248       37.864613              37.864613
              1       23.728429      0.79136241       1.2600437         13.536658           12.245079      0.60740892    -0.084561721       4.7409248        4.7409248       37.975009              37.975009
              1       23.876232      0.79136241       1.2522221         13.535971           12.242905      0.60419568    -0.084267599       4.7409248        4.7409248       38.270613              38.270613
              5       23.065927      0.79136241       1.2526291         13.543174           12.252776      0.61968329    -0.081569623       4.7409248        4.7409248       36.650005              36.650005
              3       21.990083      0.79136241       1.2734304         13.538182           12.257859      0.64330498    -0.081646547       4.7409248        4.7409248       34.498317              34.498317
              1       22.033028      0.79136241       1.2750304         13.537683           12.257727       0.6429694    -0.081667872       4.7409248        4.7409248       34.584206              34.584206
              1       22.030963      0.79136241       1.2750361         13.537683            12.25773      0.64300451    -0.081669403       4.7409248        4.7409248       34.580076              34.580076
              1       20.452055      0.81021856       1.2750361         13.537683            12.25773      0.64300451    -0.081669403       4.7409248        4.7409248       31.422261              31.422261
              1       20.303878      0.81021856       1.2768777         13.540477           12.255289      0.64522417    -0.081140965       4.7409248        4.7409248       31.125907              31.125907
              2       20.232317      0.81021856       1.2761254         13.536615           12.255275      0.64619371    -0.080951851       4.7409248        4.7409248       30.982785              30.982785
              1       21.049929      0.81021856       1.2830967         13.540591           12.247581      0.64609402    -0.081162927       4.7409248        4.7409248       32.618009              32.618009
              2       22.311131      0.81021856       1.2796892         13.547394           12.247977      0.65111858    -0.081174811       4.7409248        4.7409248       35.140412              35.140412
              2       19.817127      0.81021856        1.299666         13.541738           12.260902      0.67147799    -0.080449761       4.7409248        4.7409248       30.152404              30.152404
              2       19.884108      0.81021856       1.3079651         13.549996           12.273188      0.67140026    -0.080606329       4.7409248        4.7409248       30.286366              30.286366
              2       19.945847      0.80884588       1.3079651         13.549996           12.273188      0.67140026    -0.080606329       4.7409248        4.7409248       30.409844              30.409844
              1       20.490246      0.80884588       1.3141024         13.555992           12.264659      0.67498969    -0.080901624       4.7409248        4.7409248       31.498642              31.498642
              1       20.578418      0.80884588       1.3113251         13.556642            12.26571      0.67849985    -0.081223747       4.7409248        4.7409248       31.674986              31.674986
              3       20.586101      0.80803001       1.3113251         13.556642            12.26571      0.67849985    -0.081223747       4.7409248        4.7409248       31.690352              31.690352
              2       20.573579      0.80803001       1.3111672         13.556547           12.265738      0.67853797    -0.081228223       4.7409248        4.7409248       31.665309              31.665309
              1        19.67318      0.80803001       1.3147884         13.553435           12.272979      0.67958306    -0.081295302       4.7409248        4.7409248        29.86451               29.86451
              1       19.561552      0.80803001       1.3274563         13.552389           12.273616      0.69119197    -0.084216594       4.7409248        4.7409248       29.641254              29.641254
              1       19.526651      0.80803001         1.32728         13.547046           12.272414      0.69275208    -0.084145742       4.7409248        4.7409248       29.571453              29.571453
              2       19.828464      0.79838702         1.32728         13.547046           12.272414      0.69275208    -0.084145742       4.7409248        4.7409248       30.175078              30.175078
              4       19.969839      0.79838702       1.3255995         13.547299            12.27708       0.6966125    -0.084055938       4.7409248        4.7409248       30.457828              30.457828
              1       19.959878      0.79838702       1.3264975         13.551108           12.275281      0.68971629    -0.084202982       4.7409248        4.7409248       30.437907              30.437907
              3       19.960468      0.79838702       1.3264469         13.551186           12.275345      0.68972389    -0.084197347       4.7409248        4.7409248       30.439086              30.439086
              2       19.833719      0.79838702       1.3331443         13.551704           12.274798      0.69304418      -0.0841847       4.7409248        4.7409248       30.185588              30.185588
              2       19.917482      0.79838702       1.3334614         13.555095           12.272512      0.69181571    -0.085017366       4.7409248        4.7409248       30.353114              30.353114
              1       20.084983      0.79478273       1.3334614         13.555095           12.272512      0.69181571    -0.085017366       4.7409248        4.7409248       30.688117              30.688117
              3       20.081558      0.79478273       1.3349808         13.545147           12.265586      0.68922507    -0.085188455       4.7409248        4.7409248       30.681267              30.681267
              1       20.498178      0.79478273       1.3440214          13.53621           12.260095      0.67586472    -0.085348074       4.7409248        4.7409248       31.514507              31.514507
              1        20.75602      0.79148555       1.3440214          13.53621           12.260095      0.67586472    -0.085348074       4.7409248        4.7409248       32.030191              32.030191
              3       21.789001      0.79148555       1.3445305         13.536694           12.266159      0.67353725      -0.0854685       4.7409248        4.7409248       34.096153              34.096153
              1       19.999396      0.79148555       1.3280533         13.528707           12.258112      0.69662636    -0.084876986       4.7409248        4.7409248       30.516943              30.516943
              2       19.899291      0.79148555       1.3310659         13.530142           12.262465      0.70140019    -0.085115224       4.7409248        4.7409248       30.316732              30.316732
              1       19.923304      0.79148555        1.329299         13.535272            12.26363      0.70150259    -0.084796327       4.7409248        4.7409248       30.364759              30.364759
              2       19.597234      0.80358114        1.329299         13.535272            12.26363      0.70150259    -0.084796327       4.7409248        4.7409248       29.712618              29.712618
              1       20.257916      0.82171928        1.329299         13.535272            12.26363      0.70150259    -0.084796327       4.7409248        4.7409248       31.033982              31.033982
              1       20.026799      0.82171928       1.3301123         13.533524           12.264472      0.70032709    -0.083915452       4.7409248        4.7409248       30.571749              30.571749
              1       20.159325      0.82171928       1.3276043         13.530942           12.270023      0.70681629    -0.083909962       4.7409248        4.7409248       30.836801              30.836801
              2        22.36177      0.82171928       1.3335318          13.53336           12.281878      0.69994582    -0.084121716       4.7409248        4.7409248       35.241691              35.241691
              1       21.261044      0.82171928       1.3367045         13.535567           12.279421      0.70002284    -0.084147364       4.7409248        4.7409248       33.040238              33.040238
              2       21.245826      0.82171928       1.3365227         13.535543           12.279269      0.69971563    -0.084257654       4.7409248        4.7409248       33.009802              33.009802
              1       20.875776      0.82171928       1.3357722         13.533582           12.276506      0.70012647    -0.084214474       4.7409248        4.7409248       32.269703              32.269703
              1       20.168757      0.82171928        1.331528         13.537687           12.274256      0.69411233    -0.083955258       4.7409248        4.7409248       30.855665              30.855665
              1       19.868284      0.82171928       1.3277352         13.541635           12.273162      0.69953814    -0.084037644       4.7409248        4.7409248       30.254718              30.254718
              2       19.786948      0.82171928       1.3204595         13.542435           12.272017      0.69575145    -0.083920405       4.7409248        4.7409248       30.092046              30.092046
              2       19.871986      0.82171928       1.3193712         13.541228           12.270893      0.69785089    -0.083945141       4.7409248        4.7409248       30.262122              30.262122
              1       20.272551      0.82171928       1.3130259         13.555509           12.281489      0.70757181    -0.084682265       4.7409248        4.7409248       31.063253              31.063253
              1       20.178136       0.8206113       1.3130259         13.555509           12.281489      0.70757181    -0.084682265       4.7409248        4.7409248       30.874423              30.874423
              1       20.602737      0.82505746       1.3130259         13.555509           12.281489      0.70757181    -0.084682265       4.7409248        4.7409248       31.723625              31.723625
              1       20.523538      0.82505746        1.314276         13.556384           12.279505      0.70310704    -0.084670429       4.7409248        4.7409248       31.565226              31.565226
              1       20.188982      0.82505746       1.3205106         13.563009           12.286491      0.70302392    -0.084757217       4.7409248        4.7409248       30.896115              30.896115
              1       21.786072      0.82505746       1.3237906         13.566934           12.281132       0.7073576    -0.083760196       4.7409248        4.7409248       34.090294              34.090294
              1       20.685457      0.82505746       1.3194474         13.566975           12.285569      0.70431359    -0.083248138       4.7409248        4.7409248       31.889065              31.889065
              1       20.204399      0.82505746       1.3232256         13.562095           12.287028      0.70381096    -0.083080059       4.7409248        4.7409248       30.926948              30.926948
              1       19.995496      0.82505746       1.3193164          13.56511           12.290339      0.69856527    -0.083457952       4.7409248        4.7409248       30.509143              30.509143
              1       19.946499      0.82505746       1.3282672         13.568301           12.291942      0.69567601    -0.083587811       4.7409248        4.7409248       30.411148              30.411148
