#        weight    minuslogpost          sigma8        ygk_Ahmc ygk_LOWZ__0_lM1_0 ygk_LOWZ__0_lMmin_0   ygk_mass_bias       ygk_rhogy   minuslogprior minuslogprior__0            chi2 chi2__ygk_like.ygkLike
              2       26.433074      0.87559415       1.0243151         13.974137           12.522396      0.78756137     -0.45063145       5.6245903        5.6245903       41.616967              41.616967
              1       24.407806      0.87559415       1.0446446          13.96018           12.524897      0.78192631     -0.44561857       5.6245903        5.6245903       37.566432              37.566432
              1       24.572959      0.87559415       1.0587334         13.959172           12.518825      0.78487873     -0.45557896       5.6245903        5.6245903       37.896737              37.896737
              1       24.880664      0.87559415       1.0479071         13.957451           12.515372      0.78705457     -0.45919666       5.6245903        5.6245903       38.512147              38.512147
              2       24.775844      0.87559415       1.0482859         13.954282           12.512813      0.78163937     -0.45756064       5.6245903        5.6245903       38.302508              38.302508
              2       26.186139      0.87559415       1.0469457         13.960367           12.509072        0.780039     -0.45469381       5.6245903        5.6245903       41.123097              41.123097
              1       26.063237      0.86176535       1.0469457         13.960367           12.509072        0.780039     -0.45469381       5.6245903        5.6245903       40.877293              40.877293
              2       26.038632      0.86176535       1.0474712         13.960284           12.509058      0.77989052     -0.45482277       5.6245903        5.6245903       40.828084              40.828084
              2       25.641906      0.86176535       1.0410549         13.957663            12.51014      0.77382637     -0.44686377       5.6245903        5.6245903       40.034631              40.034631
              2       25.554734      0.86176535       1.0327822         13.956308           12.516328      0.77104434     -0.46716302       5.6245903        5.6245903       39.860287              39.860287
              2       25.905151      0.86176535       1.0016271         13.942457           12.508613      0.76661217     -0.48118927       5.6245903        5.6245903       40.561122              40.561122
              1       25.973008      0.86176535       1.0023442         13.942636           12.508389      0.76758212     -0.48422389       5.6245903        5.6245903       40.696836              40.696836
              2       25.990029      0.86176535       1.0025774         13.942144           12.508745       0.7679005     -0.48398282       5.6245903        5.6245903       40.730878              40.730878
              1       25.916678      0.86176535       0.9967977          13.94648           12.505868      0.77096558     -0.48947901       5.6245903        5.6245903       40.584176              40.584176
              5       25.931733      0.86176535       1.0025878         13.948861           12.507735      0.77202743     -0.48959355       5.6245903        5.6245903       40.614285              40.614285
              3       25.916674      0.86176535       1.0023152         13.948524            12.50773      0.77241089     -0.48975788       5.6245903        5.6245903       40.584167              40.584167
              1        26.05161      0.86176535       1.0083009         13.945262           12.501927      0.77010473      -0.4937418       5.6245903        5.6245903       40.854039              40.854039
              1        26.28104      0.86176535       1.0066524         13.943299           12.504191      0.76771689     -0.49744981       5.6245903        5.6245903       41.312899              41.312899
              2       26.675311      0.86176535        1.011011         13.945636           12.504946      0.76951939     -0.50713474       5.6245903        5.6245903       42.101442              42.101442
              3       26.882158      0.86176535       1.0085966         13.948188           12.507468      0.76666915     -0.50512611       5.6245903        5.6245903       42.515135              42.515135
              2       26.307802      0.86865974       1.0085966         13.948188           12.507468      0.76666915     -0.50512611       5.6245903        5.6245903       41.366423              41.366423
              2       26.213752      0.86865974       1.0102108         13.947532           12.506199      0.76759181     -0.50581199       5.6245903        5.6245903       41.178324              41.178324
              1       25.766379      0.86865974       1.0090454         13.948801           12.506171      0.77043813      -0.4978918       5.6245903        5.6245903       40.283578              40.283578
              1       25.686116      0.86865974      0.99803847         13.944684           12.501784      0.76730628     -0.49243112       5.6245903        5.6245903       40.123051              40.123051
              1       25.847267      0.86865974       1.0096032         13.946497           12.499382      0.76179894      -0.4840094       5.6245903        5.6245903       40.445353              40.445353
              2       26.262448      0.86865974       1.0203663         13.931806           12.509336      0.76227293     -0.47354315       5.6245903        5.6245903       41.275715              41.275715
              1       26.221631      0.86865974       1.0233091         13.931415           12.509519      0.76326708     -0.47228605       5.6245903        5.6245903       41.194081              41.194081
              2          25.352      0.86865974       1.0242143         13.931779           12.507373      0.75949067     -0.46075734       5.6245903        5.6245903       39.454819              39.454819
              1        24.31208      0.89281759       1.0242143         13.931779           12.507373      0.75949067     -0.46075734       5.6245903        5.6245903       37.374979              37.374979
              1       25.318657      0.89281759       1.0233942         13.932056           12.492788      0.76431755     -0.46526289       5.6245903        5.6245903       39.388133              39.388133
              2       24.558903      0.89281759       1.0292043         13.937728           12.497646      0.75271681     -0.47864358       5.6245903        5.6245903       37.868625              37.868625
              1       24.907401      0.89281759       1.0182887         13.936246            12.49232      0.74800601     -0.47729459       5.6245903        5.6245903       38.565621              38.565621
              2       24.713501      0.89281759      0.99269155          13.93371           12.507011      0.74755535     -0.46980873       5.6245903        5.6245903       38.177822              38.177822
              1       24.656368      0.89281759      0.98835054         13.936344           12.506339      0.74960665     -0.47531816       5.6245903        5.6245903       38.063556              38.063556
              2       24.683781      0.89281759      0.98814149         13.936367           12.507258      0.74954176     -0.47408886       5.6245903        5.6245903       38.118381              38.118381
              1       24.046394      0.89281759      0.98870394          13.92415           12.499784      0.75086978     -0.45043727       5.6245903        5.6245903       36.843608              36.843608
              2       24.048884      0.89281759      0.99022398         13.924344           12.499774      0.75104863     -0.45012517       5.6245903        5.6245903       36.848588              36.848588
              3       25.066228      0.89281759      0.98712358         13.930531           12.496074      0.74671293     -0.44097138       5.6245903        5.6245903       38.883275              38.883275
              2       24.398563      0.89281759       0.9848345         13.918191           12.488794      0.74579761     -0.45608228       5.6245903        5.6245903       37.547946              37.547946
              2       24.039646      0.89281759      0.99373707         13.915503           12.490573      0.74808562     -0.45263331       5.6245903        5.6245903       36.830111              36.830111
              2       25.271373      0.89281759       0.9802231         13.904243           12.492876      0.72855318     -0.45856515       5.6245903        5.6245903       39.293565              39.293565
              1        25.07864      0.89281759      0.97833291         13.904495           12.493206      0.72854507     -0.45555919       5.6245903        5.6245903       38.908099              38.908099
              1       24.398707      0.89281759       0.9826048         13.910001           12.490213      0.72411967     -0.45345891       5.6245903        5.6245903       37.548234              37.548234
              1       23.993732      0.89281759      0.98011178         13.907589            12.48388      0.72504066     -0.45142534       5.6245903        5.6245903       36.738284              36.738284
              2       23.908636      0.89281759      0.98593526         13.905969             12.4842      0.72469646     -0.44736284       5.6245903        5.6245903       36.568092              36.568092
              1       25.763339      0.89281759      0.93720765         13.901847           12.490279      0.71817989     -0.46863676       5.6245903        5.6245903       40.277498              40.277498
              1       26.208816      0.89281759      0.93828346          13.90015           12.491001      0.72208673     -0.47374708       5.6245903        5.6245903       41.168452              41.168452
              3       26.275971      0.89281759      0.93723744         13.902611           12.493823      0.72339608     -0.47163666       5.6245903        5.6245903       41.302762              41.302762
              1         25.9675      0.89281759      0.88841442         13.894036           12.500907      0.73005915     -0.44970939       5.6245903        5.6245903       40.685819              40.685819
              1       26.010055      0.89281759      0.88889545         13.893771           12.500999      0.72994664      -0.4490359       5.6245903        5.6245903       40.770929              40.770929
              1       25.687281      0.90173268      0.88889545         13.893771           12.500999      0.72994664      -0.4490359       5.6245903        5.6245903       40.125382              40.125382
              1       25.830818      0.90173268      0.88863986         13.894081           12.501505      0.72934536     -0.44904163       5.6245903        5.6245903       40.412455              40.412455
              2       25.236182      0.90173268      0.87954558         13.887926           12.491841      0.71901493     -0.45387393       5.6245903        5.6245903       39.223184              39.223184
              1       25.215277      0.90243983      0.87954558         13.887926           12.491841      0.71901493     -0.45387393       5.6245903        5.6245903       39.181374              39.181374
              2       24.319974      0.90243983      0.88216811         13.890496           12.480378       0.7395402     -0.45633412       5.6245903        5.6245903       37.390767              37.390767
              1       24.464033      0.90243983      0.88411491         13.886304           12.486556      0.74436814     -0.42579548       5.6245903        5.6245903       37.678886              37.678886
              4       24.453618      0.90243983      0.88247593         13.886442           12.486946      0.74461195     -0.42608463       5.6245903        5.6245903       37.658056              37.658056
              1       24.768875      0.90243983      0.87032684         13.887346            12.48722      0.74771569      -0.4298675       5.6245903        5.6245903        38.28857               38.28857
              1        26.59267      0.90243983      0.86810138         13.901465           12.491943      0.74535362      -0.4156045       5.6245903        5.6245903        41.93616               41.93616
              2       30.219215      0.90243983      0.87170536         13.906103           12.483494      0.74649219     -0.42145734       5.6245903        5.6245903       49.189249              49.189249
              2       30.889779      0.90243983      0.87426943         13.910818           12.481943      0.74946332      -0.4360233       5.6245903        5.6245903       50.530377              50.530377
              2         26.7196      0.90243983      0.86814458         13.903568           12.479394      0.73775933     -0.45495195       5.6245903        5.6245903        42.19002               42.19002
              1       26.132806      0.88613001      0.86814458         13.903568           12.479394      0.73775933     -0.45495195       5.6245903        5.6245903        41.01643               41.01643
              7       25.926304      0.88613001      0.87042771          13.91385           12.485311      0.72837364     -0.45141545       5.6245903        5.6245903       40.603427              40.603427
              1       25.451126      0.88613001      0.88733314         13.907292           12.479452      0.72395499     -0.45879899       5.6245903        5.6245903       39.653072              39.653072
              1       25.263764      0.88613001      0.89447133          13.89968           12.493032      0.72734504     -0.46662874       5.6245903        5.6245903       39.278348              39.278348
              1       24.657164      0.88613001      0.89741753         13.891658            12.49579      0.72091657     -0.42474731       5.6245903        5.6245903       38.065148              38.065148
              2       24.577779      0.88613001      0.91424238         13.899517           12.498718      0.71999918     -0.42124379       5.6245903        5.6245903       37.906378              37.906378
              3       24.447281        0.915843      0.91424238         13.899517           12.498718      0.71999918     -0.42124379       5.6245903        5.6245903       37.645382              37.645382
              2       24.595556        0.915843       0.9099784          13.89767           12.499704       0.7225866     -0.42119776       5.6245903        5.6245903       37.941932              37.941932
              1       24.736963        0.915843      0.91480299         13.897757           12.500781      0.72422513     -0.42102494       5.6245903        5.6245903       38.224746              38.224746
              1       24.431708        0.915843      0.91478538         13.899666           12.495819      0.72748749     -0.42443356       5.6245903        5.6245903       37.614235              37.614235
              2       23.749893      0.89281332      0.91478538         13.899666           12.495819      0.72748749     -0.42443356       5.6245903        5.6245903       36.250605              36.250605
              2       23.863452      0.89281332      0.92808422         13.904098           12.496096      0.72499097     -0.42767792       5.6245903        5.6245903       36.477724              36.477724
              1       23.915739      0.89281332      0.92815272         13.903882           12.496353      0.72500312     -0.42852494       5.6245903        5.6245903       36.582298              36.582298
              3       25.380853      0.89281332      0.90263796         13.914107           12.506975      0.71050121     -0.42896983       5.6245903        5.6245903       39.512526              39.512526
              1       25.449128      0.89281332      0.88455524         13.901073           12.509875      0.72099994     -0.41263217       5.6245903        5.6245903       39.649075              39.649075
              1        27.07358      0.89281332       0.8737807         13.897814           12.510339      0.71403651     -0.41738781       5.6245903        5.6245903       42.897979              42.897979
              1       25.463858      0.89281332      0.86515205          13.90542           12.514323      0.71049588     -0.39639324       5.6245903        5.6245903       39.678536              39.678536
              2       24.435481      0.89281332      0.84637352         13.912542           12.513521       0.7166415     -0.40967711       5.6245903        5.6245903       37.621781              37.621781
              1       24.304617      0.89281332        0.818086         13.921374           12.511805      0.73495024     -0.43794916       5.6245903        5.6245903       37.360053              37.360053
              1       24.372229      0.89835587        0.818086         13.921374           12.511805      0.73495024     -0.43794916       5.6245903        5.6245903       37.495277              37.495277
              1       24.247312      0.89835587      0.82963455         13.912935           12.504817      0.73594229     -0.45578154       5.6245903        5.6245903       37.245443              37.245443
              1       24.268037      0.89835587       0.8230671         13.908008           12.506457       0.7369916     -0.45304675       5.6245903        5.6245903       37.286894              37.286894
              1       25.100547      0.89835587      0.79364878          13.90943            12.50225      0.71698148     -0.47264813       5.6245903        5.6245903       38.951913              38.951913
              1       25.779146      0.89835587      0.79914971         13.906209           12.507156      0.72136973     -0.46845708       5.6245903        5.6245903       40.309111              40.309111
              2       26.164713      0.89835587       0.8035984         13.905303           12.507148      0.71925882     -0.46820642       5.6245903        5.6245903       41.080245              41.080245
              1       25.185811      0.89835587      0.80473943         13.922568           12.517607      0.71324082     -0.44039602       5.6245903        5.6245903       39.122442              39.122442
              1       24.271256      0.89835587      0.80409957         13.920205           12.511892      0.71439681     -0.42490618       5.6245903        5.6245903       37.293331              37.293331
              1       25.372357       0.9253553      0.80409957         13.920205           12.511892      0.71439681     -0.42490618       5.6245903        5.6245903       39.495534              39.495534
              5       25.244082       0.9253553      0.80575677         13.921656           12.515252      0.71613328     -0.42880736       5.6245903        5.6245903       39.238982              39.238982
              4       25.403167       0.9253553      0.82919198         13.914353           12.515165      0.71683343     -0.42876324       5.6245903        5.6245903       39.557153              39.557153
              1        25.39955       0.9253553      0.83437605          13.91542           12.508388      0.71359177     -0.41414089       5.6245903        5.6245903       39.549919              39.549919
              2       25.074293       0.9253553      0.85739992         13.922788           12.503816      0.71082585     -0.43538239       5.6245903        5.6245903       38.899405              38.899405
              2       24.873375       0.9253553      0.85599346         13.923535            12.50677      0.71080078     -0.43851862       5.6245903        5.6245903        38.49757               38.49757
              2       24.779564       0.9253553      0.86356253         13.921735           12.505006      0.71156957     -0.45029509       5.6245903        5.6245903       38.309948              38.309948
              1       25.199283       0.9253553      0.86027416         13.921105           12.503074      0.69167169     -0.45606211       5.6245903        5.6245903       39.149386              39.149386
              1        25.22136      0.92253621      0.86027416         13.921105           12.503074      0.69167169     -0.45606211       5.6245903        5.6245903       39.193539              39.193539
              1       25.191327      0.92253621      0.83889301          13.91973           12.504279      0.69330409     -0.45677762       5.6245903        5.6245903       39.133473              39.133473
              1       24.759247      0.92253621      0.83517437         13.920575           12.499533      0.68576602     -0.45290883       5.6245903        5.6245903       38.269313              38.269313
              2       24.971862      0.93800419      0.83517437         13.920575           12.499533      0.68576602     -0.45290883       5.6245903        5.6245903       38.694543              38.694543
              1       25.602714      0.93800419      0.83293826         13.929798           12.498154      0.68305407     -0.49101605       5.6245903        5.6245903       39.956247              39.956247
              3       25.543061      0.93800419      0.83027823         13.942836           12.500538      0.68487137     -0.47909946       5.6245903        5.6245903       39.836942              39.836942
              1       25.672381      0.93800419      0.82200528         13.946152           12.504245      0.68506023     -0.49520044       5.6245903        5.6245903       40.095582              40.095582
              1        25.86063      0.93800419       0.8215155         13.951576           12.503934      0.68573654     -0.49073619       5.6245903        5.6245903       40.472079              40.472079
              2       26.024223      0.93800419      0.82671075         13.952034             12.5022      0.68841492     -0.49449927       5.6245903        5.6245903       40.799266              40.799266
              1       26.381091      0.93800419      0.81759433         13.945085            12.49921      0.69687671     -0.48988506       5.6245903        5.6245903       41.513001              41.513001
              1       26.321709      0.93800419      0.81733425         13.944749           12.499167      0.69655869     -0.49020163       5.6245903        5.6245903       41.394237              41.394237
              1       27.516579      0.93800419       0.8285326         13.945655             12.4894      0.69957487     -0.51004975       5.6245903        5.6245903       43.783977              43.783977
              1       28.807531      0.95740903       0.8285326         13.945655             12.4894      0.69957487     -0.51004975       5.6245903        5.6245903       46.365882              46.365882
              2       27.017989      0.95740903      0.81712372         13.947547           12.497825      0.70377449     -0.53017012       5.6245903        5.6245903       42.786798              42.786798
              1        27.93146      0.95740903      0.82207758         13.945508           12.490386      0.69839433     -0.51881938       5.6245903        5.6245903        44.61374               44.61374
              1       29.143121      0.95740903      0.83234526         13.947541           12.489344      0.70337033     -0.51513878       5.6245903        5.6245903       47.037061              47.037061
              1        26.59402      0.95740903      0.84162172         13.931129            12.49359       0.7060946     -0.51468366       5.6245903        5.6245903        41.93886               41.93886
              2       27.266241      0.95740903      0.86642779         13.928328           12.472841      0.70345316      -0.5869205       5.6245903        5.6245903       43.283301              43.283301
              2        27.18899      0.95740903      0.85630101         13.926591           12.468528      0.70829078     -0.58588134       5.6245903        5.6245903         43.1288                43.1288
              1       27.185383      0.95740903      0.85609663          13.92657           12.468466       0.7082652     -0.58503033       5.6245903        5.6245903       43.121585              43.121585
              2       27.081455      0.95740903      0.85768135         13.925888           12.469857      0.70392968     -0.58483273       5.6245903        5.6245903       42.913729              42.913729
              1       27.631547      0.95740903      0.82304084         13.944911           12.480762      0.70123325     -0.58835048       5.6245903        5.6245903       44.013913              44.013913
              2       27.606796      0.95740903      0.81095482         13.939154           12.480876      0.70103077     -0.59182868       5.6245903        5.6245903       43.964412              43.964412
              1       27.629116      0.95740903      0.81507683         13.939376           12.480817      0.69938063     -0.59165461       5.6245903        5.6245903       44.009051              44.009051
              1       28.567138       0.9174858      0.81507683         13.939376           12.480817      0.69938063     -0.59165461       5.6245903        5.6245903       45.885095              45.885095
              1        28.96673       0.9174858      0.80607956         13.945646           12.485293      0.69443622     -0.59197343       5.6245903        5.6245903       46.684279              46.684279
              4       29.291381       0.9174858      0.81541129         13.947172           12.494321      0.70024037      -0.5882952       5.6245903        5.6245903       47.333581              47.333581
              2       29.021226       0.9174858      0.81412469          13.94446           12.497096      0.70258231     -0.57886824       5.6245903        5.6245903       46.793272              46.793272
              1       28.665295       0.9174858      0.81593001         13.941339           12.493705       0.7039538     -0.57958263       5.6245903        5.6245903       46.081409              46.081409
              1       28.788843       0.9174858      0.81652544         13.941169           12.494059      0.70414944     -0.58030831       5.6245903        5.6245903       46.328506              46.328506
              2       28.686131       0.9174858       0.8167538          13.94089           12.493756      0.70451297     -0.57969987       5.6245903        5.6245903       46.123081              46.123081
              1       27.950213       0.9174858      0.81269346         13.943875           12.488145      0.70050162     -0.57428346       5.6245903        5.6245903       44.651246              44.651246
              1       27.799324       0.9174858      0.80644702         13.943357           12.489718      0.70079125     -0.57045157       5.6245903        5.6245903       44.349467              44.349467
              1       27.857921       0.9174858      0.80958588         13.941079           12.490674      0.69802903     -0.56729983       5.6245903        5.6245903       44.466662              44.466662
              3       27.129819       0.9174858      0.82614663         13.953337            12.49725      0.70114616     -0.54541626       5.6245903        5.6245903       43.010457              43.010457
              4       27.177164       0.9174858      0.82464413         13.953802            12.49761      0.70097027     -0.54688783       5.6245903        5.6245903       43.105148              43.105148
              1       26.679768      0.94324854      0.82464413         13.953802            12.49761      0.70097027     -0.54688783       5.6245903        5.6245903       42.110355              42.110355
              1        26.72342      0.94324854       0.8257277         13.953489           12.499286      0.70013279     -0.55020728       5.6245903        5.6245903       42.197659              42.197659
              1       26.933471      0.94324854      0.81294312         13.961442           12.501663      0.69696377     -0.54938544       5.6245903        5.6245903       42.617761              42.617761
              1       26.769996      0.94324854      0.82328112         13.964356           12.505166      0.69707695       -0.540153       5.6245903        5.6245903       42.290811              42.290811
              1       28.321652      0.94324854      0.83437688         13.977085           12.502002      0.71386706     -0.56467331       5.6245903        5.6245903       45.394123              45.394123
              1       28.378644      0.94324854      0.83497101         13.977284           12.501594       0.7134412     -0.56494868       5.6245903        5.6245903       45.508107              45.508107
              2       28.285988      0.94324854      0.82570372         13.974903           12.502474      0.71272842      -0.5568305       5.6245903        5.6245903       45.322795              45.322795
              3       27.419421      0.94324854      0.83044825         13.963332           12.498742      0.71424019     -0.56283683       5.6245903        5.6245903       43.589661              43.589661
              1       27.515646      0.94324854      0.82603982         13.963624           12.498648      0.71553321     -0.56703194       5.6245903        5.6245903       43.782112              43.782112
              2       26.770524      0.94324854      0.86538623         13.961993           12.504664      0.71314478     -0.55118395       5.6245903        5.6245903       42.291867              42.291867
              2       26.737153      0.93531105      0.86538623         13.961993           12.504664      0.71314478     -0.55118395       5.6245903        5.6245903       42.225125              42.225125
              1       26.808645      0.93531105      0.85638644         13.966591           12.510568      0.70462802     -0.54104555       5.6245903        5.6245903       42.368109              42.368109
              1       26.654019      0.93531105      0.85793797         13.963527           12.501991      0.69773481     -0.53729174       5.6245903        5.6245903       42.058858              42.058858
              1       27.276414      0.93531105      0.85077804         13.959684           12.506567       0.6970021     -0.54623992       5.6245903        5.6245903       43.303648              43.303648
              1       27.039896      0.93531105      0.84337915         13.945502           12.491116      0.67698431     -0.54101167       5.6245903        5.6245903       42.830612              42.830612
              2       26.932343      0.93531105      0.83659804         13.946114           12.486903      0.68008544     -0.54627038       5.6245903        5.6245903       42.615505              42.615505
              2       26.465941      0.93531105      0.81937754         13.944209           12.489058      0.68270806     -0.52566886       5.6245903        5.6245903       41.682701              41.682701
              3       26.642307      0.93531105      0.82379346         13.932179           12.493013      0.68803975     -0.53329645       5.6245903        5.6245903       42.035433              42.035433
              2       27.420721      0.93531105      0.82146483         13.932189           12.495293      0.68565303     -0.53665449       5.6245903        5.6245903       43.592261              43.592261
              2       26.823503      0.93531105      0.80089778         13.935143           12.497988      0.69391082     -0.53851516       5.6245903        5.6245903       42.397825              42.397825
              1       26.515219      0.93531105      0.79746922         13.935921            12.49895      0.69712899      -0.5356358       5.6245903        5.6245903       41.781258              41.781258
              1        26.56175      0.93531105      0.79683547         13.936321           12.499753      0.69636697     -0.53449026       5.6245903        5.6245903        41.87432               41.87432
              1       25.637114      0.93531105      0.81317441         13.933352           12.497219       0.6971727      -0.5120421       5.6245903        5.6245903       40.025048              40.025048
              2       25.671074      0.93531105      0.81202011         13.931541           12.497777      0.69710429     -0.51189818       5.6245903        5.6245903       40.092967              40.092967
              1       25.454511      0.93531105      0.79464768         13.930551           12.498169       0.6988491     -0.49568723       5.6245903        5.6245903       39.659841              39.659841
              7       25.420182      0.93531105      0.79560627         13.929759           12.498391      0.69966153     -0.49522477       5.6245903        5.6245903       39.591184              39.591184
              1        25.31175      0.92468591      0.79560627         13.929759           12.498391      0.69966153     -0.49522477       5.6245903        5.6245903        39.37432               39.37432
              2       25.353915      0.92468591      0.79590963         13.928821           12.498206      0.69853001     -0.49869956       5.6245903        5.6245903        39.45865               39.45865
              1       25.319319      0.92468591      0.81253866         13.923565           12.492093      0.71165882     -0.50736839       5.6245903        5.6245903       39.389457              39.389457
              4       25.880584      0.92468591      0.79185181         13.932105           12.493657       0.7070669     -0.52494472       5.6245903        5.6245903       40.511987              40.511987
              1       26.127523      0.91347272      0.79185181         13.932105           12.493657       0.7070669     -0.52494472       5.6245903        5.6245903       41.005866              41.005866
              1       26.200321      0.91347272      0.76545291         13.923271           12.488343      0.71171575     -0.51779009       5.6245903        5.6245903       41.151461              41.151461
              1       26.585837      0.90095753      0.76545291         13.923271           12.488343      0.71171575     -0.51779009       5.6245903        5.6245903       41.922494              41.922494
              2       26.472734      0.90095753      0.76881492         13.922736           12.488525      0.71219923     -0.51860733       5.6245903        5.6245903       41.696287              41.696287
              1        26.27277      0.90095753      0.77764571         13.912815           12.482877      0.70376321     -0.48130487       5.6245903        5.6245903       41.296359              41.296359
              2       26.562429      0.90095753      0.77641302         13.904486           12.484499      0.68614526      -0.5048279       5.6245903        5.6245903       41.875678              41.875678
              1       26.043739      0.90095753      0.77665603         13.903125           12.482711      0.68931079     -0.50015863       5.6245903        5.6245903       40.838297              40.838297
              1       26.446347      0.90095753      0.74721546         13.907658           12.478814      0.68699413     -0.49302895       5.6245903        5.6245903       41.643513              41.643513
              2       27.269914      0.90095753      0.75541676         13.906083           12.471788      0.67813467     -0.48203193       5.6245903        5.6245903       43.290648              43.290648
              2       26.572081      0.92363629      0.75541676         13.906083           12.471788      0.67813467     -0.48203193       5.6245903        5.6245903       41.894982              41.894982
              1       25.819141      0.92363629      0.78730727          13.90684           12.474658      0.68161699     -0.47381481       5.6245903        5.6245903       40.389101              40.389101
              1       25.160286      0.92363629      0.77548904          13.89874           12.481172      0.68929758     -0.44708324       5.6245903        5.6245903       39.071391              39.071391
              1        25.48935      0.88992012      0.77548904          13.89874           12.481172      0.68929758     -0.44708324       5.6245903        5.6245903       39.729519              39.729519
              2       25.292546      0.88992012       0.7758941         13.897983           12.483085          0.6868     -0.44681452       5.6245903        5.6245903       39.335912              39.335912
              1       25.579681      0.88992012      0.77809656          13.89465           12.477198      0.68356246     -0.44042146       5.6245903        5.6245903       39.910182              39.910182
              1       25.680117      0.88992012      0.78779256         13.903241           12.481819      0.68891619     -0.44953142       5.6245903        5.6245903       40.111054              40.111054
              2         26.3464      0.88992012      0.79682772         13.908436           12.482542      0.68646323     -0.42462146       5.6245903        5.6245903       41.443619              41.443619
              2       25.924552      0.88992012      0.79459167         13.909673           12.495489      0.67098551     -0.43244153       5.6245903        5.6245903       40.599924              40.599924
              1       26.058029      0.88992012      0.80586606         13.909733           12.491045      0.66749669     -0.43743877       5.6245903        5.6245903       40.866878              40.866878
              1       24.546446      0.93440891      0.80586606         13.909733           12.491045      0.66749669     -0.43743877       5.6245903        5.6245903       37.843712              37.843712
              2       24.587996      0.93440891      0.80646398         13.904486           12.493582      0.66880925      -0.4273615       5.6245903        5.6245903       37.926811              37.926811
              1       24.511471      0.93440891      0.80123629         13.906245           12.494047      0.66955214     -0.42424262       5.6245903        5.6245903       37.773761              37.773761
              2       24.472906      0.93440891      0.79924521         13.905657           12.488519      0.66219748     -0.41595163       5.6245903        5.6245903       37.696631              37.696631
              1       24.731929      0.93440891      0.79928833         13.906806           12.491319      0.67367853     -0.45178342       5.6245903        5.6245903       38.214678              38.214678
              1       24.808285      0.93896883      0.79928833         13.906806           12.491319      0.67367853     -0.45178342       5.6245903        5.6245903       38.367389              38.367389
              1       24.859221      0.93896883      0.83490493          13.92122           12.496562      0.67361653     -0.44833266       5.6245903        5.6245903       38.469262              38.469262
              2        24.89697      0.93896883       0.8353549         13.922844           12.492688       0.6676366     -0.45699888       5.6245903        5.6245903       38.544759              38.544759
              1       25.318112      0.93896883      0.85142894         13.913619           12.491103      0.66724373      -0.4591617       5.6245903        5.6245903       39.387044              39.387044
              1       24.989543      0.93896883      0.85423734         13.911402           12.485728      0.66238598      -0.4581096       5.6245903        5.6245903       38.729906              38.729906
              1       26.550503      0.93896883      0.87048894         13.906386           12.486861      0.66506646     -0.47110374       5.6245903        5.6245903       41.851826              41.851826
              5       26.669775      0.95691003      0.87048894         13.906386           12.486861      0.66506646     -0.47110374       5.6245903        5.6245903       42.090369              42.090369
              1       25.329504      0.95691003      0.85539175         13.915262           12.480907      0.66267954     -0.45904855       5.6245903        5.6245903       39.409828              39.409828
              1       25.293668      0.95691003       0.8719619         13.920768           12.487134      0.65011347     -0.45216249       5.6245903        5.6245903       39.338155              39.338155
              2       26.688365      0.95691003      0.85700031         13.920114           12.495564      0.64892125     -0.45326344       5.6245903        5.6245903       42.127549              42.127549
              1       26.805016      0.95691003      0.85354062         13.911007           12.493174      0.64456787     -0.43894227       5.6245903        5.6245903       42.360852              42.360852
              6       27.190498      0.95691003      0.85838858         13.909353           12.489083      0.64317265     -0.45262516       5.6245903        5.6245903       43.131815              43.131815
              2       26.612733      0.95691003      0.84860523         13.911542           12.495681      0.64762646     -0.43278948       5.6245903        5.6245903       41.976285              41.976285
              2       26.717545      0.95691003      0.85208571         13.898858           12.490869      0.64304777     -0.41496018       5.6245903        5.6245903       42.185909              42.185909
              2       26.903903      0.95691003        0.898217         13.900513           12.493409      0.65353912     -0.40573925       5.6245903        5.6245903       42.558625              42.558625
              3       26.412673       0.9408811        0.898217         13.900513           12.493409      0.65353912     -0.40573925       5.6245903        5.6245903       41.576165              41.576165
              2       24.438961       0.9408811      0.89009618         13.893896            12.47862      0.66133376     -0.42320386       5.6245903        5.6245903       37.628742              37.628742
              2       24.360331       0.9408811      0.89967017         13.898175           12.465618      0.64508921     -0.41910286       5.6245903        5.6245903       37.471482              37.471482
              1       24.464944       0.9408811      0.89864322         13.899837           12.462621      0.63074568     -0.41024922       5.6245903        5.6245903       37.680707              37.680707
              1       24.624914       0.9408811      0.89903452         13.902373           12.462938      0.63085187     -0.41098891       5.6245903        5.6245903       38.000648              38.000648
              1       24.663252      0.94402142      0.89903452         13.902373           12.462938      0.63085187     -0.41098891       5.6245903        5.6245903       38.077323              38.077323
              1       24.167312      0.94402142      0.91937229         13.901858           12.468979      0.63138525     -0.39660647       5.6245903        5.6245903       37.085443              37.085443
              1       24.210017      0.94402142      0.92260784         13.901812           12.467311      0.63139577     -0.39838736       5.6245903        5.6245903       37.170853              37.170853
              2       24.561368      0.94402142      0.90738541         13.891236           12.480409      0.64375754      -0.3812589       5.6245903        5.6245903       37.873556              37.873556
              2       24.326231      0.93168583      0.90738541         13.891236           12.480409      0.64375754      -0.3812589       5.6245903        5.6245903       37.403282              37.403282
              2       24.856494      0.93168583      0.90281414          13.88877           12.480287      0.64284555     -0.38840745       5.6245903        5.6245903       38.463808              38.463808
              1       23.984421      0.93168583       0.9236135         13.892026           12.472991      0.63741313     -0.38565817       5.6245903        5.6245903       36.719662              36.719662
              1       23.640412      0.93168583      0.93249797          13.88308           12.465642      0.65033934     -0.38633951       5.6245903        5.6245903       36.031643              36.031643
              1       23.519535      0.92344311      0.93249797          13.88308           12.465642      0.65033934     -0.38633951       5.6245903        5.6245903        35.78989               35.78989
              1       23.842264      0.92344311      0.91543208          13.87455            12.45446      0.64067399     -0.41190904       5.6245903        5.6245903       36.435347              36.435347
              2       24.203174      0.92344311      0.91604202         13.883549             12.4533      0.64589645     -0.43019183       5.6245903        5.6245903       37.157167              37.157167
              1       25.636146      0.92344311      0.89190548         13.882184           12.466086      0.64117686     -0.43632646       5.6245903        5.6245903       40.023112              40.023112
              2       25.467892      0.92344311      0.88686262         13.874962            12.46324       0.6396656     -0.42913111       5.6245903        5.6245903       39.686603              39.686603
              1       25.425631      0.92344311        0.885797         13.873244           12.464552      0.64533805     -0.42993405       5.6245903        5.6245903       39.602081              39.602081
              1       25.143263      0.94902056        0.885797         13.873244           12.464552      0.64533805     -0.42993405       5.6245903        5.6245903       39.037345              39.037345
              1       25.592615      0.94902056      0.88954716          13.87269           12.466529      0.64500425     -0.42668404       5.6245903        5.6245903       39.936049              39.936049
              1       25.537241      0.94137307      0.88954716          13.87269           12.466529      0.64500425     -0.42668404       5.6245903        5.6245903       39.825302              39.825302
              1        26.87086      0.94137307      0.87743477         13.873582           12.473113      0.64740824     -0.42749858       5.6245903        5.6245903       42.492539              42.492539
              2       25.956102      0.94137307      0.89616185         13.882319           12.475951      0.65926877     -0.43595244       5.6245903        5.6245903       40.663024              40.663024
              2       24.448017      0.94137307      0.87552421         13.892202            12.46477      0.65789557     -0.46352825       5.6245903        5.6245903       37.646853              37.646853
              2       24.932924      0.94137307      0.88390768         13.889997           12.464605      0.65327033      -0.4692077       5.6245903        5.6245903       38.616667              38.616667
              1       24.933513      0.94137307      0.88356285         13.888915           12.464402      0.65341238     -0.46847562       5.6245903        5.6245903       38.617846              38.617846
              1       24.997833      0.93670238      0.88356285         13.888915           12.464402      0.65341238     -0.46847562       5.6245903        5.6245903       38.746485              38.746485
              1       26.077038      0.93670238      0.88376313         13.887475           12.468312      0.65589946     -0.47449878       5.6245903        5.6245903       40.904895              40.904895
              1       25.925423      0.93670238      0.89278528         13.887856           12.469942      0.65760434     -0.46751592       5.6245903        5.6245903       40.601665              40.601665
              1       25.628866      0.93670238      0.89519663          13.88931           12.471305      0.66056489     -0.46483201       5.6245903        5.6245903       40.008552              40.008552
              2       25.837174      0.93670238       0.8754537         13.890739           12.476066      0.66067716     -0.46036213       5.6245903        5.6245903       40.425168              40.425168
              3        25.00048      0.93670238      0.87442164         13.892397           12.473796       0.6604344     -0.45734475       5.6245903        5.6245903        38.75178               38.75178
              1       24.908228      0.93670238      0.87237371         13.897256             12.4797      0.65853275     -0.44255427       5.6245903        5.6245903       38.567275              38.567275
              1       24.495316      0.93670238      0.85205554         13.896543            12.48282      0.67370326     -0.44160854       5.6245903        5.6245903       37.741452              37.741452
              1        24.57229      0.93670238      0.84729238         13.901331           12.478128      0.67329314      -0.4412789       5.6245903        5.6245903         37.8954                37.8954
              2       24.494388      0.93670238      0.84464404         13.901136           12.478662      0.67231037     -0.44274838       5.6245903        5.6245903       37.739596              37.739596
              1       24.684316      0.93670238      0.83903446         13.895707           12.474883      0.67077283     -0.43114645       5.6245903        5.6245903       38.119451              38.119451
              1       24.467354      0.90823772      0.83903446         13.895707           12.474883      0.67077283     -0.43114645       5.6245903        5.6245903       37.685527              37.685527
              2       24.144822      0.90823772      0.85795012         13.901135           12.482409      0.67932766     -0.42118787       5.6245903        5.6245903       37.040464              37.040464
              1       24.295775      0.90823772      0.85499785         13.900229           12.480743      0.68183367     -0.41717821       5.6245903        5.6245903       37.342369              37.342369
              3       24.420197      0.90823772      0.85289955         13.901677            12.48116       0.6808852     -0.41435035       5.6245903        5.6245903       37.591213              37.591213
              1       25.509939      0.90823772      0.83382583         13.881136           12.500823      0.68317472     -0.37356421       5.6245903        5.6245903       39.770697              39.770697
              1       25.730109      0.92586741      0.83382583         13.881136           12.500823      0.68317472     -0.37356421       5.6245903        5.6245903       40.211038              40.211038
              2       25.604326      0.92586741      0.83357815         13.880568           12.500089      0.68378675     -0.37354604       5.6245903        5.6245903       39.959471              39.959471
              1       24.867181      0.92586741      0.82125897          13.87918           12.495252      0.67542505     -0.37089634       5.6245903        5.6245903       38.485181              38.485181
              1       24.598858      0.92586741      0.82318884          13.87085           12.489826      0.67452707     -0.34917412       5.6245903        5.6245903       37.948535              37.948535
              2       24.990059      0.92586741      0.85792219         13.874474           12.493169       0.6706152     -0.34400775       5.6245903        5.6245903       38.730938              38.730938
              1       26.336229      0.92586741      0.86236277         13.869146           12.495935      0.67629312     -0.34887265       5.6245903        5.6245903       41.423277              41.423277
              2       25.772718      0.92586741      0.86281761         13.870398           12.495019      0.67809614      -0.3476104       5.6245903        5.6245903       40.296255              40.296255
              1        26.01385      0.92586741      0.87629991         13.867856           12.490229      0.67222056     -0.35929282       5.6245903        5.6245903        40.77852               40.77852
              1       26.240884      0.92586741      0.89588316         13.880483           12.477037      0.69142666     -0.36468672       5.6245903        5.6245903       41.232586              41.232586
              1       25.091778      0.92586741      0.89611488         13.884973           12.481879      0.69099038     -0.37539026       5.6245903        5.6245903       38.934375              38.934375
              1       24.943376      0.92586741      0.91349946          13.87892           12.489411      0.69592597     -0.37234196       5.6245903        5.6245903       38.637571              38.637571
              2       25.275375      0.92586741      0.93533426           13.8929           12.492046      0.68511723     -0.34188601       5.6245903        5.6245903       39.301569              39.301569
              3       23.291387      0.89455215      0.93533426           13.8929           12.492046      0.68511723     -0.34188601       5.6245903        5.6245903       35.333594              35.333594
              1        23.24561      0.89455215      0.93882499         13.892198           12.491683       0.6877352     -0.34039101       5.6245903        5.6245903       35.242039              35.242039
              1       23.429548      0.89455215       0.9155311         13.897087           12.499051      0.69722849     -0.33617522       5.6245903        5.6245903       35.609916              35.609916
              4        23.41217      0.89455215      0.91710902         13.897198           12.500396      0.69771425     -0.34174998       5.6245903        5.6245903       35.575159              35.575159
              1       23.484794      0.89455215      0.92004479         13.906213           12.501603      0.69211408     -0.34508431       5.6245903        5.6245903       35.720407              35.720407
              2       23.564992      0.89455215      0.92785688         13.907905           12.506515      0.69654095     -0.34253672       5.6245903        5.6245903       35.880804              35.880804
              1       23.519581      0.89455215      0.92451677         13.907247           12.505148       0.6962932     -0.33650913       5.6245903        5.6245903       35.789982              35.789982
              6       23.772658      0.89455215      0.89889419          13.91542           12.514798      0.69543401     -0.33852781       5.6245903        5.6245903       36.296136              36.296136
              1       23.757227      0.89455215      0.91917153         13.917945           12.508125      0.69388361     -0.33726083       5.6245903        5.6245903       36.265274              36.265274
              2        23.69318      0.89455215      0.92198032         13.918609            12.51081      0.69346802     -0.33297803       5.6245903        5.6245903        36.13718               36.13718
