#        weight    minuslogpost          sigma8 ygk_LOWZ__1_lM1_0 ygk_LOWZ__1_lMmin_0   ygk_mass_bias       ygk_rhogy   minuslogprior minuslogprior__0            chi2 chi2__ygk_like.ygkLike
              1       203.12624      0.89467936         12.672716           11.267317      0.51940865      0.54255537       4.0990709        4.0990709       398.05433              398.05433
              3       200.47021      0.89467936         12.683312           11.274234      0.51538306      0.53713624       4.0990709        4.0990709       392.74227              392.74227
              1       189.89112      0.89467936         12.676759           11.261831       0.4959358      0.52293746       4.0990709        4.0990709        371.5841               371.5841
              1        190.0302      0.89467936         12.679417           11.260838      0.48909693      0.53194574       4.0990709        4.0990709       371.86227              371.86227
              3       190.07224      0.89442469         12.679417           11.260838      0.48909693      0.53194574       4.0990709        4.0990709       371.94633              371.94633
              2       166.21929      0.89442469         12.660183           11.269358      0.47241223      0.53584302       4.0990709        4.0990709       324.24043              324.24043
              1       162.53911      0.89442469         12.654663            11.27518      0.46899397      0.54310615       4.0990709        4.0990709       316.88008              316.88008
              3        162.9748      0.89442469         12.654666           11.277561      0.47072804      0.54201564       4.0990709        4.0990709       317.75146              317.75146
              1       159.88285      0.88580039         12.654666           11.277561      0.47072804      0.54201564       4.0990709        4.0990709       311.56756              311.56756
              1       159.81457      0.88580039         12.654497            11.27744      0.47064149      0.54188344       4.0990709        4.0990709         311.431                311.431
              1       157.84951      0.88580039         12.653263           11.280726      0.46922754      0.54136927       4.0990709        4.0990709       307.50088              307.50088
              1       157.86851      0.88580039         12.661776           11.281942      0.46893718      0.52952631       4.0990709        4.0990709       307.53887              307.53887
              1       157.65865      0.88072523         12.661776           11.281942      0.46893718      0.52952631       4.0990709        4.0990709       307.11916              307.11916
              5       157.16514      0.88072523         12.665747           11.279889      0.45965823      0.53239734       4.0990709        4.0990709       306.13213              306.13213
              1       148.19046      0.88072523         12.645451            11.29049      0.46188039      0.52248475       4.0990709        4.0990709       288.18277              288.18277
              1       147.98696      0.88026258         12.645451            11.29049      0.46188039      0.52248475       4.0990709        4.0990709       287.77578              287.77578
              1       144.83441      0.88026258         12.647359           11.305325      0.44558674      0.53651647       4.0990709        4.0990709       281.47067              281.47067
              2        144.2663      0.88026258         12.642714           11.303118      0.44238761       0.5357666       4.0990709        4.0990709       280.33445              280.33445
              2       139.92734      0.88026258         12.652338           11.292317      0.43539689      0.53775879       4.0990709        4.0990709       271.65653              271.65653
              1       140.89218      0.88026258         12.652063           11.291218      0.43822412      0.53655278       4.0990709        4.0990709       273.58622              273.58622
              2       140.17635      0.88026258         12.650639           11.290439      0.43693458      0.53456459       4.0990709        4.0990709       272.15457              272.15457
              1       138.92531      0.88026258           12.6569           11.301209      0.43778485      0.52531102       4.0990709        4.0990709       269.65247              269.65247
              1        136.9118      0.88026258         12.666792           11.315313      0.43316014      0.52101393       4.0990709        4.0990709       265.62545              265.62545
              1       134.71368      0.87151435         12.666792           11.315313      0.43316014      0.52101393       4.0990709        4.0990709       261.22922              261.22922
              2       134.85742      0.87151435         12.666589           11.315924      0.43367006      0.52200261       4.0990709        4.0990709        261.5167               261.5167
              2       132.18743      0.87151435         12.657118           11.319283      0.42161518      0.52420049       4.0990709        4.0990709       256.17672              256.17672
              2       134.03789      0.87151435         12.656158            11.32463      0.42450422      0.51953156       4.0990709        4.0990709       259.87764              259.87764
              2       132.19792      0.87151435         12.660979           11.335424      0.40629145      0.51963217       4.0990709        4.0990709        256.1977               256.1977
              3        130.0538      0.87151435         12.665645           11.337683      0.39731933      0.52837536       4.0990709        4.0990709       251.90946              251.90946
              2       127.85694      0.86729469         12.665645           11.337683      0.39731933      0.52837536       4.0990709        4.0990709       247.51574              247.51574
              4       125.26366      0.85869088         12.665645           11.337683      0.39731933      0.52837536       4.0990709        4.0990709       242.32919              242.32919
              1       123.75751      0.85869088         12.669751           11.336949      0.39168952      0.52086906       4.0990709        4.0990709       239.31688              239.31688
              1       123.11097      0.85869088         12.657338           11.331404      0.38593451      0.51675609       4.0990709        4.0990709       238.02379              238.02379
              4        122.7455      0.85244662         12.657338           11.331404      0.38593451      0.51675609       4.0990709        4.0990709       237.29286              237.29286
              1        122.4956      0.85244662         12.645175           11.319719      0.38148215      0.51760093       4.0990709        4.0990709       236.79305              236.79305
              1        121.5994      0.85244662         12.641374           11.329004      0.36525122      0.50575945       4.0990709        4.0990709       235.00066              235.00066
              4       124.66808      0.85244662         12.637155             11.3329      0.36694836      0.50784222       4.0990709        4.0990709       241.13802              241.13802
              1       121.30167      0.85244662         12.649525            11.33452      0.36632935      0.50893986       4.0990709        4.0990709       234.40521              234.40521
              1       120.43297      0.85244662          12.65016           11.332751      0.36411466      0.50315289       4.0990709        4.0990709        232.6678               232.6678
              1       120.43781      0.85244662         12.651275            11.32453       0.3673567      0.50454745       4.0990709        4.0990709       232.67748              232.67748
              1       120.62009      0.85244662         12.651503            11.32599      0.37191084      0.50238328       4.0990709        4.0990709       233.04203              233.04203
              3       120.27183      0.85244662         12.651707           11.330486      0.36621542      0.50455933       4.0990709        4.0990709       232.34553              232.34553
              4       120.30129      0.85317137         12.651707           11.330486      0.36621542      0.50455933       4.0990709        4.0990709       232.40443              232.40443
              1       120.45713      0.84789483         12.651707           11.330486      0.36621542      0.50455933       4.0990709        4.0990709       232.71613              232.71613
              3       120.90432      0.84789483         12.650414           11.337905      0.36387091      0.50951174       4.0990709        4.0990709        233.6105               233.6105
              1       119.47336      0.84789483         12.659551           11.335319      0.33562904      0.51460533       4.0990709        4.0990709       230.74857              230.74857
              2       119.40681      0.84789483         12.660749           11.337314      0.33594953      0.51524536       4.0990709        4.0990709       230.61547              230.61547
              1       119.20615      0.84789483           12.6639           11.338443      0.33523124      0.50618445       4.0990709        4.0990709       230.21416              230.21416
              1       119.94524      0.84789483         12.667828           11.340783      0.35027495      0.50738165       4.0990709        4.0990709       231.69233              231.69233
              1       120.07739      0.84733417         12.667828           11.340783      0.35027495      0.50738165       4.0990709        4.0990709       231.95665              231.95665
              1       119.54501      0.84733417         12.663595           11.343244      0.35095486      0.50791558       4.0990709        4.0990709       230.89189              230.89189
              1       119.43381      0.84733417         12.669024           11.355593      0.34846948      0.49720492       4.0990709        4.0990709       230.66949              230.66949
              1       119.33443      0.84733417          12.66829            11.35456      0.34895493      0.49552967       4.0990709        4.0990709       230.47072              230.47072
              1        119.0568      0.84733417         12.669003            11.35315      0.34824863      0.49578099       4.0990709        4.0990709       229.91545              229.91545
              1       119.04322      0.84688283         12.669003            11.35315      0.34824863      0.49578099       4.0990709        4.0990709        229.8883               229.8883
              1       118.65867      0.84688283         12.666891           11.350124      0.34903182      0.48699258       4.0990709        4.0990709        229.1192               229.1192
              1       118.72691      0.84688283         12.679592           11.354132       0.3523739      0.48285794       4.0990709        4.0990709       229.25568              229.25568
              7       117.89638      0.84688283         12.680061           11.361362      0.33700277       0.4788855       4.0990709        4.0990709       227.59463              227.59463
              4       118.08561      0.84688283         12.674133           11.352352      0.32828714      0.48640329       4.0990709        4.0990709       227.97309              227.97309
              1       118.16187      0.84688283         12.672574            11.35283      0.33377341      0.48729091       4.0990709        4.0990709       228.12561              228.12561
              2       119.29621      0.85851722         12.672574            11.35283      0.33377341      0.48729091       4.0990709        4.0990709       230.39427              230.39427
              1       119.03336      0.85851722         12.673728           11.353294      0.33445436       0.4848587       4.0990709        4.0990709       229.86858              229.86858
              1       120.32812      0.85851722         12.671585           11.355128      0.33382211      0.48401546       4.0990709        4.0990709       232.45809              232.45809
              3       119.70472      0.85851722         12.671604           11.353662      0.33347841       0.4827309       4.0990709        4.0990709       231.21131              231.21131
              1       117.28538      0.85851722         12.686569           11.352491      0.33898112       0.4828159       4.0990709        4.0990709       226.37261              226.37261
              1       117.41347      0.85698282         12.686569           11.352491      0.33898112       0.4828159       4.0990709        4.0990709        226.6288               226.6288
              1       118.22845      0.85226706         12.686569           11.352491      0.33898112       0.4828159       4.0990709        4.0990709       228.25877              228.25877
              1       118.65985      0.85226706         12.677756           11.354688      0.35117708      0.49435445       4.0990709        4.0990709       229.12155              229.12155
              2       118.84804      0.85226706         12.687413           11.363706      0.35217809      0.49895416       4.0990709        4.0990709       229.49794              229.49794
              1       120.27059      0.85226706         12.684356           11.369427      0.35381606      0.49379895       4.0990709        4.0990709       232.34304              232.34304
              2       118.81018      0.85226706         12.691411           11.365867      0.35086754      0.50208189       4.0990709        4.0990709       229.42222              229.42222
              2       118.90356      0.85226706         12.700395           11.367411      0.35389246      0.49616972       4.0990709        4.0990709       229.60898              229.60898
              8       118.62685      0.85439268         12.700395           11.367411      0.35389246      0.49616972       4.0990709        4.0990709       229.05555              229.05555
              2        118.6446      0.85439268         12.700504           11.367441        0.353886      0.49648601       4.0990709        4.0990709       229.09106              229.09106
              3        118.6708      0.85439268          12.70109           11.367514      0.35399132      0.49627913       4.0990709        4.0990709       229.14345              229.14345
              4       118.54478      0.85439268         12.700162           11.369785      0.35769571      0.49193116       4.0990709        4.0990709       228.89142              228.89142
              1       118.34279      0.85439268         12.705129           11.377094      0.35496837      0.48951523       4.0990709        4.0990709       228.48744              228.48744
              2       118.38066      0.85439268         12.707971           11.375846      0.36434637      0.48099711       4.0990709        4.0990709       228.56318              228.56318
              2       118.18754      0.85439268         12.699252            11.37604      0.35788745      0.47094857       4.0990709        4.0990709       228.17694              228.17694
              1       117.22269      0.85439268         12.706738           11.377937      0.35188499      0.46791798       4.0990709        4.0990709       226.24723              226.24723
              1       117.81034      0.85439268         12.706025           11.381339      0.34870408      0.47458692       4.0990709        4.0990709       227.42255              227.42255
              2       118.15938      0.84418863         12.706025           11.381339      0.34870408      0.47458692       4.0990709        4.0990709       228.12061              228.12061
              2       117.84556      0.84624963         12.706025           11.381339      0.34870408      0.47458692       4.0990709        4.0990709       227.49298              227.49298
              5       117.64581      0.84624963         12.703575           11.382257      0.34643069       0.4718228       4.0990709        4.0990709       227.09349              227.09349
              3       118.04163      0.84624963         12.700965           11.386487      0.34373641       0.4649829       4.0990709        4.0990709       227.88512              227.88512
              2       117.98718      0.84577339         12.700965           11.386487      0.34373641       0.4649829       4.0990709        4.0990709       227.77621              227.77621
              1       117.62069      0.84577339          12.70214           11.384272      0.34538941      0.46639631       4.0990709        4.0990709       227.04323              227.04323
              2        117.4732      0.84577339         12.707473           11.388431       0.3509077       0.4620281       4.0990709        4.0990709       226.74826              226.74826
              4       117.91021      0.84577339           12.7203           11.389416      0.34084009       0.4662395       4.0990709        4.0990709       227.62227              227.62227
              2       117.27589      0.84577339         12.714728           11.396903      0.33075662      0.45735577       4.0990709        4.0990709       226.35364              226.35364
              1        117.5368      0.84856191         12.714728           11.396903      0.33075662      0.45735577       4.0990709        4.0990709       226.87546              226.87546
              2       117.04541      0.84856191         12.714692           11.393452      0.33237718       0.4592227       4.0990709        4.0990709       225.89268              225.89268
              2       116.41984      0.84856191         12.711718           11.387365      0.33236973      0.44791857       4.0990709        4.0990709       224.64154              224.64154
              2       117.56775      0.84856191         12.712405            11.38979      0.31439464      0.47662777       4.0990709        4.0990709       226.93736              226.93736
              2       117.51394      0.84856191         12.708634           11.385403       0.3085966      0.47345835       4.0990709        4.0990709       226.82975              226.82975
              4       117.59579      0.84856191         12.709325           11.387359      0.31005952      0.47380869       4.0990709        4.0990709       226.99345              226.99345
              3       117.53706      0.84856191         12.704051           11.384877      0.31770598      0.46614286       4.0990709        4.0990709       226.87598              226.87598
              1       117.28801      0.84856191          12.70364           11.383077      0.31803223      0.46410562       4.0990709        4.0990709       226.37787              226.37787
              3        117.0946      0.84856191         12.709467           11.382203      0.31237799      0.46279768       4.0990709        4.0990709       225.99106              225.99106
              3        116.7804      0.84856191         12.696472           11.374452      0.32068591      0.45349311       4.0990709        4.0990709       225.36266              225.36266
              1       116.57148      0.84856191         12.701815           11.374814      0.32414582      0.44881983       4.0990709        4.0990709       224.94482              224.94482
              1       116.72664      0.84856191         12.695998           11.369464      0.32032359      0.45161705       4.0990709        4.0990709       225.25515              225.25515
              1       116.71212      0.84856191         12.693566           11.370769      0.32331063      0.45313867       4.0990709        4.0990709       225.22609              225.22609
              1       117.03927       0.8454319         12.693566           11.370769      0.32331063      0.45313867       4.0990709        4.0990709       225.88041              225.88041
              4       117.79117       0.8454319         12.699426           11.371985      0.32145097       0.4651091       4.0990709        4.0990709       227.38421              227.38421
              1       117.65124       0.8454319         12.700281           11.373628      0.31803967      0.46360419       4.0990709        4.0990709       227.10433              227.10433
              1       117.55545       0.8454319         12.700162           11.375567      0.31743982      0.46701326       4.0990709        4.0990709       226.91275              226.91275
              1       117.03391      0.85231514         12.700162           11.375567      0.31743982      0.46701326       4.0990709        4.0990709       225.86969              225.86969
              2       117.27626      0.85231514         12.700758            11.37758      0.31590991      0.46875353       4.0990709        4.0990709       226.35438              226.35438
              2       118.41438      0.85231514         12.693689           11.375973      0.31852205      0.47533049       4.0990709        4.0990709       228.63062              228.63062
              4       118.30374      0.84018767         12.693689           11.375973      0.31852205      0.47533049       4.0990709        4.0990709       228.40935              228.40935
              1       117.89803      0.84018767         12.701321           11.381697      0.32997947      0.46345342       4.0990709        4.0990709       227.59792              227.59792
              1       117.58988      0.84018767         12.694273           11.379177      0.32940879      0.45715892       4.0990709        4.0990709       226.98163              226.98163
              1       117.49501      0.84597579         12.694273           11.379177      0.32940879      0.45715892       4.0990709        4.0990709       226.79188              226.79188
              2       117.55376      0.84597579         12.692962           11.375212      0.32599339      0.46863421       4.0990709        4.0990709       226.90938              226.90938
              1       117.42965      0.84597579         12.694756           11.370567      0.32007189      0.46547181       4.0990709        4.0990709       226.66117              226.66117
              1       118.68763      0.84597579          12.70792           11.374576       0.3194686      0.46818094       4.0990709        4.0990709       229.17713              229.17713
              1       118.70264      0.84597579         12.706708           11.373401      0.32118163      0.46808813       4.0990709        4.0990709       229.20714              229.20714
              1       117.56634      0.84597579         12.708371           11.380668       0.3272695      0.46671998       4.0990709        4.0990709       226.93454              226.93454
              1       117.35656      0.84597579         12.705374           11.382437      0.32648676      0.46899153       4.0990709        4.0990709       226.51498              226.51498
              1       118.70412      0.85952998         12.705374           11.382437      0.32648676      0.46899153       4.0990709        4.0990709       229.21011              229.21011
              3       117.74483      0.85952998          12.70853           11.381303        0.328248      0.47464511       4.0990709        4.0990709       227.29152              227.29152
              1       118.10664      0.85952998         12.717284           11.389657      0.32933048      0.48154545       4.0990709        4.0990709       228.01514              228.01514
              2       118.47226      0.85952998         12.717435           11.391428      0.33078931      0.47898162       4.0990709        4.0990709       228.74638              228.74638
              1       119.57931      0.85952998         12.713671           11.391114      0.33358307      0.48000755       4.0990709        4.0990709       230.96048              230.96048
              1       118.19445      0.85952998         12.713528           11.386426      0.33221793      0.48176209       4.0990709        4.0990709       228.19076              228.19076
              1       117.82181      0.85952998           12.7181           11.387336      0.33628686      0.48773335       4.0990709        4.0990709       227.44549              227.44549
              2       118.77208      0.86409953           12.7181           11.387336      0.33628686      0.48773335       4.0990709        4.0990709       229.34601              229.34601
              1         117.614      0.86409953         12.737252           11.392844      0.33339782      0.50081672       4.0990709        4.0990709       227.02986              227.02986
              2       117.62094      0.86591817         12.737252           11.392844      0.33339782      0.50081672       4.0990709        4.0990709       227.04374              227.04374
              3       118.53541      0.86591817         12.731827           11.392833      0.33638662      0.50942206       4.0990709        4.0990709       228.87269              228.87269
              2       120.54522      0.86591817         12.735684           11.373506       0.3124969      0.50854655       4.0990709        4.0990709       232.89229              232.89229
              1       120.35075      0.86591817         12.737147           11.375769      0.31074808      0.51274631       4.0990709        4.0990709       232.50336              232.50336
              1       119.93547      0.86591817         12.731593           11.372473      0.31235774      0.51712725       4.0990709        4.0990709        231.6728               231.6728
              3       121.23859      0.86591817         12.734998           11.372438      0.30290422      0.52588075       4.0990709        4.0990709       234.27904              234.27904
              2        121.2131      0.86591817         12.735021           11.372533      0.30296401      0.52593673       4.0990709        4.0990709       234.22806              234.22806
              1       121.94761      0.86591817         12.736271            11.37177      0.30320701      0.52571632       4.0990709        4.0990709       235.69708              235.69708
              3       121.95813      0.86591817         12.734013           11.372239      0.32785941      0.53845829       4.0990709        4.0990709       235.71812              235.71812
              1       121.04844      0.86858246         12.734013           11.372239      0.32785941      0.53845829       4.0990709        4.0990709       233.89874              233.89874
              1       121.23058      0.86858246         12.735442            11.37281      0.32621688       0.5389335       4.0990709        4.0990709       234.26302              234.26302
              1       119.04737      0.86858246         12.734529           11.380474      0.32636606      0.53297682       4.0990709        4.0990709       229.89659              229.89659
              1        119.2687      0.86714037         12.734529           11.380474      0.32636606      0.53297682       4.0990709        4.0990709       230.33926              230.33926
              1       120.42016      0.86714037         12.739568           11.380431      0.33052806      0.53225289       4.0990709        4.0990709       232.64219              232.64219
              1       120.34885      0.86714037         12.739499           11.380722      0.33068156      0.53264065       4.0990709        4.0990709       232.49956              232.49956
              3       119.53745      0.86714037         12.719225           11.369902      0.33877469      0.53653488       4.0990709        4.0990709       230.87676              230.87676
              1       119.95273      0.86714037         12.721127           11.369783      0.34607368       0.5309346       4.0990709        4.0990709       231.70732              231.70732
              1       123.67369      0.86714037         12.728241           11.365942      0.35313212      0.54263125       4.0990709        4.0990709       239.14924              239.14924
              3       122.65316      0.86714037         12.714329           11.361501      0.36122339      0.55089007       4.0990709        4.0990709       237.10818              237.10818
              1       122.45238      0.86877518         12.714329           11.361501      0.36122339      0.55089007       4.0990709        4.0990709       236.70662              236.70662
              1       122.47883      0.86877518         12.714286           11.361699      0.36231872      0.54985049       4.0990709        4.0990709       236.75951              236.75951
              4       122.73249      0.86877518         12.719985           11.365627      0.36264659      0.55048578       4.0990709        4.0990709       237.26684              237.26684
              1       122.54986      0.87505506         12.719985           11.365627      0.36264659      0.55048578       4.0990709        4.0990709       236.90158              236.90158
              3        123.3243      0.87505506         12.716683            11.36834      0.36341421      0.55759692       4.0990709        4.0990709       238.45045              238.45045
              1       123.33398      0.87505506         12.722704           11.372557      0.36398927      0.55872142       4.0990709        4.0990709       238.46982              238.46982
              1       124.62687      0.88007341         12.722704           11.372557      0.36398927      0.55872142       4.0990709        4.0990709        241.0556               241.0556
              1       122.79787      0.86966985         12.722704           11.372557      0.36398927      0.55872142       4.0990709        4.0990709        237.3976               237.3976
              2       121.79378      0.86966985          12.72327           11.374455      0.35839132      0.55278969       4.0990709        4.0990709       235.38942              235.38942
              4       121.83039      0.86966985         12.725073           11.374039      0.35744764      0.55371938       4.0990709        4.0990709       235.46263              235.46263
              1       121.63042      0.86966985         12.724388           11.372284      0.35446271      0.55383371       4.0990709        4.0990709        235.0627               235.0627
