#        weight    minuslogpost          sigma8        ygk_Ahmc ygk_LOWZ__2_lM1_0 ygk_LOWZ__2_lMmin_0   ygk_mass_bias       ygk_rhogy   minuslogprior minuslogprior__0            chi2 chi2__ygk_like.ygkLike
              3       53.828733       0.7737172      0.95715297         13.206912           11.936318      0.72082945     -0.46955526       5.6245903        5.6245903       96.408286              96.408286
              2       53.142498       0.7737172      0.94467576          13.20495           11.928463       0.7256319     -0.47145638       5.6245903        5.6245903       95.035815              95.035815
              2       52.576093       0.7737172      0.94533795         13.207378           11.930647      0.72931245     -0.48472666       5.6245903        5.6245903       93.903006              93.903006
              1       51.702647       0.7737172      0.95360407          13.20274           11.930546      0.73269065     -0.48402779       5.6245903        5.6245903       92.156113              92.156113
              3       52.822052       0.7737172      0.94018392         13.198379            11.93318      0.74443444     -0.49449395       5.6245903        5.6245903       94.394923              94.394923
              3       51.618308       0.7737172      0.93895853         13.213379           11.946339      0.75042535     -0.47778333       5.6245903        5.6245903       91.987435              91.987435
              3       50.916471       0.7737172      0.91501262         13.207078           11.942569        0.756745     -0.48741879       5.6245903        5.6245903       90.583761              90.583761
              3       51.117179       0.7737172      0.91978854         13.210024           11.943065      0.75892945     -0.50203993       5.6245903        5.6245903       90.985177              90.985177
              3       49.259133       0.7737172      0.91912319         13.208194           11.940172      0.76179035     -0.48903595       5.6245903        5.6245903       87.269085              87.269085
              6       49.259738       0.7737172      0.91920403         13.208195           11.940192      0.76179746     -0.48901955       5.6245903        5.6245903       87.270296              87.270296
              1       48.832434       0.7786081      0.91920403         13.208195           11.940192      0.76179746     -0.48901955       5.6245903        5.6245903       86.415688              86.415688
              1       48.618777       0.7786081      0.91690901         13.207932           11.939682      0.76118459     -0.48695928       5.6245903        5.6245903       85.988374              85.988374
              5       48.135527       0.7786081      0.91619021         13.209695           11.941044      0.78220239     -0.46050296       5.6245903        5.6245903       85.021874              85.021874
              1       47.673637       0.7786081      0.90529183         13.216193           11.952035      0.79482616     -0.45992882       5.6245903        5.6245903       84.098094              84.098094
              4       47.860192       0.7786081      0.90348395         13.216467           11.950608      0.79553344     -0.45960948       5.6245903        5.6245903       84.471204              84.471204
              2       48.395416       0.7786081      0.90148227         13.217861           11.950542      0.79551846     -0.45785791       5.6245903        5.6245903       85.541651              85.541651
              4         49.1295       0.7786081      0.90149085         13.215258           11.953543      0.81274735     -0.44852168       5.6245903        5.6245903        87.00982               87.00982
              5       48.567359       0.7786081       0.8965553         13.202777           11.945522      0.81033166     -0.45930465       5.6245903        5.6245903       85.885538              85.885538
              2       49.181964       0.7786081      0.89014899         13.202358              11.947      0.81254338     -0.45469654       5.6245903        5.6245903       87.114748              87.114748
              3       49.883869       0.7786081      0.88935506         13.206553           11.952233       0.8047999     -0.44612119       5.6245903        5.6245903       88.518557              88.518557
              1       49.887685       0.7786081      0.90051878          13.21038           11.947492      0.80729541     -0.44586962       5.6245903        5.6245903        88.52619               88.52619
              2       50.670134       0.7786081      0.89878647         13.210673           11.945455      0.80499667     -0.44919265       5.6245903        5.6245903       90.091088              90.091088
             10       49.420605       0.7786081      0.92532857         13.217004           11.956515      0.78628613     -0.43615315       5.6245903        5.6245903       87.592029              87.592029
              1       48.824141       0.7786081      0.92418307         13.220223            11.95647       0.7838778     -0.45539614       5.6245903        5.6245903       86.399101              86.399101
              1        48.58575       0.7786081       0.9266284         13.220764           11.956437      0.78459122     -0.45553639       5.6245903        5.6245903       85.922319              85.922319
              2       49.215768       0.7786081      0.93000322         13.216968           11.954173      0.78434901     -0.45813498       5.6245903        5.6245903       87.182356              87.182356
              1       47.881441       0.7786081      0.91600208         13.220069           11.954131      0.78043176     -0.45796633       5.6245903        5.6245903       84.513701              84.513701
              2       48.766717       0.7786081      0.91715493         13.219876           11.954852      0.77914898     -0.46648915       5.6245903        5.6245903       86.284254              86.284254
              3       48.187992       0.7786081      0.92261966         13.230551           11.953569      0.78270139     -0.46929174       5.6245903        5.6245903       85.126803              85.126803
              1       47.335112       0.7786081      0.92105236         13.230197            11.95555      0.77955485     -0.46976846       5.6245903        5.6245903       83.421043              83.421043
              4       47.817308       0.7786081      0.91630848         13.233989           11.957411        0.780892     -0.46980708       5.6245903        5.6245903       84.385436              84.385436
              4       48.033998       0.7786081      0.91799794          13.23463            11.95744      0.78054718     -0.46768253       5.6245903        5.6245903       84.818816              84.818816
              1       48.908478       0.7786081      0.91626286         13.235064           11.957652      0.77940026     -0.45835485       5.6245903        5.6245903       86.567776              86.567776
              1       48.302139       0.7786081      0.92585405         13.238296           11.959631      0.77689502     -0.45858348       5.6245903        5.6245903       85.355098              85.355098
              2       48.433495       0.7942492      0.92585405         13.238296           11.959631      0.77689502     -0.45858348       5.6245903        5.6245903        85.61781               85.61781
              2        48.43241       0.7942492      0.92578763         13.238277            11.95962      0.77686331     -0.45867816       5.6245903        5.6245903       85.615639              85.615639
              2       49.314628       0.7942492      0.91491206         13.231025            11.95465      0.77278931     -0.43769833       5.6245903        5.6245903       87.380075              87.380075
              1       50.212964       0.7942492      0.90294224         13.229624           11.956695      0.77979042     -0.43846568       5.6245903        5.6245903       89.176747              89.176747
              2       49.768546       0.7942492      0.90033205         13.234247           11.952438      0.77670277     -0.45584297       5.6245903        5.6245903       88.287911              88.287911
              5       50.041269       0.7942492      0.90296499           13.2443           11.960008      0.78260702     -0.45715324       5.6245903        5.6245903       88.833357              88.833357
              1       48.629154       0.7942492       0.9038244         13.239715           11.960973      0.78425463      -0.4618546       5.6245903        5.6245903       86.009127              86.009127
              1       48.903856       0.7942492      0.90626675         13.239106           11.959678      0.78528382      -0.4586513       5.6245903        5.6245903       86.558532              86.558532
              3       48.892274       0.7942492      0.90074268         13.233805           11.957205      0.77729749     -0.45220906       5.6245903        5.6245903       86.535367              86.535367
              2        50.10222       0.7942492      0.90879564         13.231268           11.957734      0.77990662      -0.4390007       5.6245903        5.6245903        88.95526               88.95526
              3       50.244549       0.7942492      0.90836106         13.230572            11.95773      0.78176741     -0.44073947       5.6245903        5.6245903       89.239917              89.239917
             14       50.169217       0.7942492      0.90613139         13.230161           11.955959      0.78178565     -0.43942675       5.6245903        5.6245903       89.089254              89.089254
              4       50.122097       0.7942492      0.90870948         13.229933           11.956156      0.78156092     -0.43939545       5.6245903        5.6245903       88.995013              88.995013
              3       50.605759       0.7942492      0.90777765         13.228757            11.95648      0.78055568     -0.43399275       5.6245903        5.6245903       89.962338              89.962338
              3       50.812283       0.7942492      0.90336185         13.232209           11.957551      0.78301307     -0.43481144       5.6245903        5.6245903       90.375386              90.375386
              1        50.35844       0.7942492      0.91047336          13.23445           11.958012      0.78263397     -0.43750902       5.6245903        5.6245903         89.4677                89.4677
              2       51.768227       0.7942492      0.91548635         13.229715           11.952334      0.79077368     -0.44055191       5.6245903        5.6245903       92.287273              92.287273
              1       53.335129       0.7942492      0.91529204          13.22715           11.952844      0.79109132     -0.42532164       5.6245903        5.6245903       95.421077              95.421077
              4       53.162895       0.7942492      0.90941505         13.225775           11.952705      0.79100825     -0.42629729       5.6245903        5.6245903       95.076608              95.076608
              1        52.21197       0.7942492      0.93913325         13.223219           11.944978      0.79430773     -0.44180491       5.6245903        5.6245903       93.174759              93.174759
              5       49.456739       0.7942492      0.92086815         13.216146           11.943312      0.79818819     -0.46552034       5.6245903        5.6245903       87.664297              87.664297
              4       49.125484       0.7942492      0.92310571         13.217926           11.944572      0.79811836      -0.4687483       5.6245903        5.6245903       87.001788              87.001788
              2       49.536537       0.7942492      0.91082193         13.215871           11.945535      0.80359956     -0.48076668       5.6245903        5.6245903       87.823894              87.823894
              8       49.765357       0.7942492      0.90911395         13.215311           11.945477      0.80572149     -0.48091957       5.6245903        5.6245903       88.281533              88.281533
              1       49.692355       0.7942492      0.90824055         13.214562           11.945082      0.80370459     -0.48940056       5.6245903        5.6245903       88.135529              88.135529
              8       48.250101       0.7942492      0.92749274         13.210066           11.937195      0.80264883     -0.48732254       5.6245903        5.6245903       85.251021              85.251021
              7       48.021241       0.7942492      0.93644013          13.20072           11.930211      0.79725122     -0.49222949       5.6245903        5.6245903       84.793302              84.793302
              1        48.93911       0.7942492       0.9314629           13.2001           11.926429      0.80178448     -0.48280422       5.6245903        5.6245903       86.629039              86.629039
              1       48.408633       0.7942492      0.92298558         13.200731           11.928583      0.80733773     -0.49434247       5.6245903        5.6245903       85.568086              85.568086
              1       49.544325       0.7942492      0.92263697         13.202828           11.925948      0.80666001     -0.49689896       5.6245903        5.6245903       87.839469              87.839469
              3       49.567404       0.7942492      0.92739553          13.20302           11.925726      0.80817377     -0.49760501       5.6245903        5.6245903       87.885628              87.885628
              1       47.941795       0.7942492      0.90769161          13.20449           11.929164      0.80624225     -0.50947798       5.6245903        5.6245903        84.63441               84.63441
              3       47.323077       0.7942492       0.9144234         13.205465            11.93212      0.80588173     -0.51650798       5.6245903        5.6245903       83.396974              83.396974
              2       47.564417      0.78096405       0.9144234         13.205465            11.93212      0.80588173     -0.51650798       5.6245903        5.6245903       83.879653              83.879653
              2       48.558053      0.79776196       0.9144234         13.205465            11.93212      0.80588173     -0.51650798       5.6245903        5.6245903       85.866925              85.866925
              1       49.556098      0.79776196       0.9147388         13.203203             11.9314       0.8179756      -0.5253445       5.6245903        5.6245903       87.863015              87.863015
              1       48.599916      0.79776196      0.91414967         13.204159           11.929504      0.81811568     -0.52495952       5.6245903        5.6245903       85.950651              85.950651
              2        48.79422      0.79776196      0.93536786         13.216247           11.934409      0.82133393     -0.52056164       5.6245903        5.6245903        86.33926               86.33926
              1        48.94498      0.79776196      0.91757732         13.214198           11.937666      0.82287052     -0.52708249       5.6245903        5.6245903       86.640779              86.640779
              1       48.476735      0.79776196      0.91060511         13.211536           11.932948       0.8152459     -0.52133054       5.6245903        5.6245903       85.704289              85.704289
              5       48.689538      0.79776196      0.91169975         13.209922           11.934818      0.81485682      -0.5189181       5.6245903        5.6245903       86.129895              86.129895
              3       48.227806      0.79776196      0.90737216         13.214967           11.937549      0.81539629     -0.52697834       5.6245903        5.6245903       85.206431              85.206431
              1        48.26159      0.79776196      0.93823985          13.22051           11.934478      0.82081977     -0.53238497       5.6245903        5.6245903          85.274                 85.274
              5       48.117825      0.79776196       0.9395442         13.219362           11.934178      0.82052725     -0.53102941       5.6245903        5.6245903       84.986469              84.986469
              1        48.16524      0.79776196      0.94142127         13.219191           11.933818      0.82194879       -0.532505       5.6245903        5.6245903         85.0813                85.0813
              2       48.305162      0.79776196      0.94135789         13.218972           11.933862      0.82268347     -0.53157227       5.6245903        5.6245903       85.361143              85.361143
              2       49.317477      0.79776196      0.93776186         13.217059           11.930986       0.8214954     -0.52932934       5.6245903        5.6245903       87.385774              87.385774
              9        48.10832      0.79776196      0.93732565         13.214991           11.931487       0.8220854     -0.53326252       5.6245903        5.6245903       84.967459              84.967459
              4       48.378168      0.79776196      0.93018457         13.218428           11.938973      0.82103679     -0.54210035       5.6245903        5.6245903       85.507155              85.507155
              3       48.364923      0.79776196      0.93005731         13.218436            11.93897        0.821007     -0.54198079       5.6245903        5.6245903       85.480665              85.480665
              1       49.325459      0.79776196      0.93447917         13.224942           11.929433      0.82533243     -0.57264499       5.6245903        5.6245903       87.401737              87.401737
              1       46.970362      0.79776196      0.92004155          13.22308           11.932803      0.80170395     -0.59383094       5.6245903        5.6245903       82.691543              82.691543
              3       45.776338      0.79776196      0.97575081         13.233972           11.933528      0.79022101     -0.58393582       5.6245903        5.6245903       80.303496              80.303496
              1       46.354232      0.79776196      0.97216645         13.227733           11.927233      0.79197603     -0.56771429       5.6245903        5.6245903       81.459284              81.459284
              1        45.50211      0.79776196      0.96858536          13.22306            11.92685      0.79253024     -0.57652851       5.6245903        5.6245903       79.755039              79.755039
              1       46.144161      0.79776196      0.96715845         13.224189           11.924558      0.79147711     -0.57821011       5.6245903        5.6245903       81.039141              81.039141
              7       46.040555      0.79776196        0.950951         13.225272           11.927612      0.79011357     -0.57479395       5.6245903        5.6245903        80.83193               80.83193
              3       46.129454      0.79776196      0.97285594         13.231609           11.932884      0.78643829     -0.58498081       5.6245903        5.6245903       81.009727              81.009727
              1       46.331253      0.79776196      0.95666119         13.236959           11.934278      0.78322812     -0.58894849       5.6245903        5.6245903       81.413325              81.413325
              3       50.072159      0.79776196      0.96236925         13.232727           11.921844      0.76977315     -0.60901125       5.6245903        5.6245903       88.895138              88.895138
              7       46.710607      0.80788375      0.96236925         13.232727           11.921844      0.76977315     -0.60901125       5.6245903        5.6245903       82.172033              82.172033
              1       46.741582      0.80788375      0.96312589         13.233597           11.922064       0.7689084     -0.60840787       5.6245903        5.6245903       82.233984              82.233984
              2       47.468547      0.80788375      0.93305227         13.230383           11.928388       0.7631374      -0.5944639       5.6245903        5.6245903       83.687914              83.687914
              1       48.305733      0.80788375      0.94402066         13.222787           11.925791      0.76007022     -0.57817844       5.6245903        5.6245903       85.362286              85.362286
              5       48.246221      0.80788375      0.94392143         13.222746           11.925642      0.75993298      -0.5783866       5.6245903        5.6245903       85.243262              85.243262
              4       46.969682      0.80788375       0.9472987         13.237083           11.927224      0.74901008     -0.59331018       5.6245903        5.6245903       82.690183              82.690183
              1       47.108678      0.80788375      0.94696607         13.238018           11.928618      0.74987027     -0.59479991       5.6245903        5.6245903       82.968176              82.968176
              4       48.490418      0.80788375      0.94165177         13.234686           11.931383      0.75095597     -0.58912634       5.6245903        5.6245903       85.731655              85.731655
              4       48.116513      0.80788375      0.93040464         13.237167           11.937824      0.75110543     -0.56495971       5.6245903        5.6245903       84.983845              84.983845
              4       45.933543      0.80788375      0.93570242         13.238069           11.933852      0.74878883     -0.55857332       5.6245903        5.6245903       80.617906              80.617906
              2       45.983467      0.80788375      0.96182115         13.241897           11.931439       0.7505722     -0.56090503       5.6245903        5.6245903       80.717753              80.717753
              5       46.355447      0.80788375      0.96210582         13.241138           11.929937      0.75017232     -0.55770703       5.6245903        5.6245903       81.461713              81.461713
              2        46.10816      0.80788375      0.94917618         13.237022           11.929949      0.74520484     -0.56661172       5.6245903        5.6245903        80.96714               80.96714
              3       46.855422      0.80788375      0.94703477         13.254922           11.939698      0.74825856     -0.57396505       5.6245903        5.6245903       82.461664              82.461664
              1       46.190196      0.80788375      0.95351812         13.256003           11.943255      0.74606308     -0.55010945       5.6245903        5.6245903       81.131212              81.131212
              4       47.066373      0.80788375      0.94909103         13.249687           11.949146      0.76756829     -0.54335815       5.6245903        5.6245903       82.883565              82.883565
              2       45.746533      0.80788375      0.94743264         13.250816           11.944321      0.77105947     -0.55196222       5.6245903        5.6245903       80.243885              80.243885
              1        46.39377      0.81284342      0.94743264         13.250816           11.944321      0.77105947     -0.55196222       5.6245903        5.6245903        81.53836               81.53836
              1       46.332472      0.81284342      0.95961057          13.24926            11.94116      0.77273781     -0.54531053       5.6245903        5.6245903       81.415764              81.415764
              7       46.338051      0.81284342      0.95896573         13.248947           11.941025      0.77279066     -0.54523377       5.6245903        5.6245903       81.426921              81.426921
              6       47.804863      0.81284342      0.95949193         13.256193           11.952789      0.76726985      -0.5058618       5.6245903        5.6245903       84.360546              84.360546
              4        46.72793      0.80185329      0.95949193         13.256193           11.952789      0.76726985      -0.5058618       5.6245903        5.6245903        82.20668               82.20668
              4       46.943891      0.80185329      0.93188505         13.260428           11.964802      0.76588786     -0.48686256       5.6245903        5.6245903       82.638601              82.638601
              1       47.312193      0.80185329      0.94632342         13.266913           11.970126      0.77463897     -0.49532572       5.6245903        5.6245903       83.375206              83.375206
              1       49.021485      0.80185329      0.94808782         13.265202           11.972483      0.77615886     -0.48534062       5.6245903        5.6245903        86.79379               86.79379
              4       48.815716      0.80185329      0.93144913         13.273905           11.973377      0.77774457     -0.47824674       5.6245903        5.6245903       86.382251              86.382251
              1       49.262932      0.80185329      0.93035629          13.27419           11.972656      0.77678268     -0.47766743       5.6245903        5.6245903       87.276684              87.276684
              6       48.458884      0.80185329      0.91972894         13.272096           11.978149      0.77491051     -0.47869731       5.6245903        5.6245903       85.668588              85.668588
              1       47.122101      0.79215949      0.91972894         13.272096           11.978149      0.77491051     -0.47869731       5.6245903        5.6245903       82.995022              82.995022
              2       50.283745      0.79215949      0.92707039           13.2779           11.978913      0.78297834     -0.46975885       5.6245903        5.6245903        89.31831               89.31831
              3       46.794229      0.79215949      0.91027657         13.278071           11.984291      0.78374501     -0.49575547       5.6245903        5.6245903       82.339278              82.339278
              1       47.204101      0.79215949      0.90589467         13.280472           11.987952       0.7807895     -0.49018084       5.6245903        5.6245903       83.159022              83.159022
              2       48.510988      0.79215949      0.89284856         13.280016           11.992243      0.79712127     -0.47628752       5.6245903        5.6245903       85.772795              85.772795
              4       49.009605      0.79215949      0.89623368         13.278712           11.992317      0.79514966     -0.48963605       5.6245903        5.6245903        86.77003               86.77003
              2       48.432031      0.79215949      0.90079838         13.284343           11.994995      0.79893353     -0.49285672       5.6245903        5.6245903       85.614881              85.614881
              1       49.599716      0.79215949      0.89866879         13.288418           11.995908      0.80072771     -0.46640523       5.6245903        5.6245903       87.950252              87.950252
              4       48.790042      0.79215949      0.91511357         13.294646           11.998933      0.79720628     -0.46838159       5.6245903        5.6245903       86.330903              86.330903
              1       49.047395      0.79215949      0.90914823         13.298074            12.00552      0.79357687     -0.46900996       5.6245903        5.6245903        86.84561               86.84561
              2       48.689476      0.79215949      0.90852659         13.299157           12.005233      0.79442714     -0.47115012       5.6245903        5.6245903       86.129771              86.129771
              1       47.914299      0.79215949      0.91085547         13.300521           12.001241      0.78778694     -0.47747826       5.6245903        5.6245903       84.579418              84.579418
              1       47.911237      0.79215949      0.91564265         13.299373           12.002927      0.78798266      -0.4817853       5.6245903        5.6245903       84.573293              84.573293
              4       48.196619      0.79215949      0.91258272         13.297979           12.002883      0.78792933     -0.48377846       5.6245903        5.6245903       85.144058              85.144058
              2       48.010683      0.79215949      0.90835482         13.298588           12.002397      0.79396602     -0.47913909       5.6245903        5.6245903       84.772186              84.772186
              1        47.62565      0.79215949      0.91806715         13.299164           11.999076      0.79756248     -0.49070061       5.6245903        5.6245903        84.00212               84.00212
              1       46.979839      0.79215949      0.94480914         13.294402           11.994466       0.7984043     -0.49590288       5.6245903        5.6245903       82.710497              82.710497
              6       49.244218      0.79215949       0.9476388         13.295686           12.000119      0.80181678     -0.50387984       5.6245903        5.6245903       87.239256              87.239256
              1       48.423492      0.79215949      0.95798675          13.29178           11.994449       0.8048933      -0.5187003       5.6245903        5.6245903       85.597803              85.597803
              2       46.955795      0.79215949      0.97922881         13.300501           11.992275       0.8047373     -0.50986623       5.6245903        5.6245903       82.662409              82.662409
              3       48.070288      0.79215949      0.98460767         13.298011           11.997252      0.80872845     -0.50778693       5.6245903        5.6245903       84.891395              84.891395
              3       47.441815      0.79215949      0.99105623         13.326979           12.006244      0.78768165     -0.52152867       5.6245903        5.6245903       83.634449              83.634449
              1       47.176908      0.79215949      0.97419148         13.327125           12.009683      0.78950938     -0.53040576       5.6245903        5.6245903       83.104635              83.104635
              3       47.584003      0.79215949      0.97239131         13.330678           12.016496      0.79421979     -0.51231514       5.6245903        5.6245903       83.918825              83.918825
              3       48.472885      0.79215949      0.97531867         13.329166           12.014601      0.78391639     -0.52303299       5.6245903        5.6245903       85.696589              85.696589
              3       48.317912      0.79215949      0.97519729         13.329176           12.014352      0.78391259      -0.5228809       5.6245903        5.6245903       85.386644              85.386644
              2       48.704331      0.79215949      0.96741243         13.333831           12.011974      0.78879749     -0.51248195       5.6245903        5.6245903       86.159482              86.159482
              1       48.509559      0.79215949      0.97092133          13.33925           12.016011      0.78700098     -0.51248865       5.6245903        5.6245903       85.769938              85.769938
              1       48.833084      0.79215949      0.96651163         13.332335           12.021529      0.77635614     -0.47836043       5.6245903        5.6245903       86.416988              86.416988
              5       48.670677      0.79215949      0.97876836         13.333277           12.019515      0.77205541     -0.45886634       5.6245903        5.6245903       86.092173              86.092173
              3       49.103695      0.79215949      0.94207051         13.317593           12.010192      0.76329122      -0.4443481       5.6245903        5.6245903        86.95821               86.95821
              4       48.572945      0.79215949      0.94542347          13.32161           12.014845      0.76445367     -0.45333882       5.6245903        5.6245903       85.896709              85.896709
              2       48.497286      0.79215949      0.94210494         13.322415           12.014375      0.76410162     -0.45540093       5.6245903        5.6245903       85.745392              85.745392
              1       48.560454      0.79215949      0.94646052         13.323245            12.01553      0.76174584     -0.46056082       5.6245903        5.6245903       85.871727              85.871727
              1       47.628707      0.79215949      0.95487327         13.308823           11.998581      0.76455687     -0.48306183       5.6245903        5.6245903       84.008234              84.008234
              4       47.791393      0.79215949      0.95481518         13.308791           11.998138       0.7637577     -0.48206831       5.6245903        5.6245903       84.333606              84.333606
              2       48.602964      0.79215949      0.95445606         13.326339           12.012306      0.76274244     -0.46702903       5.6245903        5.6245903       85.956748              85.956748
              1       49.613951      0.79215949      0.97782095         13.322257           12.014627      0.75891614     -0.45719861       5.6245903        5.6245903       87.978721              87.978721
              1       49.572244      0.79215949        0.977664         13.322229           12.014571      0.75888367     -0.45686988       5.6245903        5.6245903       87.895308              87.895308
              1       48.875853      0.79215949      0.98097937         13.311837           12.005218       0.7527064     -0.45767188       5.6245903        5.6245903       86.502525              86.502525
              1       49.171364      0.79215949      0.98575685         13.315163           12.000232      0.75530287     -0.45775308       5.6245903        5.6245903       87.093548              87.093548
              2       50.807545      0.78684751      0.98575685         13.315163           12.000232      0.75530287     -0.45775308       5.6245903        5.6245903       90.365909              90.365909
              1        50.35327      0.78684751       1.0122723         13.312346           12.005357      0.75641485      -0.4754657       5.6245903        5.6245903        89.45736               89.45736
              2       49.900881      0.78684751       1.0148574         13.316174           12.005358      0.75032263     -0.47555985       5.6245903        5.6245903       88.552581              88.552581
              3       52.310035      0.78684751       1.0156324         13.318039           12.009406      0.75022119     -0.47812909       5.6245903        5.6245903       93.370889              93.370889
              1         50.5768      0.78684751       1.0343327         13.323405            11.99968      0.74815705     -0.51788072       5.6245903        5.6245903       89.904419              89.904419
              1       50.062462      0.78684751       1.0296641         13.322784           11.999736         0.75366     -0.52160961       5.6245903        5.6245903       88.875744              88.875744
              1       50.250369      0.78684751       1.0366353         13.325458           12.001202      0.75622837     -0.52770986       5.6245903        5.6245903       89.251558              89.251558
              4       50.227283      0.78684751       1.0369818         13.325882           12.001112      0.75617552      -0.5267452       5.6245903        5.6245903       89.205385              89.205385
              5       48.869423      0.78684751       1.0299591         13.323644           12.000927      0.76881816     -0.51758244       5.6245903        5.6245903       86.489665              86.489665
              2         48.2221      0.78684751       1.0379486          13.31844           12.002893      0.77213271     -0.49979981       5.6245903        5.6245903       85.195019              85.195019
              1       48.552532      0.78684751       1.0349102         13.317675           12.004626      0.77736454     -0.50281945       5.6245903        5.6245903       85.855883              85.855883
              9       48.347549      0.78684751       1.0331232         13.325675           12.004085      0.77790677     -0.50660929       5.6245903        5.6245903       85.445917              85.445917
              5       49.317424      0.78684751        1.033983         13.331994           12.007365      0.76692111     -0.52030779       5.6245903        5.6245903       87.385667              87.385667
              4       50.173166      0.78684751       1.0225423         13.328648           12.011963      0.75835203     -0.49625362       5.6245903        5.6245903       89.097152              89.097152
              4       50.219049      0.78684751       1.0453958         13.338593           12.016281      0.76387715     -0.50052262       5.6245903        5.6245903       89.188918              89.188918
              2       50.436098      0.78684751       1.0505208         13.336271           12.013311      0.76342144     -0.50910554       5.6245903        5.6245903       89.623015              89.623015
              5       48.707926      0.78684751       1.0630821         13.332185           12.010629      0.78117002     -0.50549277       5.6245903        5.6245903       86.166671              86.166671
              1       48.709936      0.78684751       1.0709774            13.333           12.007307      0.78376166       -0.503936       5.6245903        5.6245903       86.170691              86.170691
              7        48.70305      0.78684751       1.0650707         13.331687           12.005002      0.78778016     -0.51767086       5.6245903        5.6245903        86.15692               86.15692
              1       48.097229      0.78684751       1.0636409         13.329119           12.005613      0.78914294     -0.51736152       5.6245903        5.6245903       84.945277              84.945277
              1       49.419288      0.78684751       1.0577631         13.332613           12.004879      0.79455096     -0.51800978       5.6245903        5.6245903       87.589396              87.589396
              1       49.682447      0.78684751       1.0775902         13.335053           12.015001      0.79976098      -0.5171735       5.6245903        5.6245903       88.115713              88.115713
              4       48.475008      0.78684751       1.0983264         13.331738           12.003163      0.80535418     -0.53639522       5.6245903        5.6245903       85.700835              85.700835
              2       48.336581      0.79155874       1.0983264         13.331738           12.003163      0.80535418     -0.53639522       5.6245903        5.6245903       85.423982              85.423982
              1       49.066472      0.79155874       1.1003591         13.326707           12.001986      0.80776536     -0.54337099       5.6245903        5.6245903       86.883763              86.883763
              2       49.144951      0.79155874       1.1034843         13.326166             12.0016      0.80884042     -0.54321852       5.6245903        5.6245903       87.040722              87.040722
              1       48.710565      0.79155874       1.1039162         13.323137           11.996673        0.805589     -0.55330576       5.6245903        5.6245903        86.17195               86.17195
              2       48.840664      0.79155874       1.1071166          13.32496           11.997143      0.80440177     -0.55474706       5.6245903        5.6245903       86.432147              86.432147
             11       48.771902      0.78545801       1.1071166          13.32496           11.997143      0.80440177     -0.55474706       5.6245903        5.6245903       86.294623              86.294623
              5        48.92261      0.78545801       1.1089477         13.324946           12.000255      0.80644671     -0.54872725       5.6245903        5.6245903        86.59604               86.59604
              3       48.649119      0.78545801       1.1028671         13.324941           12.000681      0.80773846     -0.54817583       5.6245903        5.6245903       86.049058              86.049058
              5       48.714716      0.78545801       1.1077299         13.325124           12.001077      0.80894016     -0.54580396       5.6245903        5.6245903       86.180251              86.180251
              4        48.42562      0.78545801         1.10643         13.325269           12.000953      0.80804245     -0.54128216       5.6245903        5.6245903       85.602059              85.602059
              1         48.8876      0.78545801       1.1242314         13.324888           12.001994      0.81685714     -0.53841505       5.6245903        5.6245903        86.52602               86.52602
              1       48.898848      0.78545801       1.1183222         13.325887           11.998798      0.81924384     -0.52590356       5.6245903        5.6245903       86.548515              86.548515
              8       48.412036      0.78545801        1.115776          13.32463           11.999136      0.82055336     -0.52735835       5.6245903        5.6245903       85.574891              85.574891
              1       49.168611      0.78545801        1.118714         13.325839           11.999057      0.82271876      -0.5228075       5.6245903        5.6245903       87.088042              87.088042
              5       48.652282      0.78545801        1.121605         13.326513           12.005474      0.82130943     -0.52225953       5.6245903        5.6245903       86.055384              86.055384
              3       48.217208      0.78545801        1.116699         13.326958           12.004315       0.8226845     -0.52306973       5.6245903        5.6245903       85.185235              85.185235
              1         48.3872      0.78545801       1.1142939            13.326           12.004987      0.82106606     -0.52544966       5.6245903        5.6245903        85.52522               85.52522
              4        48.72181      0.78545801       1.1206927         13.331945           12.002607       0.8203639      -0.5422746       5.6245903        5.6245903        86.19444               86.19444
              1       49.781572      0.77959797       1.1206927         13.331945           12.002607       0.8203639      -0.5422746       5.6245903        5.6245903       88.313963              88.313963
              1        50.06823      0.77959797       1.1193046         13.331783           12.001898      0.82096986     -0.54366758       5.6245903        5.6245903       88.887279              88.887279
              2       50.150794      0.77959797       1.1187966         13.331881           12.001881      0.82087738     -0.54333343       5.6245903        5.6245903       89.052407              89.052407
              2       48.790023      0.77959797       1.1154132         13.325972           12.000398      0.82149963     -0.54324667       5.6245903        5.6245903       86.330865              86.330865
              7       49.003406      0.77959797       1.1177682         13.325724           11.999198      0.81980809     -0.55256201       5.6245903        5.6245903       86.757631              86.757631
              3       48.992106      0.77959797        1.114135         13.324082           11.998206      0.81776702     -0.54486462       5.6245903        5.6245903       86.735032              86.735032
              2       49.264906      0.77959797       1.1274304         13.323801           12.000517      0.81715833      -0.5520407       5.6245903        5.6245903       87.280631              87.280631
              5       49.138824      0.77959797       1.1321005         13.323638           11.996817      0.81803434     -0.54842571       5.6245903        5.6245903       87.028468              87.028468
              2       49.171004      0.77959797       1.1259507         13.322679           11.997283      0.80613345     -0.53489535       5.6245903        5.6245903       87.092828              87.092828
              1        48.68811      0.77959797       1.1127655         13.327935           12.004694      0.80971009     -0.52783463       5.6245903        5.6245903       86.127039              86.127039
              3       48.668236      0.77959797       1.1124626          13.32776           12.004633      0.80978044     -0.52776595       5.6245903        5.6245903       86.087292              86.087292
              5       48.876734      0.77959797       1.1096142         13.323118           11.999629      0.81420248     -0.52246387       5.6245903        5.6245903       86.504287              86.504287
              1        48.28342      0.77959797       1.1218705         13.324207           12.002971      0.82025683      -0.5302822       5.6245903        5.6245903        85.31766               85.31766
             19       49.043032      0.77959797       1.1358299         13.331325           12.006517      0.81305773     -0.52067114       5.6245903        5.6245903       86.836884              86.836884
              2       52.287895      0.77959797       1.1675755         13.320078           12.007477      0.82886807     -0.50290516       5.6245903        5.6245903       93.326609              93.326609
              2       52.036322      0.77959797       1.1969014         13.320648           11.992266      0.81048771     -0.48514885       5.6245903        5.6245903       92.823464              92.823464
              1       52.096982      0.77959797       1.1972771         13.321034           11.992437      0.81025592     -0.48513189       5.6245903        5.6245903       92.944784              92.944784
              5       52.053628      0.77959797       1.1623476         13.333799           12.012862       0.8328953     -0.45749046       5.6245903        5.6245903       92.858076              92.858076
              4       51.698124      0.77959797        1.173258          13.33371           12.014541      0.83485218       -0.456019       5.6245903        5.6245903       92.147067              92.147067
              3       51.663713      0.77936952        1.173258          13.33371           12.014541      0.83485218       -0.456019       5.6245903        5.6245903       92.078246              92.078246
             13       51.486137      0.77936952       1.1694516         13.337603           12.017847      0.83298585       -0.457164       5.6245903        5.6245903       91.723093              91.723093
              3       50.566691      0.77936952       1.1750824         13.331558           12.012751      0.82795134     -0.46650874       5.6245903        5.6245903       89.884201              89.884201
              2       51.321159      0.78286475       1.1750824         13.331558           12.012751      0.82795134     -0.46650874       5.6245903        5.6245903       91.393137              91.393137
              1       51.652817      0.78286475       1.1375693         13.323064           12.013654      0.83429621     -0.46430895       5.6245903        5.6245903       92.056454              92.056454
              2       51.215334      0.78286475        1.136392         13.324335           12.013633      0.83423325     -0.46399764       5.6245903        5.6245903       91.181487              91.181487
              7       50.580153      0.78286475       1.1333033         13.323176           12.007272      0.82891316     -0.46275233       5.6245903        5.6245903       89.911125              89.911125
              1       50.607346      0.78307119       1.1333033         13.323176           12.007272      0.82891316     -0.46275233       5.6245903        5.6245903       89.965511              89.965511
              1       51.721312      0.78307119       1.1359571         13.318143           12.003209      0.83923001     -0.46484673       5.6245903        5.6245903       92.193444              92.193444
             15       50.055438      0.78307119       1.1223424         13.319056           12.004763      0.84041877     -0.47951933       5.6245903        5.6245903       88.861696              88.861696
              4       48.962314      0.78307119       1.1266885         13.311595           11.997212      0.84417151     -0.49980222       5.6245903        5.6245903       86.675447              86.675447
              1       48.467175      0.78307119       1.1188156         13.309119           11.997188      0.84134735     -0.49801409       5.6245903        5.6245903        85.68517               85.68517
              9       48.475909      0.78307119       1.1238815         13.307424            11.99616      0.83975167     -0.49523583       5.6245903        5.6245903       85.702638              85.702638
              1       47.848954      0.78307119       1.1046192         13.282965           11.983555      0.83684178     -0.49387114       5.6245903        5.6245903       84.448727              84.448727
              1        48.00848      0.78307119       1.1144345         13.282825           11.981104      0.83402292     -0.47997106       5.6245903        5.6245903       84.767779              84.767779
              1       49.029337      0.78307119       1.1196901         13.281048           11.983307      0.83008738     -0.48539275       5.6245903        5.6245903       86.809494              86.809494
              1       48.337502      0.78307119         1.11963          13.28157           11.982392      0.82964347      -0.4863345       5.6245903        5.6245903       85.425823              85.425823
              1       48.832901      0.78307119       1.1552725          13.27608             11.9752      0.84593646     -0.50357969       5.6245903        5.6245903       86.416621              86.416621
              1       49.303811      0.78307119       1.1593985         13.275527           11.975039      0.84496289     -0.50619204       5.6245903        5.6245903       87.358442              87.358442
              1       48.331121      0.78307119       1.1542658         13.282425           11.977796      0.83845041     -0.51111626       5.6245903        5.6245903       85.413061              85.413061
              1       47.454844      0.76698068       1.1542658         13.282425           11.977796      0.83845041     -0.51111626       5.6245903        5.6245903       83.660507              83.660507
              1       47.737535      0.76698068       1.1536259         13.282284           11.976935      0.83808952     -0.51125633       5.6245903        5.6245903       84.225889              84.225889
              1       47.020305      0.76698068       1.1497264         13.279075           11.978877      0.83660382     -0.51296376       5.6245903        5.6245903       82.791429              82.791429
              3       47.049254      0.76698068       1.1516953         13.278671           11.979116       0.8347151      -0.5067552       5.6245903        5.6245903       82.849327              82.849327
              1        48.00199      0.76698068       1.1582674         13.279246           11.981679      0.83921597     -0.51157049       5.6245903        5.6245903       84.754799              84.754799
              1       48.081907      0.76698068       1.1626195         13.277932           11.979503      0.83776323      -0.5163237       5.6245903        5.6245903       84.914634              84.914634
              3       46.845484      0.76698068       1.1351063         13.276099           11.974848      0.84455546     -0.53926602       5.6245903        5.6245903       82.441787              82.441787
              2       46.578492      0.76698068       1.1378821         13.265204           11.970269      0.85174439     -0.53800966       5.6245903        5.6245903       81.907804              81.907804
              1       46.148666      0.76698068       1.1338726         13.262236           11.965855      0.84415336     -0.52271495       5.6245903        5.6245903       81.048152              81.048152
              3       45.811269      0.76698068       1.1194473         13.261733           11.967814      0.84595811     -0.52104276       5.6245903        5.6245903       80.373358              80.373358
              1       46.526582      0.76698068       1.1323679         13.260777           11.969514      0.84245334     -0.51890741       5.6245903        5.6245903       81.803983              81.803983
              3       49.421509      0.76698068       1.1308429         13.259738            11.97411      0.84428266     -0.51416284       5.6245903        5.6245903       87.593838              87.593838
              3       49.443363      0.76698068       1.1111369         13.266253           11.978742      0.82766562     -0.50711395       5.6245903        5.6245903       87.637544              87.637544
              2       47.060739      0.76698068       1.1167292           13.2706            11.97122      0.83313294     -0.53958421       5.6245903        5.6245903       82.872297              82.872297
              1       47.792219      0.76698068       1.0965442         13.270651           11.969098      0.83320991     -0.54101543       5.6245903        5.6245903       84.335257              84.335257
              1        47.70142      0.76698068       1.0964498         13.270697           11.969326      0.83361936     -0.54094244       5.6245903        5.6245903        84.15366               84.15366
              6       46.512595      0.76698068       1.0847097         13.269802           11.973263      0.83720673     -0.53969828       5.6245903        5.6245903       81.776009              81.776009
              4       47.315478      0.76698068       1.0891007         13.262727           11.965166      0.82957016      -0.5322902       5.6245903        5.6245903       83.381775              83.381775
              2       46.320515      0.77028463       1.0891007         13.262727           11.965166      0.82957016      -0.5322902       5.6245903        5.6245903       81.391849              81.391849
              1       46.556834      0.77028463       1.0934563         13.259564           11.964227      0.82941886     -0.54687472       5.6245903        5.6245903       81.864487              81.864487
              2       46.938361      0.77028463       1.0965978         13.261068           11.966576       0.8318852     -0.54794823       5.6245903        5.6245903       82.627542              82.627542
              1       46.534024      0.77028463       1.0979681         13.261476           11.965481      0.83227826     -0.54762705       5.6245903        5.6245903       81.818868              81.818868
              4       46.382151      0.77028463       1.0830637         13.261039           11.962916      0.83933149     -0.55133109       5.6245903        5.6245903       81.515122              81.515122
              2       46.014346      0.77028463       1.0850953         13.260532           11.964732      0.83785154     -0.54874588       5.6245903        5.6245903       80.779511              80.779511
              2       46.585457      0.78037874       1.0850953         13.260532           11.964732      0.83785154     -0.54874588       5.6245903        5.6245903       81.921733              81.921733
              8        45.62947      0.78037874       1.0723685         13.262154           11.964657      0.84472034     -0.55326705       5.6245903        5.6245903       80.009759              80.009759
              5       45.794078      0.78037874       1.0708029         13.262435           11.965487      0.84393564     -0.55370551       5.6245903        5.6245903       80.338976              80.338976
              2       45.447415      0.78037874        1.072616          13.26041           11.961042      0.84434783     -0.55244935       5.6245903        5.6245903       79.645649              79.645649
              1       46.381279      0.78037874       1.0739963         13.263019           11.960193      0.84409081     -0.54929279       5.6245903        5.6245903       81.513378              81.513378
              6       46.683124      0.78037874        1.104182         13.261802           11.963147        0.841887     -0.55600796       5.6245903        5.6245903       82.117068              82.117068
              1       46.257233      0.78037874        1.116254          13.27217           11.968412      0.84110874     -0.54836543       5.6245903        5.6245903       81.265286              81.265286
              1       46.266144      0.78037874       1.1227772         13.272619           11.965885      0.84943239     -0.55074924       5.6245903        5.6245903       81.283107              81.283107
              1       47.228856      0.78037874       1.1181163         13.275979           11.965019      0.85050735     -0.55778872       5.6245903        5.6245903       83.208532              83.208532
              2       47.152385      0.78037874       1.1180618         13.276195            11.96526       0.8499069     -0.55782441       5.6245903        5.6245903        83.05559               83.05559
              2       47.164188      0.78037874       1.0879853         13.270249           11.963528      0.84762948     -0.54980164       5.6245903        5.6245903       83.079195              83.079195
              3       47.213342      0.78037874       1.0840936         13.270755           11.974063      0.85211237     -0.54869937       5.6245903        5.6245903       83.177503              83.177503
              1       46.665442      0.76445884       1.0840936         13.270755           11.974063      0.85211237     -0.54869937       5.6245903        5.6245903       82.081704              82.081704
              4       47.021941      0.76445884       1.0764322         13.273733             11.9765       0.8545589     -0.53817582       5.6245903        5.6245903       82.794702              82.794702
              3       51.921267      0.76445884        1.081017         13.273619           11.969847      0.85122579     -0.54095574       5.6245903        5.6245903       92.593353              92.593353
              1       47.721102      0.76445884        1.054022         13.251638           11.962653       0.8532783     -0.52282646       5.6245903        5.6245903       84.193023              84.193023
              1       46.831289      0.76445884       1.0638689         13.242707           11.957001      0.84430567     -0.51327528       5.6245903        5.6245903       82.413398              82.413398
              2        47.03492      0.76445884       1.0673205         13.241258           11.955083      0.84768632     -0.51778663       5.6245903        5.6245903        82.82066               82.82066
              3       44.883142      0.76445884       1.1674368         13.178483           11.906408      0.85012763     -0.51739625       5.6245903        5.6245903       78.517103              78.517103
              1       46.625634      0.76445884       1.1950049         13.177345           11.897221      0.83388653     -0.54339015       5.6245903        5.6245903       82.002087              82.002087
             11       46.073136      0.76445884       1.2106813         13.176156           11.896645      0.85233594     -0.54065213       5.6245903        5.6245903       80.897091              80.897091
              2       45.893604      0.76445884       1.2160326         13.163283           11.886919      0.85654692     -0.54986057       5.6245903        5.6245903       80.538027              80.538027
              1       44.922992      0.76445884       1.1611256         13.128871           11.870966      0.86404976     -0.53102597       5.6245903        5.6245903       78.596804              78.596804
              1       46.624169      0.76445884       1.2731924         13.110231           11.847132      0.89926888     -0.57698769       5.6245903        5.6245903       81.999158              81.999158
              1       48.689797      0.76445884       1.3548389         13.078287           11.817195      0.87352236     -0.51662111       5.6245903        5.6245903       86.130414              86.130414
              2       49.370238      0.74336483       1.3615365         13.075196           11.827248      0.89038588     -0.50691657       5.6245903        5.6245903       87.491295              87.491295
              2       50.295835      0.74336483       1.4036272         13.081338           11.831458      0.92474777     -0.50510481       5.6245903        5.6245903       89.342489              89.342489
              1       51.068756      0.74336483       1.3697169         13.105671           11.852652      0.91642781      -0.4805509       5.6245903        5.6245903       90.888331              90.888331
              1       49.345707      0.74336483       1.3227336         13.104534           11.857034      0.91800975     -0.48062028       5.6245903        5.6245903       87.442234              87.442234
              3       46.690165      0.74336483       1.3479323         13.132019            11.88026      0.92855799     -0.49425567       5.6245903        5.6245903       82.131149              82.131149
              1        46.76382      0.74336483       1.3628448         13.100255           11.852907      0.92447095     -0.51968894       5.6245903        5.6245903        82.27846               82.27846
              4        47.12605      0.74336483       1.2952692         13.091671           11.858765      0.92326133     -0.50061167       5.6245903        5.6245903        83.00292               83.00292
              3       46.182739      0.74336483       1.2108581         13.093031           11.866091      0.90477678     -0.47599231       5.6245903        5.6245903       81.116298              81.116298
              1       45.598877      0.74336483       1.2238634          13.10189           11.868841       0.9024163     -0.48034587       5.6245903        5.6245903       79.948574              79.948574
              1       45.582228      0.74537261       1.2232259         13.102185           11.867884      0.90081119     -0.48126957       5.6245903        5.6245903       79.915275              79.915275
              3       45.987792      0.74537261       1.1754215         13.118297           11.881011      0.89933688     -0.51889617       5.6245903        5.6245903       80.726403              80.726403
              1       45.023717      0.74537261       1.1789016          13.13834           11.892257      0.90842154     -0.51681643       5.6245903        5.6245903       78.798253              78.798253
              2       45.022022      0.74537261       1.1900126         13.160976           11.910923      0.92234069     -0.52053471       5.6245903        5.6245903       78.794864              78.794864
              1       45.023021      0.74537261       1.1892814         13.160015           11.910658      0.92435445      -0.5195418       5.6245903        5.6245903       78.796862              78.796862
              1       45.170933      0.74537261       1.1475316         13.169267           11.921536      0.92556027     -0.52092503       5.6245903        5.6245903       79.092686              79.092686
              3       45.146764      0.74813152       1.1466556         13.169671           11.920221      0.92335467     -0.52219429       5.6245903        5.6245903       79.044347              79.044347
              1       44.864091      0.74813152        1.141033         13.167343            11.91498      0.92271392       -0.541011       5.6245903        5.6245903       78.479002              78.479002
              4       44.824112      0.74813152       1.1397928         13.170393           11.917062      0.91983655     -0.53906396       5.6245903        5.6245903       78.399044              78.399044
              5       45.085812      0.74813152       1.1483666         13.169188           11.912752      0.89538551     -0.52583011       5.6245903        5.6245903       78.922443              78.922443
              1       46.163352      0.74813152       1.2171906         13.187212           11.918362      0.90090484     -0.55149791       5.6245903        5.6245903       81.077523              81.077523
              3       45.513226      0.76295072       1.2124853         13.189383             11.9113       0.8890577     -0.55831565       5.6245903        5.6245903       79.777272              79.777272
              1       45.350275      0.76295072       1.1080913         13.232704           11.950208      0.86067189     -0.54297532       5.6245903        5.6245903        79.45137               79.45137
              1       45.755269      0.76295072       1.1188842          13.23015           11.947996      0.85270755     -0.54037393       5.6245903        5.6245903       80.261357              80.261357
              1       45.892543      0.76295072       1.1224886         13.221701           11.939904      0.83427339      -0.5114958       5.6245903        5.6245903       80.535905              80.535905
              3       45.899013      0.76295072       1.1419816         13.229013           11.944136       0.8397855     -0.51007731       5.6245903        5.6245903       80.548845              80.548845
              2       48.345386      0.76295072       1.1419134         13.218938           11.933494      0.84539985     -0.58065727       5.6245903        5.6245903       85.441592              85.441592
              3       48.395594      0.76295072       1.1784388         13.210627           11.928734      0.85744109     -0.57303305       5.6245903        5.6245903       85.542007              85.542007
              1       47.566197      0.76295072       1.1935726         13.198813           11.916774       0.8698101     -0.58692984       5.6245903        5.6245903       83.883214              83.883214
              1       47.688563      0.76295072       1.2029982          13.19267            11.91221       0.8804089     -0.59333155       5.6245903        5.6245903       84.127945              84.127945
              2       47.622731      0.77609263       1.1988255         13.194596           11.905947      0.86990265     -0.59937763       5.6245903        5.6245903       83.996281              83.996281
              4       44.771108      0.77609263       1.0671495         13.168853            11.90074      0.84114035      -0.5437952       5.6245903        5.6245903       78.293036              78.293036
              4       44.739105      0.77609263       1.0683372         13.168038            11.89996      0.84036842     -0.54273901       5.6245903        5.6245903        78.22903               78.22903
              2       44.761651      0.77167571       1.0697396          13.16739           11.902065       0.8438995     -0.54070696       5.6245903        5.6245903       78.274121              78.274121
              2       44.743051      0.77288122       1.0693569         13.167567            11.90149      0.84293577     -0.54126157       5.6245903        5.6245903       78.236921              78.236921
             13       44.746225      0.77288122       1.0758992         13.171801           11.903777      0.84095239     -0.54257459       5.6245903        5.6245903        78.24327               78.24327
             10        44.72341      0.77448003       1.0753915         13.172035           11.903015      0.83967422     -0.54331015       5.6245903        5.6245903       78.197639              78.197639
              2       45.106932      0.77448003       1.0146971         13.187884           11.919706      0.85451334     -0.55258096       5.6245903        5.6245903       78.964684              78.964684
              5       45.404965      0.76184272       1.0187095         13.186032           11.925728      0.86461618     -0.54676703       5.6245903        5.6245903        79.56075               79.56075
              4        46.79786      0.76184272       1.0911469         13.180805           11.908814      0.86211764     -0.55452574       5.6245903        5.6245903       82.346539              82.346539
              1        46.40949      0.76184272         1.09351         13.183384           11.911998      0.85292019     -0.53804296       5.6245903        5.6245903       81.569799              81.569799
              2       45.951468      0.76184272       1.0918343         13.193789           11.921415      0.86263915     -0.53291187       5.6245903        5.6245903       80.653755              80.653755
              6       46.440076      0.76184272        1.083533         13.199826           11.925227       0.8595071     -0.53506891       5.6245903        5.6245903       81.630972              81.630972
              1        46.45195      0.76184272       1.0902295         13.198686           11.923487      0.86143843     -0.53965399       5.6245903        5.6245903       81.654719              81.654719
              4       46.227215      0.76184272       1.1583985         13.226005           11.939114      0.85652802     -0.53175269       5.6245903        5.6245903        81.20525               81.20525
              1       46.126173      0.76184272       1.1632727         13.224591           11.938639      0.85542694     -0.52310957       5.6245903        5.6245903       81.003166              81.003166
              3       45.937328      0.76184272       1.1616751         13.228594           11.942398      0.86003919     -0.52295208       5.6245903        5.6245903       80.625475              80.625475
              2       46.371806      0.76184272       1.2044381         13.198824           11.914823      0.86656669     -0.54972063       5.6245903        5.6245903       81.494432              81.494432
              2       46.263603      0.76410874       1.2037186         13.199156           11.913743      0.86475513     -0.55076313       5.6245903        5.6245903       81.278026              81.278026
              1       46.167251      0.76410874       1.1897128         13.186132           11.906746      0.85363132     -0.52499463       5.6245903        5.6245903       81.085322              81.085322
              1       47.373792      0.76410874       1.1265937         13.201842           11.926129      0.83100432      -0.4686957       5.6245903        5.6245903       83.498403              83.498403
              2       45.812946      0.76410874       1.0856615         13.233884           11.956934      0.86029358     -0.48264809       5.6245903        5.6245903       80.376711              80.376711
              1       45.621388      0.76410874       1.0700939          13.24685           11.967939      0.83581518     -0.48480958       5.6245903        5.6245903       79.993595              79.993595
              1       45.801541      0.76410874         1.03127         13.237785           11.964128      0.82869242     -0.48642353       5.6245903        5.6245903       80.353901              80.353901
              1       45.840415      0.76410874       1.0257461           13.2429           11.966077      0.82801919     -0.49493084       5.6245903        5.6245903        80.43165               80.43165
              2       45.316183      0.76410874       1.0411488         13.224271            11.95469      0.85340985      -0.5118331       5.6245903        5.6245903       79.383186              79.383186
              1       45.310019      0.77762914        1.036856         13.226252           11.948247      0.84260104     -0.51805331       5.6245903        5.6245903       79.370858              79.370858
              7       45.267701      0.77762914       1.0352947         13.226639           11.947421      0.84955229     -0.52010299       5.6245903        5.6245903       79.286221              79.286221
              2       44.916631      0.76262906       1.0400574         13.224441           11.954569      0.86154404     -0.51320204       5.6245903        5.6245903       78.584082              78.584082
              1       44.939416      0.76262906       1.0481728         13.221451           11.952967      0.85964874     -0.50283486       5.6245903        5.6245903       78.629652              78.629652
              3       45.397748      0.76262906       1.0138103         13.230969           11.963852      0.85694148     -0.48793944       5.6245903        5.6245903       79.546316              79.546316
              1       46.142553      0.76262906       1.0428797         13.249357           11.978279       0.8781877     -0.49544138       5.6245903        5.6245903       81.035926              81.035926
              3       47.275558      0.76262906       1.0822678         13.237567           11.965611      0.91595254     -0.50445503       5.6245903        5.6245903       83.301935              83.301935
              3        47.61812      0.76262906       1.0687961         13.226185           11.945104      0.93981486     -0.60303203       5.6245903        5.6245903        83.98706               83.98706
              5       47.671079      0.76262906        1.068238         13.225936           11.945109      0.94082745     -0.60251204       5.6245903        5.6245903       84.092977              84.092977
              4       47.996453      0.76262906        1.058099         13.237883           11.953986      0.94752335     -0.61389002       5.6245903        5.6245903       84.743726              84.743726
              1       49.196629      0.76262906        0.949831         13.247131            11.97098      0.96105848     -0.62305748       5.6245903        5.6245903       87.144077              87.144077
              7       48.668976      0.76262906      0.89338183         13.237952           11.975388      0.93055897     -0.55877265       5.6245903        5.6245903       86.088771              86.088771
              1       48.823315      0.76262906      0.94602001          13.20993           11.950934      0.94256386     -0.56620928       5.6245903        5.6245903        86.39745               86.39745
              2       49.686524      0.76262906      0.92493851         13.208681           11.956782       0.9490019     -0.56545316       5.6245903        5.6245903       88.123867              88.123867
              1       49.600758      0.76218169      0.92508056         13.208615           11.956995      0.94935955     -0.56524734       5.6245903        5.6245903       87.952335              87.952335
              4       49.607432      0.76218169      0.93554482          13.20625           11.951936      0.95860217     -0.58423139       5.6245903        5.6245903       87.965684              87.965684
              5       50.503359      0.76218169      0.92764532         13.192144           11.937644      0.96755892     -0.61444933       5.6245903        5.6245903       89.757537              89.757537
              3        50.68898      0.76218169      0.96482088         13.173727           11.921604      0.96465423     -0.62971519       5.6245903        5.6245903       90.128779              90.128779
              2       48.977264      0.76218169       1.0371107         13.186849           11.925856      0.95798758     -0.61982285       5.6245903        5.6245903       86.705348              86.705348
              1       48.883251      0.76218169       1.0363645         13.186121           11.925378      0.95700988     -0.61889749       5.6245903        5.6245903       86.517322              86.517322
              4       48.542435      0.75956433       1.0371955         13.185738           11.926625      0.95910231     -0.61769335       5.6245903        5.6245903        85.83569               85.83569
              1       47.819754      0.74107521        1.043066         13.183028           11.935436      0.97388336     -0.60918723       5.6245903        5.6245903       84.390327              84.390327
              2       47.891129      0.74107521       1.0384188         13.184234           11.936293      0.97487046      -0.6115238       5.6245903        5.6245903       84.533077              84.533077
              1       48.035879      0.74107521       1.0396892         13.180443           11.932365      0.97647527      -0.6174552       5.6245903        5.6245903       84.822578              84.822578
              1        48.37595      0.73525977       1.0415356         13.179591           11.935136      0.98112439     -0.61477974       5.6245903        5.6245903       85.502719              85.502719
              3       50.702841      0.73525977      0.99843282         13.184013           11.935944      0.94143937     -0.62241244       5.6245903        5.6245903       90.156502              90.156502
              1       50.656753      0.73525977       1.0338335         13.171675           11.923054      0.91748132     -0.55478874       5.6245903        5.6245903       90.064326              90.064326
              4       49.143553      0.76992385       1.0228274         13.176755           11.906535      0.88976928     -0.57073633       5.6245903        5.6245903       87.037926              87.037926
              1       49.971765      0.76992385      0.96041182         13.189478           11.917023      0.88234965     -0.59482266       5.6245903        5.6245903        88.69435               88.69435
              1       51.069882      0.76992385      0.92489558         13.162956           11.901387      0.88626098     -0.59621788       5.6245903        5.6245903       90.890583              90.890583
              1       51.257373      0.76400693      0.92677426         13.162089           11.904207      0.89099124     -0.59349574       5.6245903        5.6245903       91.265566              91.265566
              6       51.609213      0.76400693      0.97485355         13.167898           11.901773      0.88372076     -0.59713414       5.6245903        5.6245903       91.969246              91.969246
              2       50.043914      0.76400693      0.94876849         13.178801           11.916433      0.92881898     -0.65170722       5.6245903        5.6245903       88.838648              88.838648
              4       49.072844      0.76400693      0.94400189         13.178112           11.919815      0.93067768     -0.63080602       5.6245903        5.6245903       86.896508              86.896508
              1       48.955672       0.7520244      0.94780645         13.176356           11.925525      0.94025706     -0.62529332       5.6245903        5.6245903       86.662164              86.662164
              3       48.665313       0.7520244      0.97379971         13.176848           11.921992      0.94103335       -0.616597       5.6245903        5.6245903       86.081445              86.081445
              2       47.773323       0.7520244      0.95921579         13.185418           11.931366      0.92468843      -0.5917831       5.6245903        5.6245903       84.297466              84.297466
              1       47.956047       0.7520244      0.91582724         13.163921           11.926999      0.91946078     -0.54938881       5.6245903        5.6245903       84.662914              84.662914
              2        47.95849       0.7520244      0.91567011         13.163858           11.926974      0.91981142      -0.5502018       5.6245903        5.6245903         84.6678                84.6678
              1       46.941376       0.7520244      0.95658889         13.170174           11.930776      0.92682312     -0.54599449       5.6245903        5.6245903       82.633572              82.633572
              1       47.797338       0.7520244      0.95850206         13.146144           11.911151      0.88621425     -0.54442451       5.6245903        5.6245903       84.345495              84.345495
              1       47.434975      0.75776716      0.95667869         13.146985           11.908414      0.88162323     -0.54706652       5.6245903        5.6245903        83.62077               83.62077
              1       47.723227      0.75776716       1.0726913          13.10126           11.859069      0.83496899     -0.50425443       5.6245903        5.6245903       84.197273              84.197273
              2       47.607986      0.75776716       1.0596975         13.099842            11.86105      0.82935086     -0.48954474       5.6245903        5.6245903       83.966791              83.966791
              2       46.230401      0.75776716       1.1360318         13.090202           11.851201      0.83924512     -0.50609663       5.6245903        5.6245903       81.211621              81.211621
              1        46.20333      0.75776716       1.1318637         13.092685           11.853697      0.83999823     -0.50537348       5.6245903        5.6245903        81.15748               81.15748
              1       46.855405      0.75776716       1.1342547         13.088519           11.852397      0.83420017     -0.49650348       5.6245903        5.6245903        82.46163               82.46163
              1       47.440642      0.75776716       1.0885461         13.081087           11.852241      0.81930239     -0.45735387       5.6245903        5.6245903       83.632103              83.632103
              2       46.991157      0.76592162        1.085957         13.082282           11.848355      0.81278335     -0.46110542       5.6245903        5.6245903       82.733133              82.733133
              1       49.257285      0.76592162       1.0179529         13.067278           11.841296      0.80276071      -0.4795767       5.6245903        5.6245903       87.265389              87.265389
              1       46.734013      0.76592162       1.1802659         13.049237           11.816227       0.8452759     -0.48208723       5.6245903        5.6245903       82.218845              82.218845
              3       46.515163      0.76592162       1.1991135         13.048598            11.81367      0.84384826     -0.49302926       5.6245903        5.6245903       81.781146              81.781146
              4        46.43276      0.76592162       1.1998113         13.049294           11.813843      0.84334356     -0.49325463       5.6245903        5.6245903        81.61634               81.61634
              1       46.417592      0.75840217       1.2021988         13.048192           11.817426      0.84935494     -0.48979522       5.6245903        5.6245903       81.586003              81.586003
              1       46.855146      0.75840217       1.2354817         13.041393            11.81126      0.87350362     -0.48850694       5.6245903        5.6245903       82.461112              82.461112
              8       46.527616      0.75840217       1.2760721          13.04795           11.809998      0.88699447     -0.52135674       5.6245903        5.6245903       81.806052              81.806052
              1       46.284509      0.75840217       1.2613398         13.056171           11.816426      0.88800455     -0.52720362       5.6245903        5.6245903       81.319838              81.319838
              4       46.659081      0.75840217       1.2909857         13.059846           11.816254      0.89944028     -0.53754102       5.6245903        5.6245903       82.068982              82.068982
              1       47.275458      0.75840217       1.2872398         13.064974           11.820902       0.9011984      -0.5209305       5.6245903        5.6245903       83.301736              83.301736
              2       47.607679      0.75840217       1.2369921         13.075713           11.828844      0.92920164     -0.57392008       5.6245903        5.6245903       83.966178              83.966178
              2        47.39597      0.74202013       1.2421936         13.073313           11.836651      0.94229819     -0.56638334       5.6245903        5.6245903        83.54276               83.54276
              5       46.906675      0.74202013       1.1684747         13.085435           11.851797      0.91793152     -0.55310066       5.6245903        5.6245903        82.56417               82.56417
              6       45.643185      0.74202013       1.1510238         13.131315           11.889346      0.94703775     -0.56207335       5.6245903        5.6245903        80.03719               80.03719
              1       46.104252      0.74202013       1.2026031         13.140095           11.889885      0.94451672     -0.55085871       5.6245903        5.6245903       80.959323              80.959323
              1       45.647589      0.74202013       1.1318598         13.166922           11.915453      0.92532918     -0.53230768       5.6245903        5.6245903       80.045997              80.045997
              1       46.101297      0.73506713       1.1340674         13.165903           11.918767      0.93088772     -0.52910888       5.6245903        5.6245903       80.953414              80.953414
              4       45.566895      0.74463891       1.1310283         13.167306           11.914205      0.92323561     -0.53351248       5.6245903        5.6245903        79.88461               79.88461
              2       46.264085      0.74463891       1.1373071         13.164648           11.907939      0.92042708     -0.56877749       5.6245903        5.6245903       81.278989              81.278989
              2       47.692592      0.74463891      0.98561663         13.188677           11.945656      0.87276661     -0.50632876       5.6245903        5.6245903       84.136004              84.136004
              3       49.423899      0.74463891       1.0276179         13.231889           11.969354      0.87485728     -0.54573255       5.6245903        5.6245903       87.598617              87.598617
              3       49.377113      0.74463891        1.043479         13.232959           11.964731      0.84106083     -0.50220823       5.6245903        5.6245903       87.505045              87.505045
              2       49.960834      0.74463891       1.0478041         13.216863           11.950515      0.84268002     -0.52281405       5.6245903        5.6245903       88.672487              88.672487
              5        49.18899      0.74830065       1.0466414           13.2174            11.94877      0.83975265     -0.52449868       5.6245903        5.6245903         87.1288                87.1288
              1       51.196241      0.74830065      0.92768201         13.249966           11.985391       0.8145044     -0.47204664       5.6245903        5.6245903       91.143302              91.143302
              1       49.793787      0.74830065         1.03939          13.29756           12.008629      0.84506134     -0.47693483       5.6245903        5.6245903       88.338394              88.338394
              2       49.880936      0.74760131        1.039612         13.297458           12.008962      0.84562043     -0.47661309       5.6245903        5.6245903        88.51269               88.51269
              1        49.57248      0.74760131       1.0553303         13.275674           11.992584      0.84493709      -0.4698291       5.6245903        5.6245903        87.89578               87.89578
              1       51.547664      0.74760131       1.0574784         13.269522           11.996334      0.82802639     -0.46791805       5.6245903        5.6245903       91.846148              91.846148
              2       51.791307      0.74760131       1.0453368         13.270565           11.999141      0.82561706     -0.45819958       5.6245903        5.6245903       92.333433              92.333433
              2       52.187109      0.74760131       1.1281007         13.280756           12.001772      0.82791674     -0.43527066       5.6245903        5.6245903       93.125037              93.125037
              1       48.143118      0.77854541       1.1182757          13.28529           11.987025      0.80317862     -0.44950683       5.6245903        5.6245903       85.037055              85.037055
              1       48.461848      0.77854541       1.1194872         13.285769           11.987587      0.79686729     -0.43926089       5.6245903        5.6245903       85.674515              85.674515
              2       48.494418      0.77854541       1.1196328          13.28599           11.987838      0.79719719     -0.43890362       5.6245903        5.6245903       85.739655              85.739655
              2       48.471102      0.77854541       1.0492966         13.237973           11.962067      0.78355662     -0.40269277       5.6245903        5.6245903       85.693024              85.693024
              1       46.520236      0.77854541       1.0768022         13.225398           11.946294      0.79419896     -0.43620306       5.6245903        5.6245903       81.791292              81.791292
              1       46.308248      0.77854541        1.082124         13.247179           11.959974      0.80003566     -0.45171901       5.6245903        5.6245903       81.367316              81.367316
              1        46.32218      0.77049246       1.0846808         13.245999           11.963812      0.80647355     -0.44801416       5.6245903        5.6245903        81.39518               81.39518
              1       46.427837      0.77049246       1.0026862         13.252539           11.976344       0.8221851     -0.45453856       5.6245903        5.6245903       81.606493              81.606493
              2       46.598074      0.77049246       1.0212026         13.254226           11.976912      0.83112067      -0.4521375       5.6245903        5.6245903       81.946967              81.946967
              1       46.512505      0.75953325       1.0246822          13.25262           11.982135      0.83988196     -0.44709559       5.6245903        5.6245903        81.77583               81.77583
              2       46.863528      0.75953325      0.99761621         13.252009           11.985655      0.84652748     -0.44400225       5.6245903        5.6245903       82.477875              82.477875
              2       46.480334      0.75953325       1.0422922         13.234847           11.971207      0.85730042      -0.4463258       5.6245903        5.6245903       81.711488              81.711488
              1       46.449439      0.75953325       1.0461916         13.234637           11.970284      0.84873114     -0.44546799       5.6245903        5.6245903       81.649698              81.649698
              2       47.107122      0.75953325       1.0123923         13.231319           11.971342       0.8397415     -0.43506133       5.6245903        5.6245903       82.965063              82.965063
              2       47.059037      0.76369825       1.0110699         13.231929           11.969357       0.8364118     -0.43697749       5.6245903        5.6245903       82.868893              82.868893
              2       46.078856      0.76369825      0.97932326         13.231998           11.964256      0.83309361     -0.47806318       5.6245903        5.6245903       80.908532              80.908532
              1       45.953387      0.76369825      0.99550723         13.232851           11.966319      0.84154313      -0.4686354       5.6245903        5.6245903       80.657594              80.657594
              1       46.193466      0.76369825       0.9962025         13.263686           11.987764       0.8496406     -0.47108834       5.6245903        5.6245903       81.137752              81.137752
              3       45.960792      0.76369825       1.0020258         13.267214           11.990325      0.85270625      -0.4835133       5.6245903        5.6245903       80.672404              80.672404
              3       45.790716      0.76369825      0.97482273         13.267496           11.990691       0.8726027     -0.52397043       5.6245903        5.6245903       80.332251              80.332251
