#        weight    minuslogpost          sigma8        ygk_Ahmc ygk_LOWZ__2_lM1_0 ygk_LOWZ__2_lMmin_0   ygk_mass_bias       ygk_rhogy   minuslogprior minuslogprior__0            chi2 chi2__ygk_like.ygkLike
              1       63.388185      0.73317378       1.0323471         13.109466           11.878137      0.76767579      -0.4936957       5.6245903        5.6245903       115.52719              115.52719
              3       60.220235      0.73317378        1.043845         13.117604            11.89014      0.76837119     -0.44418362       5.6245903        5.6245903       109.19129              109.19129
              1       59.648942      0.73317378        1.051238         13.128847           11.895353      0.76505804     -0.42142668       5.6245903        5.6245903        108.0487               108.0487
              3       57.173343      0.73317378       1.0918308         13.120608           11.898905      0.79267403     -0.40550325       5.6245903        5.6245903       103.09751              103.09751
              3       55.249485      0.73317378       1.0602561         13.105486           11.893336      0.79386018     -0.35956819       5.6245903        5.6245903        99.24979               99.24979
              6       53.321819      0.73317378       1.0689918         13.110253           11.891672      0.80183924     -0.35152806       5.6245903        5.6245903       95.394458              95.394458
              1       54.547451      0.73317378       1.0898489         13.105494           11.881435      0.79569167     -0.37869061       5.6245903        5.6245903       97.845721              97.845721
              1       54.452265      0.73317378       1.0855233         13.100389           11.884526      0.79621973     -0.38357106       5.6245903        5.6245903       97.655349              97.655349
              3       57.059768      0.73317378        1.060183         13.095156           11.874641      0.78112229     -0.37079188       5.6245903        5.6245903       102.87036              102.87036
              3       56.039778      0.73317378       1.0663334         13.098602           11.878874      0.78012197     -0.36250018       5.6245903        5.6245903       100.83038              100.83038
              1       52.673431      0.74286609       1.0663334         13.098602           11.878874      0.78012197     -0.36250018       5.6245903        5.6245903       94.097681              94.097681
              1       53.250733      0.74286609       1.0642456         13.097154           11.878627      0.77642647      -0.3598231       5.6245903        5.6245903       95.252285              95.252285
              2        52.77261      0.74286609       1.0874568         13.093905           11.871027      0.77552109     -0.35655572       5.6245903        5.6245903        94.29604               94.29604
              4       52.713696      0.74286609       1.0941005         13.092349           11.872316      0.77935438     -0.36850741       5.6245903        5.6245903        94.17821               94.17821
              6        52.77841      0.74286609       1.0936193         13.092217            11.87223      0.77902263      -0.3691689       5.6245903        5.6245903        94.30764               94.30764
              2       52.450988      0.74286609       1.0893783         13.089691           11.866319      0.78019441     -0.38101758       5.6245903        5.6245903       93.652796              93.652796
              1       52.578491      0.74286609       1.1086867         13.081255           11.861824      0.78334262     -0.38901737       5.6245903        5.6245903       93.907801              93.907801
              3       52.854706      0.74286609       1.1123208         13.088334           11.860852      0.77899919     -0.41476372       5.6245903        5.6245903       94.460232              94.460232
              1       52.734092        0.758308       1.1123208         13.088334           11.860852      0.77899919     -0.41476372       5.6245903        5.6245903       94.219003              94.219003
              1       50.364933        0.758308       1.1016705         13.087786            11.86065       0.7808572     -0.39532362       5.6245903        5.6245903       89.480686              89.480686
              3       51.043438        0.758308       1.0817286         13.088647           11.862978      0.78296961     -0.40686272       5.6245903        5.6245903       90.837696              90.837696
              3       49.225497        0.758308       1.0800309         13.087533           11.858532      0.78274253     -0.40801616       5.6245903        5.6245903       87.201813              87.201813
              2       49.163234        0.758308       1.0881042          13.08545           11.852131      0.78639651     -0.41148068       5.6245903        5.6245903       87.077288              87.077288
              4          48.286        0.758308       1.0751353           13.0907           11.857131      0.80043685     -0.43204725       5.6245903        5.6245903        85.32282               85.32282
              1       48.301238        0.758308       1.0934669         13.093169           11.857277      0.80214838     -0.42686714       5.6245903        5.6245903       85.353295              85.353295
              1       48.782045        0.758308       1.0971218         13.085698           11.850723      0.80434896     -0.42772465       5.6245903        5.6245903        86.31491               86.31491
              3       49.360615        0.758308       1.0962098         13.086983           11.850515      0.80807157     -0.43184462       5.6245903        5.6245903        87.47205               87.47205
              1       48.000859        0.758308       1.1146833         13.088768            11.85766      0.80550997     -0.43522397       5.6245903        5.6245903       84.752537              84.752537
              3       47.836179        0.758308       1.1106521         13.091317           11.858927      0.80562023     -0.44149202       5.6245903        5.6245903       84.423178              84.423178
              1       50.422657        0.758308       1.1213863          13.09827           11.854653      0.81730896     -0.43971633       5.6245903        5.6245903       89.596134              89.596134
              7       49.362414        0.758308       1.1155804         13.100459           11.859742      0.81876353     -0.42820292       5.6245903        5.6245903       87.475647              87.475647
              2        48.59404      0.77400931       1.1155804         13.100459           11.859742      0.81876353     -0.42820292       5.6245903        5.6245903       85.938899              85.938899
              5       49.055574      0.77400931       1.1130028         13.102435            11.85833      0.82406901     -0.43128674       5.6245903        5.6245903       86.861968              86.861968
              2       47.321691      0.77400931       1.1095746         13.103014           11.858926      0.81461504     -0.44076107       5.6245903        5.6245903       83.394201              83.394201
              1       47.601644      0.77400931       1.1139308         13.104517           11.861919      0.81658067     -0.44906194       5.6245903        5.6245903       83.954108              83.954108
              1       46.718805      0.77400931       1.1255758         13.105795           11.858366      0.81522211     -0.44843525       5.6245903        5.6245903        82.18843               82.18843
              4       46.690349      0.77400931       1.1254438         13.101259           11.855972      0.81626342     -0.45425548       5.6245903        5.6245903       82.131518              82.131518
              1       47.752864      0.77400931       1.1370393         13.103975           11.859068       0.8139066     -0.46575148       5.6245903        5.6245903       84.256547              84.256547
              2       46.841921      0.77400931       1.1363264         13.104532           11.858053      0.81450173     -0.46752627       5.6245903        5.6245903       82.434662              82.434662
              2       46.208703      0.77400931       1.1393862         13.108499           11.859472      0.81722898     -0.46061212       5.6245903        5.6245903       81.168226              81.168226
              2       48.081983      0.77400931       1.1445234         13.119937           11.868556      0.81067391     -0.48625284       5.6245903        5.6245903       84.914785              84.914785
              1        45.77511      0.77400931       1.1492407         13.120336           11.864926        0.816913     -0.49611949       5.6245903        5.6245903        80.30104               80.30104
              4       44.913713      0.77400931       1.1569582         13.121426            11.86145      0.81398027     -0.49455521       5.6245903        5.6245903       78.578246              78.578246
              4       45.054038      0.77400931       1.1546463         13.125872           11.864006       0.8115063     -0.48860014       5.6245903        5.6245903       78.858896              78.858896
              6       45.050324      0.77400931       1.1542217         13.125809           11.864037       0.8114764     -0.48850246       5.6245903        5.6245903       78.851467              78.851467
              1        45.37629      0.77400931       1.1608122         13.118454           11.858993       0.8046135     -0.47318116       5.6245903        5.6245903       79.503399              79.503399
              3       45.878662      0.77400931       1.1645917         13.117967           11.855233      0.80410807     -0.48159843       5.6245903        5.6245903       80.508144              80.508144
              3       46.080305      0.77400931       1.1899341         13.121148           11.861914      0.80149976     -0.48226589       5.6245903        5.6245903       80.911429              80.911429
              1       45.844875      0.77400931       1.1907535         13.122066           11.862047      0.80153462     -0.48195924       5.6245903        5.6245903        80.44057               80.44057
              4       45.324364      0.77400931       1.1948286         13.121994           11.860132      0.80797679     -0.49159441       5.6245903        5.6245903       79.399547              79.399547
              2       45.063313      0.77400931       1.1914426          13.12285           11.859224      0.80734215     -0.49027983       5.6245903        5.6245903       78.877445              78.877445
              2       46.375099      0.77400931       1.1864586         13.116852           11.853531      0.81832955     -0.48200098       5.6245903        5.6245903       81.501017              81.501017
              1       47.223886      0.77101827       1.1864586         13.116852           11.853531      0.81832955     -0.48200098       5.6245903        5.6245903       83.198592              83.198592
              2        46.43825      0.77101827       1.1805216         13.113981           11.861945      0.81691051     -0.47865082       5.6245903        5.6245903       81.627319              81.627319
              1        46.80643      0.77101827       1.1648466         13.115222           11.860616      0.80847622     -0.50311683       5.6245903        5.6245903       82.363679              82.363679
              1       45.880787      0.77101827       1.1613767         13.116558           11.860566      0.80964076     -0.50221774       5.6245903        5.6245903       80.512394              80.512394
              4       46.087804      0.77101827       1.1653671         13.119558           11.862563      0.80974348     -0.50474087       5.6245903        5.6245903       80.926427              80.926427
              2       48.627635      0.77101827        1.164421         13.118351           11.865721      0.80970033     -0.50052918       5.6245903        5.6245903       86.006089              86.006089
              2       45.176352      0.77101827       1.1427557         13.134016           11.871019      0.82442382       -0.502721       5.6245903        5.6245903       79.103524              79.103524
              2       44.934304      0.77101827       1.1434265         13.133365           11.871328      0.82447587     -0.50321093       5.6245903        5.6245903       78.619427              78.619427
              1       45.689908      0.77101827       1.1503859         13.136099            11.86968      0.82643925     -0.51155115       5.6245903        5.6245903       80.130636              80.130636
              1       44.968485      0.77101827        1.138796         13.136976           11.872616      0.82202822     -0.52654711       5.6245903        5.6245903       78.687789              78.687789
              1       44.941652      0.77101827       1.1357471         13.137579            11.87489      0.82572465     -0.52661763       5.6245903        5.6245903       78.634123              78.634123
              1       45.791395      0.77101827        1.140614         13.140189           11.879021      0.82377302     -0.52423725       5.6245903        5.6245903       80.333609              80.333609
              4       44.782569      0.77101827       1.1298016         13.137058           11.877029      0.83545054     -0.50520772       5.6245903        5.6245903       78.315957              78.315957
              2       44.915995      0.76922562       1.1298016         13.137058           11.877029      0.83545054     -0.50520772       5.6245903        5.6245903        78.58281               78.58281
              2       45.558681      0.76922562       1.1258694         13.136837           11.874719      0.83927441     -0.51315036       5.6245903        5.6245903       79.868181              79.868181
              1       44.882769      0.76922562       1.1312109         13.126095           11.869618      0.83421158     -0.51841339       5.6245903        5.6245903       78.516358              78.516358
              6       45.025319      0.76922562       1.1242133          13.12802           11.870181      0.82943145     -0.52502297       5.6245903        5.6245903       78.801457              78.801457
              4       45.394799      0.76922562       1.1171519         13.135479           11.873001      0.83480698     -0.52540213       5.6245903        5.6245903       79.540418              79.540418
              7       44.961139      0.76922562       1.1157152         13.133426           11.874461      0.83145136     -0.52775998       5.6245903        5.6245903       78.673098              78.673098
              2        44.98895      0.76922562       1.1053518         13.134306           11.875078      0.83055464     -0.52085783       5.6245903        5.6245903        78.72872               78.72872
              1        44.95254      0.76922562       1.1174225           13.1366            11.87751      0.83160925     -0.50422548       5.6245903        5.6245903       78.655899              78.655899
              2       45.643147      0.76922562       1.1174095         13.139689           11.877462       0.8314955     -0.50586343       5.6245903        5.6245903       80.037114              80.037114
              1       44.919219      0.76922562       1.1247363         13.137581           11.877702       0.8307491      -0.5231706       5.6245903        5.6245903       78.589258              78.589258
              3        45.61121      0.76922562       1.1113164         13.131514           11.870129      0.83599242     -0.52722034       5.6245903        5.6245903        79.97324               79.97324
              1       47.115349      0.76922562       1.1236874         13.126227           11.863121      0.82932382     -0.51864584       5.6245903        5.6245903       82.981516              82.981516
              1       47.388118      0.76922562       1.1224807         13.128455           11.863832      0.82700833     -0.52249746       5.6245903        5.6245903       83.527056              83.527056
              5       46.192609      0.76922562       1.1233305         13.128372           11.865331      0.82812431     -0.52453328       5.6245903        5.6245903       81.136037              81.136037
              1       46.136022      0.76922562       1.1356206         13.127779           11.869121      0.83060795     -0.54510831       5.6245903        5.6245903       81.022863              81.022863
              7       46.464155      0.76922562       1.1400464         13.135243           11.868143      0.84317899     -0.53797593       5.6245903        5.6245903       81.679129              81.679129
              1       45.046527      0.76922562        1.148441         13.130461           11.869621      0.84724982     -0.54649581       5.6245903        5.6245903       78.843874              78.843874
              1       45.203321      0.77109311        1.148441         13.130461           11.869621      0.84724982     -0.54649581       5.6245903        5.6245903       79.157461              79.157461
             11        45.20762      0.77109311       1.1389567         13.133016           11.867548      0.84683363     -0.56380855       5.6245903        5.6245903        79.16606               79.16606
              2       45.264522      0.77109311       1.1446893         13.133601           11.867008      0.84636979     -0.56503023       5.6245903        5.6245903       79.279863              79.279863
              6       45.248353      0.77109311       1.1494399         13.127655           11.864925      0.85521538     -0.56387861       5.6245903        5.6245903       79.247526              79.247526
              1       45.348495      0.77109311       1.1584819         13.127033           11.861583      0.85417145     -0.57005271       5.6245903        5.6245903        79.44781               79.44781
              8       45.694818      0.77109311       1.1561287         13.122739           11.861251      0.86097552      -0.5718743       5.6245903        5.6245903       80.140455              80.140455
              1       45.782916      0.77109311       1.1557517         13.122988           11.860189       0.8578847     -0.57679695       5.6245903        5.6245903       80.316652              80.316652
              5       45.636592      0.77109311       1.1545096         13.123274           11.857522      0.85908854     -0.57736526       5.6245903        5.6245903       80.024004              80.024004
              1       45.381467      0.77109311       1.1408102         13.118557           11.857224      0.85874446     -0.56996333       5.6245903        5.6245903       79.513753              79.513753
              3       45.977106      0.77109311        1.153411         13.115068           11.860469      0.87159067     -0.55262582       5.6245903        5.6245903       80.705032              80.705032
              1       45.370801      0.76824469        1.153411         13.115068           11.860469      0.87159067     -0.55262582       5.6245903        5.6245903       79.492422              79.492422
              3       45.170711      0.76824469       1.1557412          13.11567           11.859795      0.87048155     -0.54505588       5.6245903        5.6245903       79.092242              79.092242
              4       45.245742      0.76824469       1.1602619         13.115482           11.858515      0.87116534     -0.54644312       5.6245903        5.6245903       79.242303              79.242303
              1       46.749814      0.76824469       1.1450846         13.113967           11.856794       0.8760716     -0.53920663       5.6245903        5.6245903       82.250447              82.250447
              1       45.698922      0.76824469       1.1388353         13.101339           11.848363      0.86667565     -0.54542878       5.6245903        5.6245903       80.148663              80.148663
              7        45.57756      0.76824469       1.1463493         13.097714           11.846611      0.87278015     -0.55092736       5.6245903        5.6245903        79.90594               79.90594
              4       45.800683      0.76824469       1.1402678          13.09702           11.845266      0.87264668     -0.55208718       5.6245903        5.6245903       80.352185              80.352185
              1       45.634503      0.76824469       1.1412382         13.096583           11.845522       0.8727126     -0.55656012       5.6245903        5.6245903       80.019825              80.019825
              1       45.631637      0.76824469       1.1425674         13.096168           11.845531      0.87322518     -0.55607756       5.6245903        5.6245903       80.014093              80.014093
              5        46.41533      0.76824469       1.1560583         13.104221           11.846353       0.8710231     -0.55623713       5.6245903        5.6245903       81.581479              81.581479
              4       45.889181      0.76824469       1.1459146         13.095191           11.846586      0.87624786     -0.55656099       5.6245903        5.6245903       80.529181              80.529181
              2       46.174091      0.76824469       1.1440059         13.096112           11.844297      0.87770616     -0.57876642       5.6245903        5.6245903       81.099001              81.099001
              2       46.104986      0.76478467       1.1440059         13.096112           11.844297      0.87770616     -0.57876642       5.6245903        5.6245903       80.960792              80.960792
              5       46.120013      0.76478467       1.1412822         13.096587           11.844396      0.87805947     -0.57415073       5.6245903        5.6245903       80.990845              80.990845
              5       46.174394      0.76478467       1.1432305         13.094502           11.842753      0.87906755     -0.57230789       5.6245903        5.6245903       81.099607              81.099607
              3       46.160843      0.76478467       1.1427454         13.095183           11.844819      0.88228752     -0.55875825       5.6245903        5.6245903       81.072506              81.072506
              9       46.098038      0.76478467        1.101784         13.090568           11.845363      0.87126546      -0.5645793       5.6245903        5.6245903       80.946896              80.946896
             13        45.90258      0.76478467       1.1430522         13.092118           11.842184      0.87404807      -0.5647206       5.6245903        5.6245903        80.55598               80.55598
              2       47.342311      0.76478467       1.1278861         13.091116           11.840511      0.87062618      -0.5503535       5.6245903        5.6245903       83.435442              83.435442
              4       45.807914      0.76478467       1.1285838          13.09187           11.844944      0.87606895     -0.55503214       5.6245903        5.6245903       80.366648              80.366648
              1       45.739729      0.76478467       1.1228275         13.091654           11.846761      0.87560258     -0.55131121       5.6245903        5.6245903       80.230277              80.230277
              1       47.060658      0.76478467       1.1266451         13.089083           11.848382      0.87440336     -0.55363266       5.6245903        5.6245903       82.872136              82.872136
              3       45.821184      0.76478467       1.1276799         13.095222           11.846632       0.8635567     -0.56160736       5.6245903        5.6245903       80.393187              80.393187
              2        46.02482      0.76478467       1.1251395         13.092796           11.843206      0.86302306     -0.56349789       5.6245903        5.6245903        80.80046               80.80046
              1       46.025995      0.76478467       1.1076997         13.087559           11.842484      0.85912881     -0.55603658       5.6245903        5.6245903        80.80281               80.80281
              6       46.038787      0.76478467       1.1067286         13.087678           11.842346      0.85999082     -0.55622609       5.6245903        5.6245903       80.828394              80.828394
              5       46.022539      0.76478467       1.1055531         13.089427           11.843676      0.86329578     -0.55765832       5.6245903        5.6245903       80.795897              80.795897
              1       46.067264      0.76478467       1.1092349         13.093787           11.846837      0.86495443     -0.56593501       5.6245903        5.6245903       80.885347              80.885347
              3       46.391552      0.76478467       1.1036216         13.093299             11.8447      0.86376638      -0.5736781       5.6245903        5.6245903       81.533923              81.533923
              3       46.432251      0.76478467       1.0734749         13.098081            11.85439      0.86269226      -0.5630698       5.6245903        5.6245903       81.615322              81.615322
              3       46.740766      0.76478467       1.0570252         13.102593           11.857106      0.85952004     -0.53731453       5.6245903        5.6245903       82.232352              82.232352
              1       45.940169      0.76478467       1.0618124         13.104586           11.860604      0.86078811     -0.53650436       5.6245903        5.6245903       80.631157              80.631157
              4       46.282507      0.76478467       1.0615322         13.104768           11.859798      0.86282279     -0.53546862       5.6245903        5.6245903       81.315833              81.315833
              1       46.235044      0.76478467       1.0515176         13.099855           11.858525       0.8635671     -0.53434555       5.6245903        5.6245903       81.220908              81.220908
              1       46.519398      0.76478467       1.0661285         13.093699           11.855221      0.87165237     -0.54820204       5.6245903        5.6245903       81.789616              81.789616
              2        46.53376      0.76478467       1.0661505         13.093679           11.855252      0.87164336     -0.54819335       5.6245903        5.6245903       81.818339              81.818339
              1       48.361356      0.76478467       1.0673584         13.091599            11.84699      0.87359766     -0.54149616       5.6245903        5.6245903       85.473532              85.473532
              1       47.178188      0.76478467       1.0805638         13.089601           11.854805      0.89127767     -0.52844032       5.6245903        5.6245903       83.107195              83.107195
              5       47.816352      0.76478467       1.0822535         13.094225           11.856263      0.88774671     -0.51168495       5.6245903        5.6245903       84.383524              84.383524
              2       47.358365      0.76478467       1.0819553         13.094025           11.859181       0.8875141     -0.51101012       5.6245903        5.6245903       83.467549              83.467549
              1       47.003252      0.76478467       1.0840649         13.100077           11.859806      0.88480518     -0.51744505       5.6245903        5.6245903       82.757324              82.757324
              3       47.389311      0.76478467       1.0748128         13.100388           11.859645      0.88447996     -0.51882334       5.6245903        5.6245903       83.529442              83.529442
              4       47.273889      0.76478467       1.0744083         13.100437           11.859215      0.88385591     -0.52175539       5.6245903        5.6245903       83.298598              83.298598
              1       46.542628      0.76478467       1.0730914         13.097633           11.860089      0.88213055     -0.52535975       5.6245903        5.6245903       81.836075              81.836075
              6       46.968188      0.76478467       1.0906579         13.096199           11.859715      0.88331057     -0.52993639       5.6245903        5.6245903       82.687195              82.687195
              9       45.750388      0.76478467       1.0653813         13.116927           11.872718      0.86694981     -0.53783048       5.6245903        5.6245903       80.251595              80.251595
              1       45.713806      0.76478467       1.0651858         13.116154            11.86999      0.87006516     -0.53519828       5.6245903        5.6245903       80.178431              80.178431
              2       46.889588      0.76478467       1.0739232         13.116171           11.876747       0.8730939     -0.52085476       5.6245903        5.6245903       82.529996              82.529996
              6        45.84314      0.76478467        1.060565         13.127548           11.877357      0.88029785     -0.56887394       5.6245903        5.6245903         80.4371                80.4371
              2       46.029691      0.76478467       1.0600693         13.127767           11.879347       0.8824876      -0.5657269       5.6245903        5.6245903       80.810201              80.810201
              1       46.331799      0.76478467        1.064154         13.133971           11.878071      0.88481141     -0.57004967       5.6245903        5.6245903       81.414417              81.414417
              2       45.919022      0.76478467       1.0618154         13.132973           11.878981      0.88615327     -0.57617506       5.6245903        5.6245903       80.588863              80.588863
              1         47.6591      0.76478467       1.0746724         13.134516           11.872252        0.877447     -0.59434516       5.6245903        5.6245903        84.06902               84.06902
              1       46.441482      0.76478467       1.0779941         13.135662           11.876529      0.87603064     -0.59522546       5.6245903        5.6245903       81.633784              81.633784
              3       46.455573      0.76478467       1.0776169          13.13569           11.876573      0.87600954     -0.59550749       5.6245903        5.6245903       81.661965              81.661965
              2       46.186386      0.76478467       1.0647078          13.13101           11.876178      0.86038942     -0.57571049       5.6245903        5.6245903       81.123591              81.123591
              1       46.043729      0.76478467       1.0654193         13.130641           11.875179      0.86041889     -0.57153603       5.6245903        5.6245903       80.838277              80.838277
              2       45.590269      0.76478467       1.0744136         13.135051            11.88151      0.87192849     -0.56576754       5.6245903        5.6245903       79.931357              79.931357
              2       45.544871      0.76478467       1.0729526         13.134605           11.880773      0.87287067       -0.566409       5.6245903        5.6245903       79.840562              79.840562
              7       46.227984      0.76478467       1.0747208         13.132433           11.882887      0.87722051     -0.56154336       5.6245903        5.6245903       81.206788              81.206788
              1       46.559443      0.76478467       1.0798376         13.131649           11.882355      0.87632281     -0.56228476       5.6245903        5.6245903       81.869705              81.869705
              1       45.681273      0.76478467       1.0681228         13.127803           11.875638      0.86741052     -0.56442911       5.6245903        5.6245903       80.113365              80.113365
              3       45.665295      0.76478467       1.0682055         13.128047           11.875712       0.8672023     -0.56409255       5.6245903        5.6245903       80.081409              80.081409
              2       46.845482      0.76478467       1.0516822         13.128992           11.873463       0.8585409     -0.55852255       5.6245903        5.6245903       82.441783              82.441783
              5       45.583508      0.76478467        1.051933         13.134002           11.882344      0.85785751     -0.55109381       5.6245903        5.6245903       79.917836              79.917836
              6       47.309022      0.75711927        1.051933         13.134002           11.882344      0.85785751     -0.55109381       5.6245903        5.6245903       83.368863              83.368863
              8       47.488165      0.75711927       1.0512399         13.134048            11.88253      0.85837045      -0.5439518       5.6245903        5.6245903       83.727149              83.727149
              3       46.584897      0.75711927       1.0448429         13.123753           11.878997      0.85976516     -0.54656979       5.6245903        5.6245903       81.920613              81.920613
              3       46.786781      0.75711927        1.038697         13.126379           11.880531      0.86079484     -0.55211015       5.6245903        5.6245903       82.324381              82.324381
              6       46.774061      0.75711927       1.0416989         13.123868            11.88203      0.86783857     -0.55330641       5.6245903        5.6245903       82.298941              82.298941
              1       46.742112      0.75711927       1.0426565          13.12335           11.881787      0.86942158     -0.55345459       5.6245903        5.6245903       82.235043              82.235043
              5       45.371525      0.75711927       1.0752429         13.134507           11.889732      0.87004275     -0.52438844       5.6245903        5.6245903       79.493869              79.493869
              3       46.263415      0.75711927       1.0836105         13.128888           11.883315      0.87807323     -0.50749859       5.6245903        5.6245903        81.27765               81.27765
              8       46.098566      0.75711927        1.083218         13.128438           11.883658      0.87920262     -0.50683342       5.6245903        5.6245903       80.947952              80.947952
              3        46.19824      0.75711927       1.0992648         13.114683           11.871782      0.87581692     -0.50759394       5.6245903        5.6245903         81.1473                81.1473
              2       46.227484      0.75711927       1.0967589         13.114258           11.871769      0.87452865     -0.50596795       5.6245903        5.6245903       81.205788              81.205788
              4       45.943707      0.75711927        1.104077         13.114356           11.877008      0.87610899     -0.51082935       5.6245903        5.6245903       80.638234              80.638234
              6       45.848651      0.75711927       1.1173977         13.120959           11.872339      0.86755843     -0.52149517       5.6245903        5.6245903       80.448122              80.448122
              2       45.320139      0.75711927       1.1227238         13.128295           11.878881      0.87689518     -0.52300327       5.6245903        5.6245903       79.391098              79.391098
              1        45.92589      0.75711927       1.1613617         13.135764           11.879316      0.87513343     -0.52036036       5.6245903        5.6245903         80.6026                80.6026
              5       44.825366      0.75711927       1.1635027         13.133209            11.88217      0.87698073     -0.51973716       5.6245903        5.6245903       78.401552              78.401552
              4       44.829236      0.75711927       1.1599749          13.13401           11.882344      0.87674482     -0.51547966       5.6245903        5.6245903       78.409292              78.409292
              1       44.772565      0.75711927       1.1751969          13.14063           11.887723      0.87723931     -0.50861648       5.6245903        5.6245903        78.29595               78.29595
              3       45.018111      0.75711927       1.1826863          13.13445           11.883379      0.87122883      -0.5084499       5.6245903        5.6245903       78.787042              78.787042
              1       46.145258      0.75711927       1.1916468         13.136584           11.877042      0.87631679     -0.52143489       5.6245903        5.6245903       81.041335              81.041335
              5       44.951394      0.75711927       1.1859756         13.133319           11.878768      0.87659623     -0.53042624       5.6245903        5.6245903       78.653607              78.653607
              6       45.347157      0.75711927       1.1840301         13.124212           11.874378      0.87620547     -0.52937995       5.6245903        5.6245903       79.445134              79.445134
              1       45.168746      0.75711927       1.2104345         13.132621           11.874485      0.87871721     -0.53650251       5.6245903        5.6245903       79.088311              79.088311
              1       45.124699      0.75711927       1.2100433         13.133174            11.87547      0.87820039     -0.53601045       5.6245903        5.6245903       79.000217              79.000217
              2       45.394236      0.75711927       1.2318415         13.126424           11.875341      0.87827282     -0.48698145       5.6245903        5.6245903       79.539291              79.539291
              2       45.404082      0.75711927       1.2293382         13.127139           11.876958      0.87809257      -0.4899787       5.6245903        5.6245903       79.558983              79.558983
              2       45.552164      0.75711927       1.2339243         13.125482           11.875438      0.89152893     -0.50190096       5.6245903        5.6245903       79.855147              79.855147
              1       45.519065      0.75711927       1.2341962          13.12557            11.87528      0.89139823     -0.50235386       5.6245903        5.6245903        79.78895               79.78895
              1       45.433147      0.75711927       1.2358386         13.125205           11.873343      0.89193886     -0.50409541       5.6245903        5.6245903       79.617114              79.617114
              1       45.973343      0.75711927       1.2266969         13.132302           11.873925      0.89292189     -0.52004241       5.6245903        5.6245903       80.697506              80.697506
              1       45.591956      0.75711927       1.2261138         13.131518           11.874187      0.89295828     -0.52105606       5.6245903        5.6245903       79.934731              79.934731
              2       45.952477      0.75711927       1.2244088         13.131554           11.875274      0.90067164     -0.51795418       5.6245903        5.6245903       80.655774              80.655774
              3       45.501382      0.75711927        1.228074         13.131756            11.87641      0.90086674      -0.5194824       5.6245903        5.6245903       79.753583              79.753583
              8       45.813647      0.75711927       1.2208346         13.124553           11.874437      0.90520022     -0.53434737       5.6245903        5.6245903       80.378114              80.378114
              1       46.182294      0.75711927        1.228215         13.120462           11.866529      0.91007423     -0.52998374       5.6245903        5.6245903       81.115407              81.115407
             11       45.477217      0.75711927       1.1784333          13.10027           11.855572      0.89479683     -0.53268408       5.6245903        5.6245903       79.705254              79.705254
              6       45.459639      0.75711927       1.1693709         13.102341           11.856254       0.8897604      -0.5505335       5.6245903        5.6245903       79.670098              79.670098
              1       47.262363      0.76616966       1.1693709         13.102341           11.856254       0.8897604      -0.5505335       5.6245903        5.6245903       83.275546              83.275546
              1       48.095466      0.76616966       1.1453805         13.114008           11.859067      0.89929412     -0.54342384       5.6245903        5.6245903       84.941751              84.941751
              5       47.889156      0.76616966       1.0889749          13.11148           11.872184      0.90176289       -0.532364       5.6245903        5.6245903       84.529132              84.529132
              3       47.592073      0.76616966       1.0891243         13.111767           11.872011      0.89936277     -0.52837696       5.6245903        5.6245903       83.934965              83.934965
              1       46.471781      0.76616966       1.0708634         13.120037           11.878402        0.875107     -0.50504318       5.6245903        5.6245903       81.694382              81.694382
              1       47.011236      0.76616966       1.0630034          13.11848           11.876852      0.87692227     -0.49974052       5.6245903        5.6245903       82.773292              82.773292
              8       46.832823      0.76616966       1.0600618         13.118567           11.876634      0.87650165     -0.50367677       5.6245903        5.6245903       82.416465              82.416465
              4        46.68516      0.76616966       1.0536402         13.118321           11.875773      0.87272582     -0.50614314       5.6245903        5.6245903       82.121139              82.121139
              3        46.54015      0.76616966       1.0593497         13.110883           11.871537        0.872191     -0.50885594       5.6245903        5.6245903       81.831119              81.831119
              1       46.572931      0.76616966       1.0647408         13.109862           11.871178      0.87068869     -0.51076498       5.6245903        5.6245903       81.896682              81.896682
              1       47.060177      0.76616966       1.0680684         13.112444           11.867791      0.87290162     -0.51130882       5.6245903        5.6245903       82.871173              82.871173
              1       46.425364      0.76616966        1.067766         13.110998            11.87052      0.87791948     -0.52691941       5.6245903        5.6245903       81.601548              81.601548
              1       46.333966      0.76616966        1.072778         13.119894           11.877009      0.87545937     -0.52893778       5.6245903        5.6245903       81.418751              81.418751
              1       45.556069      0.76616966       1.0657626         13.121438           11.874064      0.87130865     -0.53676961       5.6245903        5.6245903       79.862957              79.862957
              1       45.732861      0.76616966       1.0825412         13.128726           11.876597      0.87595698     -0.56598778       5.6245903        5.6245903       80.216541              80.216541
              2       46.112962      0.76616966       1.0935417         13.122289           11.868125       0.8868715     -0.56208484       5.6245903        5.6245903       80.976744              80.976744
              1       46.248568      0.76616966       1.1056243         13.127734           11.873039       0.8894485     -0.54636933       5.6245903        5.6245903       81.247955              81.247955
              6       45.487812      0.76616966       1.1126353         13.125589           11.872884      0.88631096       -0.546534       5.6245903        5.6245903       79.726443              79.726443
              1       45.391872      0.76616966       1.1135448         13.127989           11.875814      0.88551328     -0.54502509       5.6245903        5.6245903       79.534563              79.534563
              3       45.630517      0.76616966       1.1192802         13.126695           11.876162      0.88562077     -0.54272029       5.6245903        5.6245903       80.011854              80.011854
              3       46.519239      0.76616966       1.1341135         13.128838           11.878623      0.88367808     -0.54346708       5.6245903        5.6245903       81.789297              81.789297
              4       45.376808      0.76616966       1.1359741         13.129957           11.876389      0.88563386     -0.54345972       5.6245903        5.6245903       79.504435              79.504435
              5       45.191946      0.76616966       1.1301016         13.132465           11.875499      0.88384155     -0.55269513       5.6245903        5.6245903       79.134712              79.134712
              1       45.304369      0.76616966        1.129476          13.13465           11.875467      0.88194163     -0.55495683       5.6245903        5.6245903       79.359556              79.359556
              1       45.281819      0.76616966       1.1371555         13.136651           11.881396      0.87991013     -0.54285447       5.6245903        5.6245903       79.314458              79.314458
              1       45.889184      0.76616966       1.1321101         13.129526           11.871816      0.86693934     -0.52487678       5.6245903        5.6245903       80.529187              80.529187
              2       45.018478      0.76616966       1.1368748          13.12807           11.872127      0.86587356     -0.52826178       5.6245903        5.6245903       78.787775              78.787775
              3       45.783281      0.76616966        1.131337         13.134614           11.875288       0.8724322     -0.53318439       5.6245903        5.6245903       80.317381              80.317381
              7       45.504405      0.76616966       1.1353922         13.134424           11.877495      0.87432672     -0.52298924       5.6245903        5.6245903       79.759629              79.759629
              9       45.723668      0.76616966       1.1279877         13.131341           11.881172      0.87523367     -0.50376176       5.6245903        5.6245903       80.198155              80.198155
              2       45.204297      0.76616966       1.1232468         13.137698           11.884861      0.86874022     -0.52282057       5.6245903        5.6245903       79.159413              79.159413
              1       44.837356      0.76010012       1.1232468         13.137698           11.884861      0.86874022     -0.52282057       5.6245903        5.6245903       78.425532              78.425532
              1       44.984768      0.76010012        1.121443           13.1374            11.88736      0.86957068      -0.5219659       5.6245903        5.6245903       78.720355              78.720355
              1       44.813698      0.76010012       1.1240605         13.138783           11.886476      0.87046858     -0.52697577       5.6245903        5.6245903       78.378215              78.378215
              3       44.935871      0.76010012         1.14139         13.135714           11.884744      0.87032928      -0.5201886       5.6245903        5.6245903       78.622561              78.622561
              5       44.921331      0.76010012       1.1405716         13.134965           11.884517      0.87284756     -0.51947773       5.6245903        5.6245903       78.593482              78.593482
              2       44.971622      0.76010012       1.1379711         13.135043           11.881516      0.87207443     -0.51979253       5.6245903        5.6245903       78.694063              78.694063
              6       47.308169      0.76010012       1.0752151          13.13327           11.892919      0.88097489     -0.52545264       5.6245903        5.6245903       83.367157              83.367157
              3       47.058137      0.76010012       1.0765016         13.133296           11.892296      0.88129765     -0.52744994       5.6245903        5.6245903       82.867094              82.867094
              1       45.188659      0.76010012       1.0663084         13.142568           11.894878      0.87644924     -0.52965264       5.6245903        5.6245903       79.128138              79.128138
              3       45.481533      0.76010012       1.0543286         13.138884           11.891361      0.87542013     -0.54369176       5.6245903        5.6245903       79.713886              79.713886
              7       46.428695      0.76010012       1.0598557         13.141075           11.885917        0.869558     -0.55587344       5.6245903        5.6245903       81.608209              81.608209
              4       46.001161      0.76010012        1.051956         13.144974           11.890858      0.86195486     -0.54797038       5.6245903        5.6245903       80.753141              80.753141
              7       45.745819      0.76010012       1.0528758         13.144167           11.891431      0.86186039     -0.54725487       5.6245903        5.6245903       80.242458              80.242458
              1       45.726176      0.76788948       1.0528758         13.144167           11.891431      0.86186039     -0.54725487       5.6245903        5.6245903       80.203171              80.203171
              1       45.920672      0.76788948       1.0779973         13.155984           11.889822      0.86696652     -0.56372653       5.6245903        5.6245903       80.592163              80.592163
              1       45.706202      0.76788948       1.0826881         13.151316           11.892159      0.86962001     -0.56759026       5.6245903        5.6245903       80.163224              80.163224
              2       45.810726      0.76788948       1.0811737         13.153097           11.895169      0.87279674     -0.56202606       5.6245903        5.6245903        80.37227               80.37227
              2        46.67616      0.76788948       1.0618096         13.153433           11.888728      0.88252823     -0.57601035       5.6245903        5.6245903       82.103139              82.103139
              1        45.52245      0.76788948       1.0804725         13.149982           11.891528      0.87926231     -0.56802545       5.6245903        5.6245903        79.79572               79.79572
              2       45.429191      0.76788948         1.08153         13.152168           11.891104      0.87454332     -0.57384493       5.6245903        5.6245903       79.609202              79.609202
              1       46.339571      0.76788948       1.0870613         13.154306           11.886952      0.87635427     -0.57429149       5.6245903        5.6245903       81.429962              81.429962
              1       45.563677      0.76788948       1.0888872         13.151458           11.886734      0.87737952     -0.58149998       5.6245903        5.6245903       79.878174              79.878174
              5       45.732027      0.76788948       1.0866978         13.150152           11.884976      0.87354875     -0.58493117       5.6245903        5.6245903       80.214873              80.214873
              4       45.473769      0.76788948       1.0916768         13.170132           11.898765      0.85622366     -0.56941838       5.6245903        5.6245903       79.698358              79.698358
              2        45.56631      0.76788948       1.0951474         13.169112           11.897441      0.85323581     -0.57096961       5.6245903        5.6245903        79.88344               79.88344
              2       45.828698      0.76788948       1.0901113         13.165718           11.894812      0.85306255     -0.56300111       5.6245903        5.6245903       80.408215              80.408215
              1       45.409092      0.76788948       1.0938149          13.16496           11.895176      0.85292564      -0.5656605       5.6245903        5.6245903       79.569004              79.569004
              3       45.334513      0.76788948       1.0963054         13.168319           11.897727      0.86140406     -0.56637222       5.6245903        5.6245903       79.419845              79.419845
              2       45.257073      0.76788948       1.0971228         13.161717           11.893807      0.86525892     -0.56064414       5.6245903        5.6245903       79.264966              79.264966
              3       45.248946      0.76788948       1.1218195         13.168585            11.90135      0.87402646     -0.53097308       5.6245903        5.6245903       79.248711              79.248711
              3       44.921044      0.76788948       1.1370632         13.159961           11.897386      0.87444287     -0.53213888       5.6245903        5.6245903       78.592907              78.592907
              1       44.879261      0.76788948       1.1334112         13.162254           11.898321      0.87663044      -0.5337698       5.6245903        5.6245903       78.509341              78.509341
              4       45.440347      0.76788948       1.1026674         13.161656           11.902524      0.86285684     -0.53255727       5.6245903        5.6245903       79.631514              79.631514
              2        45.38246      0.76788948       1.0816773         13.153694            11.89622      0.84561546     -0.53171308       5.6245903        5.6245903        79.51574               79.51574
              2       47.616409      0.76788948       1.0810681         13.150522           11.897585      0.84677387     -0.53114078       5.6245903        5.6245903       83.983637              83.983637
              2       47.693383      0.76788948       1.0859667         13.148788           11.894819      0.84698956     -0.53974553       5.6245903        5.6245903       84.137585              84.137585
              1       45.109714      0.76788948       1.0782058         13.150283           11.890685      0.84608417     -0.54467829       5.6245903        5.6245903       78.970247              78.970247
              4       45.376078      0.76788948       1.0699466         13.152601           11.894702      0.85325331     -0.54760073       5.6245903        5.6245903       79.502975              79.502975
              3       44.909961      0.76788948       1.0662142         13.149511           11.891794       0.8558243     -0.53761446       5.6245903        5.6245903       78.570742              78.570742
              1       45.126441      0.76788948       1.0637862         13.148797           11.892453      0.85433095     -0.54162172       5.6245903        5.6245903       79.003702              79.003702
              1       45.330946      0.76788948       1.0454382         13.146002           11.893328      0.85992438     -0.53627599       5.6245903        5.6245903       79.412712              79.412712
              1       45.950894      0.76788948       1.0467596         13.143117           11.893121      0.85900329     -0.53378412       5.6245903        5.6245903       80.652607              80.652607
              4        45.98314      0.76788948       1.0467023         13.143177           11.893259       0.8589123     -0.53356553       5.6245903        5.6245903       80.717099              80.717099
              3       45.366698      0.76788948        1.049596         13.147492           11.895024      0.86586896     -0.53436769       5.6245903        5.6245903       79.484216              79.484216
              6       45.183887      0.76788948       1.0681526         13.152443           11.895789      0.86616918      -0.5460983       5.6245903        5.6245903       79.118593              79.118593
              1       45.710124      0.76788948       1.0635756         13.151488           11.896005      0.87936461      -0.5582586       5.6245903        5.6245903       80.171067              80.171067
              3       45.368095      0.76788948        1.062955         13.151279            11.89446      0.87916755     -0.55892406       5.6245903        5.6245903       79.487009              79.487009
              1       45.390137      0.76242337        1.062955         13.151279            11.89446      0.87916755     -0.55892406       5.6245903        5.6245903       79.531094              79.531094
              3       46.047789      0.76242337       1.0436655         13.157929           11.897998      0.87398466     -0.57599795       5.6245903        5.6245903       80.846397              80.846397
              1       46.072564      0.76242337        1.043632         13.157912           11.897878      0.87394862        -0.57608       5.6245903        5.6245903       80.895948              80.895948
              1       46.832265      0.76242337       1.0465577         13.162139           11.901642      0.86503947     -0.58728526       5.6245903        5.6245903       82.415349              82.415349
              2       46.454785      0.76242337       1.0493042          13.16142           11.901067      0.86222598     -0.57947963       5.6245903        5.6245903       81.660389              81.660389
              2       46.677224      0.76242337       1.0488409         13.158946           11.898901      0.85946751      -0.5809168       5.6245903        5.6245903       82.105267              82.105267
              3        46.90834      0.76242337       1.0576551          13.16622            11.90005      0.85089034     -0.57492924       5.6245903        5.6245903         82.5675                82.5675
              1       47.473751      0.76242337       1.0635183         13.165827           11.897774      0.85234574     -0.57156222       5.6245903        5.6245903       83.698321              83.698321
              5       46.371347      0.76242337       1.0658597         13.164578           11.899312      0.85509376     -0.56707674       5.6245903        5.6245903       81.493514              81.493514
              3       47.829165      0.76242337       1.0127745         13.150365           11.904662      0.83941051     -0.52410739       5.6245903        5.6245903        84.40915               84.40915
              3       49.534642      0.76242337        1.023567         13.147557           11.906224      0.84230887     -0.50894716       5.6245903        5.6245903       87.820103              87.820103
              3       49.253234      0.76242337       1.0863947         13.127842           11.870126      0.79561384     -0.53901562       5.6245903        5.6245903       87.257287              87.257287
              1       45.887533      0.78591995       1.0789343         13.131285           11.858929      0.77682961     -0.54982548       5.6245903        5.6245903       80.525885              80.525885
              8       45.566714      0.78591995       1.0749709         13.133477           11.862333      0.78211643     -0.54591994       5.6245903        5.6245903       79.884247              79.884247
              4       45.567251      0.78591995       1.1734756         13.087203           11.821741      0.82070121     -0.54159479       5.6245903        5.6245903       79.885321              79.885321
              1       47.509099      0.78591995       1.0338931         13.077487           11.819086      0.80403596     -0.56107958       5.6245903        5.6245903       83.769018              83.769018
              2       48.006748      0.78591995        1.021407         13.095801            11.83216      0.79434937     -0.55738089       5.6245903        5.6245903       84.764316              84.764316
              1       48.230992      0.78591995       1.0322264         13.120198           11.846334      0.80062538     -0.61549395       5.6245903        5.6245903       85.212804              85.212804
              4       47.177417      0.78591995       1.0376756         13.159722           11.879959      0.85807432     -0.62253346       5.6245903        5.6245903       83.105653              83.105653
              2       47.163856      0.77470146       1.0412376         13.158078           11.885305       0.8670429     -0.61737227       5.6245903        5.6245903       83.078531              83.078531
              2       48.082569      0.77470146       1.0183657         13.183591           11.904757       0.8700867     -0.60270226       5.6245903        5.6245903       84.915957              84.915957
              1       49.116012      0.75865906       1.0234593          13.18124           11.912402      0.88291172     -0.59532178       5.6245903        5.6245903       86.982843              86.982843
              1       46.793214      0.75865906       1.0820842         13.187103           11.916233      0.88991625     -0.57343269       5.6245903        5.6245903       82.337248              82.337248
              7       46.519123      0.75865906       1.0454264          13.17754           11.915155      0.87993188     -0.54574401       5.6245903        5.6245903       81.789065              81.789065
              1       46.192764      0.75865906         1.01603         13.180433           11.925933      0.90675981     -0.57401413       5.6245903        5.6245903       81.136347              81.136347
              2       46.200474        0.757868       1.0162811         13.180317            11.92631      0.90739222     -0.57365019       5.6245903        5.6245903       81.151768              81.151768
              5       46.175735        0.757868        1.022396         13.177127            11.92352      0.90886928     -0.57440173       5.6245903        5.6245903        81.10229               81.10229
              1       45.497877        0.757868       1.0060262         13.189792           11.936877      0.89931999     -0.53554079       5.6245903        5.6245903       79.746573              79.746573
              1       45.591332        0.757868      0.99695576         13.186246             11.9348      0.89743505     -0.53364429       5.6245903        5.6245903       79.933483              79.933483
              1       45.138689        0.757868       1.0483234         13.176004           11.920179       0.8925961     -0.53308706       5.6245903        5.6245903       79.028198              79.028198
              4       45.104638        0.757868       1.0621258          13.15858           11.910324      0.88627362     -0.51634433       5.6245903        5.6245903       78.960096              78.960096
              4       45.396959        0.757868       1.0547136         13.153234            11.90788      0.87765385     -0.51134085       5.6245903        5.6245903       79.544738              79.544738
              5       45.314323        0.757868       1.1422529         13.160109           11.902535      0.88613573     -0.50554893       5.6245903        5.6245903       79.379466              79.379466
              5         45.0888        0.757868       1.1203205         13.236709           11.957158      0.89527631     -0.53604176       5.6245903        5.6245903        78.92842               78.92842
              3       46.403943        0.757868       1.2063542         13.238657           11.950825      0.90497721     -0.53603523       5.6245903        5.6245903       81.558705              81.558705
              1       46.786561        0.757868       1.1956559           13.2587            11.97023      0.90335916     -0.50561233       5.6245903        5.6245903       82.323942              82.323942
              6       46.719312      0.75709085       1.1959026         13.258586             11.9706      0.90398045      -0.5052548       5.6245903        5.6245903       82.189443              82.189443
              2       46.759231      0.75709085       1.2393504         13.235913           11.949822      0.88211148     -0.49404865       5.6245903        5.6245903       82.269282              82.269282
              4       46.241828      0.75709085       1.2027455         13.227938           11.943757      0.87501057      -0.5377473       5.6245903        5.6245903       81.234476              81.234476
              2       47.416075      0.75709085       1.2475315         13.241781           11.949753      0.90039728     -0.56019764       5.6245903        5.6245903        83.58297               83.58297
              3       47.580526      0.75709085       1.2511947         13.239552           11.947165      0.89978818     -0.56473643       5.6245903        5.6245903       83.911872              83.911872
              4       48.105009      0.75709085       1.2843759          13.25362           11.957331      0.88049223       -0.510014       5.6245903        5.6245903       84.960838              84.960838
              4       48.288553      0.75233064       1.2858874         13.252923             11.9596      0.88429775     -0.50782401       5.6245903        5.6245903       85.327924              85.327924
              1       48.296817      0.75233064       1.2859757         13.252969            11.95962      0.88414744      -0.5077668       5.6245903        5.6245903       85.344453              85.344453
              1       49.337052      0.75233064       1.3360814         13.250776           11.958448      0.89521343     -0.49164912       5.6245903        5.6245903       87.424923              87.424923
              1       49.682212      0.74524536        1.338331         13.249737           11.961825      0.90087773     -0.48838945       5.6245903        5.6245903       88.115243              88.115243
              1       48.893592      0.74524536        1.325422         13.237761           11.954347        0.889757     -0.46961245       5.6245903        5.6245903       86.538003              86.538003
              3       47.948706      0.74524536       1.3205039         13.195314           11.925734       0.8973575     -0.49861067       5.6245903        5.6245903       84.648232              84.648232
              1       47.250733      0.74524536       1.2655757          13.20587            11.94296       0.9225508     -0.48252655       5.6245903        5.6245903       83.252286              83.252286
              2       47.308572      0.74524536       1.1256999         13.225916           11.961987      0.86310278     -0.47765273       5.6245903        5.6245903       83.367963              83.367963
              1       47.169347      0.74524536       1.1618517         13.259111           11.977753       0.8894572     -0.51685769       5.6245903        5.6245903       83.089514              83.089514
              1       46.890308      0.74524536        1.159087         13.259599           11.978428      0.88710248      -0.5026357       5.6245903        5.6245903       82.531436              82.531436
              1       46.558197      0.74524536      0.99533263         13.232415           11.969396      0.92096267     -0.54134815       5.6245903        5.6245903       81.867213              81.867213
              3       46.528508       0.7465106       0.9949309           13.2326           11.968793      0.91995118     -0.54193024       5.6245903        5.6245903       81.807836              81.807836
              1       46.606293        0.754311      0.99245421         13.233743           11.965076      0.91371519      -0.5455189       5.6245903        5.6245903       81.963405              81.963405
              1       46.468427        0.754311       1.0004625         13.231056             11.9619      0.90160132     -0.54090134       5.6245903        5.6245903       81.687673              81.687673
              2       46.548665        0.754311      0.99853683         13.232404            11.96372      0.90049751     -0.53312564       5.6245903        5.6245903       81.848149              81.848149
              3       46.913212        0.754311       1.0179271         13.233239           11.964845      0.90388337     -0.51370151       5.6245903        5.6245903       82.577244              82.577244
              2       48.073663        0.754311       0.9964485         13.229521           11.962609       0.8850197     -0.49960945       5.6245903        5.6245903       84.898146              84.898146
              2        45.89387        0.754311       1.0343947         13.174858           11.924284      0.87217654     -0.48955212       5.6245903        5.6245903       80.538559              80.538559
              2       46.066991        0.754311       1.0606385         13.190303           11.932958      0.87260008     -0.48173985       5.6245903        5.6245903       80.884802              80.884802
              2       46.336232        0.754311       1.1201576         13.170095           11.911578      0.87181917     -0.48878228       5.6245903        5.6245903       81.423284              81.423284
              2       46.355472      0.75235984       1.1207771         13.169809           11.912508      0.87337901     -0.48788463       5.6245903        5.6245903       81.461764              81.461764
              3       46.337374      0.75404251       1.1202429         13.170056           11.911706      0.87203381     -0.48865876       5.6245903        5.6245903       81.425568              81.425568
              4       45.286671      0.75404251        1.100338           13.1777           11.916253      0.88312816     -0.54400443       5.6245903        5.6245903       79.324162              79.324162
              3       46.416107      0.75404251       1.1143649         13.167856           11.912755      0.91247017     -0.57305611       5.6245903        5.6245903       81.583033              81.583033
              1        46.41778      0.76197637       1.1118458         13.169018           11.908975      0.90612748     -0.57670617       5.6245903        5.6245903        81.58638               81.58638
              1       46.764285      0.74769897       1.1163791         13.166926           11.915779      0.91754149     -0.57013769       5.6245903        5.6245903       82.279389              82.279389
              1       46.329889      0.74769897        1.222797         13.140552           11.884533      0.93028973     -0.58131958       5.6245903        5.6245903       81.410598              81.410598
              4       46.442854      0.74769897       1.1920597         13.128213           11.876914      0.93307192     -0.58861746       5.6245903        5.6245903       81.636528              81.636528
              2       47.256576      0.74769897        1.138912         13.136663           11.883427      0.92706697     -0.60112978       5.6245903        5.6245903       83.263971              83.263971
              5       48.441529      0.74769897       1.1860104         13.157684           11.891964      0.92847709      -0.6171823       5.6245903        5.6245903       85.633877              85.633877
              1       48.317435      0.74769897        1.176829         13.168327           11.900142      0.92797657     -0.61205038       5.6245903        5.6245903       85.385689              85.385689
              1       47.581259      0.74769897        1.167303         13.168173           11.902293      0.92232652     -0.60096855       5.6245903        5.6245903       83.913338              83.913338
              1       48.717445      0.74769897        1.219132         13.149518           11.884651      0.92038807     -0.56936825       5.6245903        5.6245903       86.185709              86.185709
              5       48.926449       0.7446439        1.220102         13.149071           11.886107      0.92283043     -0.56796273       5.6245903        5.6245903       86.603718              86.603718
              1       49.875591       0.7446439       1.2844958         13.130193           11.868927      0.92008463     -0.54446031       5.6245903        5.6245903       88.502002              88.502002
              4       51.851972       0.7446439        1.268855         13.101455           11.845363        0.913406     -0.56346444       5.6245903        5.6245903       92.454763              92.454763
              1       50.871721      0.75513189        1.265525         13.102991           11.840365      0.90502142     -0.56828956       5.6245903        5.6245903       90.494261              90.494261
              4        50.05756      0.75513189       1.2427171         13.122468           11.854473      0.91047406     -0.59927711       5.6245903        5.6245903        88.86594               88.86594
              1       45.584482      0.75513189       1.2488533         13.110864           11.858693      0.86208127     -0.51064947       5.6245903        5.6245903       79.919784              79.919784
              5       45.317615      0.76047155       1.2471579         13.111646           11.856148       0.8578125     -0.51310604       5.6245903        5.6245903        79.38605               79.38605
              1        45.33892      0.76047155       1.2517402         13.110675           11.855449        0.858438     -0.51075442       5.6245903        5.6245903        79.42866               79.42866
              1       45.544015      0.76047155       1.2447719         13.165394           11.900208      0.87390214     -0.49081754       5.6245903        5.6245903       79.838849              79.838849
              3        46.42433      0.76047155        1.207673           13.1643           11.900369      0.85531635     -0.46014442       5.6245903        5.6245903        81.59948               81.59948
              7        45.32495      0.76047155        1.217077         13.176809           11.907597      0.86832293      -0.4944596       5.6245903        5.6245903       79.400719              79.400719
              3       45.369571         0.75241       1.2196366         13.175628           11.911439       0.8747677      -0.4907508       5.6245903        5.6245903        79.48996               79.48996
              4       46.378443         0.75241       1.1791845         13.141731           11.893948      0.84435419     -0.42960648       5.6245903        5.6245903       81.507705              81.507705
              3       47.108288         0.75241        1.218869         13.149248           11.897352      0.85651559     -0.42234845       5.6245903        5.6245903       82.967395              82.967395
              1       48.133992         0.75241       1.2163372         13.141598           11.890843      0.84486417     -0.40882556       5.6245903        5.6245903       85.018804              85.018804
              1       48.092112      0.75123569       1.2167101         13.141426           11.891403      0.84580297     -0.40828531       5.6245903        5.6245903       84.935044              84.935044
              2       47.762634      0.75123569       1.1040801         13.202004           11.933689      0.83374924     -0.50441187       5.6245903        5.6245903       84.276087              84.276087
              2       45.570959      0.75123569       1.1257664          13.24021           11.962405       0.9013394     -0.52587574       5.6245903        5.6245903       79.892738              79.892738
              1       45.534699      0.75123569       1.1130534         13.241244           11.964531      0.89893733     -0.52080883       5.6245903        5.6245903       79.820217              79.820217
              4       45.624675      0.75123569       1.1144807         13.242751           11.965281      0.90056634       -0.521763       5.6245903        5.6245903        80.00017               80.00017
              1       46.858612      0.73523957       1.1195597         13.240407           11.972904      0.91335437      -0.5144038       5.6245903        5.6245903       82.468044              82.468044
              2       48.954982      0.73523957      0.98612768         13.271866            12.00667      0.88612035      -0.4946199       5.6245903        5.6245903       86.660783              86.660783
              3       48.960342      0.73523957      0.98674474         13.271491           12.006368      0.88566445      -0.4939836       5.6245903        5.6245903       86.671503              86.671503
              1       47.153208      0.73523957       1.0517625          13.25399           11.987844      0.91030544      -0.5130786       5.6245903        5.6245903       83.057236              83.057236
              2       45.974054      0.74694799        1.048045         13.255706           11.982265       0.9009452     -0.51846519       5.6245903        5.6245903       80.698927              80.698927
              1       45.939101      0.74694799       1.0596702         13.262082           11.985299      0.90677195     -0.53044948       5.6245903        5.6245903       80.629022              80.629022
              3       45.930013      0.74694799       1.1415685         13.199142           11.936856      0.96709586     -0.58142945       5.6245903        5.6245903       80.610846              80.610846
              4       45.828321      0.74239305       1.1430148         13.198474           11.939027      0.97073728      -0.5793339       5.6245903        5.6245903       80.407462              80.407462
              2       46.401601      0.74239305        1.178581         13.222335           11.952611      0.98785178     -0.57657741       5.6245903        5.6245903       81.554021              81.554021
              2       46.712817      0.74239305       1.1839207         13.219195           11.949937      0.99477205     -0.58216837       5.6245903        5.6245903       82.176453              82.176453
              2       45.772965      0.74239305       1.0993812         13.245366           11.980481      0.97775073     -0.53698904       5.6245903        5.6245903       80.296749              80.296749
              1       45.887273      0.74239305       1.1163011         13.244651           11.979157      0.97598853     -0.52819465       5.6245903        5.6245903       80.525366              80.525366
              3       45.446665      0.73193446       1.1196218         13.243119           11.984141      0.98434961     -0.52338306       5.6245903        5.6245903       79.644149              79.644149
              1       45.478921      0.73193446       1.0592587         13.251814            11.99263      0.97724859     -0.53058819       5.6245903        5.6245903       79.708662              79.708662
              2       45.532754      0.73193446       1.0661942         13.253146           11.992448      0.98075205     -0.53783987       5.6245903        5.6245903       79.816327              79.816327
              2       45.454835      0.73487209       1.0652615         13.253576           11.991049      0.97840357     -0.53919136       5.6245903        5.6245903        79.66049               79.66049
              2       47.553123      0.73487209       1.0894326         13.246584           11.983184       1.0015092     -0.52819225       5.6245903        5.6245903       83.857066              83.857066
              2       49.503959      0.73487209       1.0083258         13.224264           11.964387       1.0268575     -0.62713235       5.6245903        5.6245903       87.758737              87.758737
              1       49.534967      0.73487209       1.0115158          13.21459           11.957235       1.0230122     -0.62410069       5.6245903        5.6245903       87.820753              87.820753
              4       49.904034      0.73953144       1.0100364         13.215273           11.955014       1.0192873     -0.62624428       5.6245903        5.6245903       88.558887              88.558887
              6       49.368799      0.73109045       1.0127165         13.214036           11.959037       1.0260354     -0.62236091       5.6245903        5.6245903       87.488417              87.488417
              1       48.476106      0.73109045       0.9426464         13.195596           11.956285      0.95265533     -0.55988022       5.6245903        5.6245903       85.703031              85.703031
              1       47.196167      0.73109045      0.96929215          13.20707           11.964311      0.95572978     -0.54509491       5.6245903        5.6245903       83.143153              83.143153
              1       46.757276      0.74497274       0.9648844         13.209104           11.957695      0.94463164     -0.55148161       5.6245903        5.6245903       82.265371              82.265371
              2       46.840342      0.74497274      0.96794916         13.195358           11.946854      0.95295036     -0.57430505       5.6245903        5.6245903       82.431504              82.431504
              2       46.952006      0.74994057      0.96637183         13.196086           11.944486      0.94897886     -0.57659055       5.6245903        5.6245903       82.654831              82.654831
              2       46.835015      0.74994057      0.97208337          13.19779           11.944163      0.94521749     -0.58265152       5.6245903        5.6245903       82.420849              82.420849
              1       46.535718      0.74994057      0.96387295         13.214344           11.958898      0.94554783      -0.5806969       5.6245903        5.6245903       81.822255              81.822255
              1       46.428143      0.74994057       0.9744111         13.207523            11.95408      0.94218221     -0.57750444       5.6245903        5.6245903       81.607105              81.607105
              2       46.282787      0.74994057      0.98764143         13.208599           11.954317      0.94738803     -0.57671901       5.6245903        5.6245903       81.316393              81.316393
              1       46.268845      0.74808177      0.98823161         13.208327           11.955203      0.94887404     -0.57586385       5.6245903        5.6245903        81.28851               81.28851
              4        47.08995      0.74808177      0.94003212          13.21086           11.965985      0.92012392     -0.49708271       5.6245903        5.6245903       82.930719              82.930719
              4       47.294469      0.74808177       0.9713803         13.187742           11.938211      0.90846725      -0.5761869       5.6245903        5.6245903       83.339758              83.339758
              2       46.932371      0.74808177      0.98791719         13.193243           11.941418      0.90112004     -0.56614007       5.6245903        5.6245903       82.615561              82.615561
              1       46.597079      0.74808177       1.0001007         13.186691           11.940045      0.90852257     -0.55106576       5.6245903        5.6245903       81.944977              81.944977
              1       47.298056      0.74808177       1.1010385         13.131526           11.885914       0.9019027     -0.53023896       5.6245903        5.6245903       83.346931              83.346931
              2       47.140197      0.75262487        1.099596         13.132192           11.883749      0.89827074     -0.53232907       5.6245903        5.6245903       83.031214              83.031214
              1       48.464341      0.75262487       1.1378893         13.100465           11.856038      0.87762183     -0.51754181       5.6245903        5.6245903       85.679501              85.679501
              1       49.495814      0.75262487       1.1042885         13.095078           11.853281      0.87146195     -0.52145257       5.6245903        5.6245903       87.742447              87.742447
              1       49.967854      0.75262487       1.0833392         13.100284           11.860036      0.86154917     -0.50050365       5.6245903        5.6245903       88.686528              88.686528
              2       47.526144      0.75262487        1.046526         13.079968           11.856767      0.85878776     -0.48285983       5.6245903        5.6245903       83.803108              83.803108
              2       46.748383      0.75262487       1.0797111         13.078193           11.854013       0.8767561     -0.49927426       5.6245903        5.6245903       82.247586              82.247586
              2       46.137439      0.75262487       1.0880931         13.096829           11.863301      0.88584151      -0.5209505       5.6245903        5.6245903       81.025697              81.025697
              3       46.697126      0.75262487       1.1091992         13.100346           11.862716      0.86365953     -0.53566903       5.6245903        5.6245903       82.145071              82.145071
              4       50.038688      0.75262487       1.0457007         13.133871           11.884691      0.82554145     -0.54706244       5.6245903        5.6245903       88.828195              88.828195
              1       47.139467      0.76871337       1.0405924         13.136229           11.877024      0.81267957     -0.55446413       5.6245903        5.6245903       83.029754              83.029754
              4       46.510648      0.77362924       1.0390316         13.136949           11.874682      0.80874961     -0.55672573       5.6245903        5.6245903       81.772116              81.772116
              6       46.232418      0.77362924       1.0478557         13.137683           11.875676      0.81922857     -0.56381008       5.6245903        5.6245903       81.215656              81.215656
              2       50.004023      0.77362924       1.0230578         13.122022           11.855842      0.82678617     -0.60000488       5.6245903        5.6245903       88.758865              88.758865
              2       47.400817      0.77362924       1.0818609         13.084773           11.829775      0.83874025     -0.59601524       5.6245903        5.6245903       83.552453              83.552453
              2       46.967185      0.79121743       1.0762765         13.087351           11.821393      0.82467945     -0.60410688       5.6245903        5.6245903        82.68519               82.68519
              1       46.567178      0.79121743       1.0176166         13.089794           11.835058      0.80407535     -0.53413395       5.6245903        5.6245903       81.885176              81.885176
              2       46.694609      0.79121743       1.0075987         13.089309           11.835578      0.80177222     -0.53543901       5.6245903        5.6245903       82.140037              82.140037
              1       46.941758      0.79121743       1.0212223         13.081616           11.829425      0.80633005     -0.53137617       5.6245903        5.6245903       82.634336              82.634336
              1       46.747646      0.79121743        1.028651         13.072219           11.821144      0.79451791     -0.52896213       5.6245903        5.6245903       82.246112              82.246112
              4       46.663251      0.78213875       1.0315336         13.070889            11.82547      0.80177582     -0.52478539       5.6245903        5.6245903       82.077322              82.077322
              1       46.810051      0.79260365       1.0282109         13.072423           11.820483       0.7934097     -0.52959988       5.6245903        5.6245903       82.370922              82.370922
              1       46.798962      0.79260365       1.0283021         13.072557           11.820578      0.79321041      -0.5292043       5.6245903        5.6245903       82.348743              82.348743
              6       46.459044      0.79260365       1.1061548         13.076457           11.817864      0.80721499     -0.54296695       5.6245903        5.6245903       81.668908              81.668908
              1       46.212066      0.79260365       1.1149277         13.088219           11.825419      0.81524182     -0.54888578       5.6245903        5.6245903       81.174951              81.174951
              2       46.123365       0.7917336       1.1152039         13.088092           11.825834      0.81593738      -0.5484855       5.6245903        5.6245903        80.99755               80.99755
              3       46.232011       0.7917336       1.1146739         13.093369           11.830216      0.82091088     -0.54828234       5.6245903        5.6245903       81.214841              81.214841
              1       46.660612      0.79515778       1.1135867          13.09387           11.828584      0.81817343     -0.54985767       5.6245903        5.6245903       82.072044              82.072044
              4       48.236908      0.79515778       1.1367513         13.145887           11.855184      0.77159965     -0.51461988       5.6245903        5.6245903       85.224636              85.224636
              1       48.273143      0.79515778       1.1374345         13.146237           11.855495      0.77199202     -0.51396596       5.6245903        5.6245903       85.297106              85.297106
              1       46.579516      0.79515778       1.1411647         13.108924           11.832734      0.77211639     -0.49513334       5.6245903        5.6245903       81.909851              81.909851
              1        45.35261      0.79515778       1.2102079         13.111787           11.831093       0.7747458     -0.50789486       5.6245903        5.6245903        79.45604               79.45604
              5       45.391944      0.79515778       1.2130528         13.111435           11.830448      0.77606975     -0.50952576       5.6245903        5.6245903       79.534708              79.534708
              1       45.655074      0.79515778       1.2282562         13.113352           11.828498      0.77369031     -0.51538105       5.6245903        5.6245903       80.060968              80.060968
              2       46.662629       0.8123903       1.2227848         13.115878           11.820286      0.75991386     -0.52330905       5.6245903        5.6245903       82.076078              82.076078
              1       45.664693      0.79304247       1.2289279         13.113042           11.829506      0.77538139     -0.51440787       5.6245903        5.6245903       80.080205              80.080205
