#        weight    minuslogpost          sigma8        ygk_Ahmc ygk_LOWZ__2_lM1_0 ygk_LOWZ__2_lMmin_0   ygk_mass_bias       ygk_rhogy   minuslogprior minuslogprior__0            chi2 chi2__ygk_like.ygkLike
              1       51.957448      0.77048845      0.96775421         13.074868           11.834694      0.76112842     -0.49430493       5.6245903        5.6245903       92.665716              92.665716
              5       50.378105      0.77048845      0.97738016         13.073535           11.837264      0.76542968     -0.49244006       5.6245903        5.6245903        89.50703               89.50703
              2       50.019747      0.77048845      0.98386543         13.073226           11.837798      0.76694042     -0.48696589       5.6245903        5.6245903       88.790314              88.790314
              3       49.990447      0.77048845      0.98415079          13.07285           11.836697      0.76761827     -0.48770703       5.6245903        5.6245903       88.731713              88.731713
              3       49.349342      0.77048845       1.0058132         13.073638           11.836137      0.77177025     -0.49441716       5.6245903        5.6245903       87.449503              87.449503
              4       49.696136      0.77048845       1.0067545         13.072635           11.838649      0.77367807     -0.48796632       5.6245903        5.6245903       88.143091              88.143091
              7       49.703396      0.77048845        1.023735         13.069076           11.833088      0.77290529     -0.49916915       5.6245903        5.6245903       88.157612              88.157612
              1        49.30132      0.77048845       1.0225399         13.074357           11.835256      0.76398654     -0.46407731       5.6245903        5.6245903        87.35346               87.35346
              2       50.238834      0.77048845      0.98133973         13.068541           11.836102      0.77335854     -0.45266018       5.6245903        5.6245903       89.228487              89.228487
              1       48.946318      0.77048845       1.0031183         13.083165           11.848199      0.77112654     -0.44275834       5.6245903        5.6245903       86.643455              86.643455
              5       49.140176      0.77048845       1.0040626         13.083028           11.847257      0.77101312      -0.4395287       5.6245903        5.6245903       87.031172              87.031172
              1       49.027211      0.77048845        1.009232         13.092462           11.848276      0.76897481      -0.4909459       5.6245903        5.6245903       86.805242              86.805242
              3       49.125381      0.77048845       1.0365732         13.104715           11.853653      0.76368948      -0.4779402       5.6245903        5.6245903       87.001581              87.001581
              4       49.087679      0.77048845       1.0286851         13.105281           11.860146       0.7616861     -0.47748544       5.6245903        5.6245903       86.926177              86.926177
              2       49.961184      0.77048845       1.0221901         13.105256           11.861394      0.76373571     -0.48769371       5.6245903        5.6245903       88.673188              88.673188
              2        48.96991      0.77048845        1.022336         13.105359           11.859333      0.76485597     -0.48789514       5.6245903        5.6245903       86.690639              86.690639
              1       49.046544      0.77048845      0.99186161         13.114407           11.864971      0.78900119     -0.48953722       5.6245903        5.6245903       86.843908              86.843908
              4       48.356902      0.77048845      0.98558445         13.110586           11.872861      0.78746985     -0.43897162       5.6245903        5.6245903       85.464624              85.464624
              7       48.346346      0.77048845      0.98667229         13.110644           11.872597      0.78754426     -0.43878892       5.6245903        5.6245903       85.443512              85.443512
              1       48.817428      0.77048845      0.97707985         13.106133           11.872288      0.79080374     -0.43745387       5.6245903        5.6245903       86.385675              86.385675
              1       51.341867      0.77048845      0.98708961          13.10706           11.870489      0.79641247     -0.40943277       5.6245903        5.6245903       91.434553              91.434553
              4       51.428136      0.77048845      0.98101507         13.110804           11.874295      0.79728473     -0.40747901       5.6245903        5.6245903       91.607092              91.607092
              4       50.508704      0.77048845      0.95322113         13.109983           11.880407      0.78819348     -0.41196204       5.6245903        5.6245903       89.768227              89.768227
              5       50.714257      0.77048845      0.94835651         13.107974           11.878666      0.79062976     -0.40958877       5.6245903        5.6245903       90.179334              90.179334
              1       50.658183      0.77048845       0.9469534         13.108587           11.878757      0.79180833     -0.41145427       5.6245903        5.6245903       90.067185              90.067185
              4       52.004231      0.77048845      0.93940245         13.100611           11.874268      0.79724576     -0.40339212       5.6245903        5.6245903       92.759281              92.759281
              3       52.086827      0.77048845      0.93125479         13.103445           11.879235      0.78782277     -0.40811268       5.6245903        5.6245903       92.924474              92.924474
              1       52.584938      0.77048845      0.92464294         13.107741           11.876298      0.76839014     -0.38993875       5.6245903        5.6245903       93.920695              93.920695
              2       52.833751      0.77048845      0.93768817         13.099285           11.875345      0.76605511     -0.38780103       5.6245903        5.6245903       94.418322              94.418322
              1       52.386966      0.77048845      0.93977675         13.100111            11.87503      0.76618889     -0.38745347       5.6245903        5.6245903       93.524751              93.524751
             10       51.605725      0.77048845      0.93866088         13.099986           11.870592      0.76532471     -0.39430658       5.6245903        5.6245903       91.962269              91.962269
              4       51.939724      0.77048845      0.92709891         13.099502           11.870266      0.76650342     -0.39833854       5.6245903        5.6245903       92.630268              92.630268
              3       51.650305      0.77048845      0.92760221         13.098777           11.870367      0.76698438      -0.4022699       5.6245903        5.6245903       92.051429              92.051429
              3       50.652324      0.77048845      0.99127134         13.114822           11.871538      0.76286041     -0.40784947       5.6245903        5.6245903       90.055468              90.055468
              4       49.794742      0.77048845      0.98695439         13.111989           11.873084       0.7641577     -0.40366667       5.6245903        5.6245903       88.340303              88.340303
              1       50.073962      0.76916127      0.98695439         13.111989           11.873084       0.7641577     -0.40366667       5.6245903        5.6245903       88.898744              88.898744
              2       50.563452      0.76916127      0.99364633         13.109007           11.870035      0.75997992     -0.39514852       5.6245903        5.6245903       89.877724              89.877724
              3       50.333772      0.76916127      0.97558346         13.098445           11.867251      0.76411401     -0.40408383       5.6245903        5.6245903       89.418364              89.418364
              2       50.450026      0.76916127      0.96591612         13.103128           11.868281       0.7627873     -0.41042471       5.6245903        5.6245903       89.650872              89.650872
              1       50.613396      0.76916127      0.97571884         13.111522           11.872943      0.76548513     -0.40484989       5.6245903        5.6245903       89.977612              89.977612
              1       50.610648      0.76916127      0.99316739         13.108176            11.87441      0.75638409     -0.40266351       5.6245903        5.6245903       89.972116              89.972116
              1       49.491856      0.76916127       1.0045681         13.107321            11.86857      0.76096722     -0.40689915       5.6245903        5.6245903       87.734532              87.734532
              2       50.611635      0.76916127       1.0062949         13.104188           11.871825        0.763477     -0.40681064       5.6245903        5.6245903       89.974089              89.974089
              2         50.7258      0.76916127       1.0052383         13.101203           11.867534      0.76522644     -0.37600834       5.6245903        5.6245903        90.20242               90.20242
              1       50.987024      0.76916127      0.97394455         13.091739           11.865174      0.77185331     -0.39347176       5.6245903        5.6245903       90.724867              90.724867
              4       50.821161      0.76916127      0.99268216         13.089561           11.859407      0.76354127     -0.43182557       5.6245903        5.6245903       90.393141              90.393141
              4       50.133155      0.76916127       1.0092719         13.089995           11.855067      0.75679304     -0.40097099       5.6245903        5.6245903        89.01713               89.01713
              6       50.308263      0.76916127       1.0052448          13.08735           11.856457      0.75614371     -0.39844255       5.6245903        5.6245903       89.367345              89.367345
              5       51.340164      0.76916127      0.98867835         13.083821           11.855923      0.75285548     -0.40538034       5.6245903        5.6245903       91.431147              91.431147
              2       50.734107      0.76916127      0.99056224         13.082844           11.852625      0.75153281     -0.40762868       5.6245903        5.6245903       90.219033              90.219033
              1       50.918107      0.76916127       1.0046704         13.079414           11.851426       0.7531901     -0.38670681       5.6245903        5.6245903       90.587033              90.587033
              4       52.096438      0.76916127       1.0024766         13.076193           11.852907      0.75758376     -0.38352531       5.6245903        5.6245903       92.943696              92.943696
              6       51.280207      0.76916127        1.004378         13.078803           11.852739      0.75821962     -0.37484411       5.6245903        5.6245903       91.311233              91.311233
              8       51.228057      0.76916127       1.0054044         13.079865           11.852404      0.75842417     -0.37351255       5.6245903        5.6245903       91.206933              91.206933
              1       51.075955      0.76916127       1.0050953         13.079984            11.85266      0.75785313     -0.37725137       5.6245903        5.6245903       90.902729              90.902729
              2       51.204671      0.76916127       1.0028172         13.100286           11.865883      0.75879224     -0.37142917       5.6245903        5.6245903       91.160162              91.160162
              2       50.993643      0.76916127       1.0159246          13.09872           11.868893      0.76110781     -0.37330172       5.6245903        5.6245903       90.738106              90.738106
              1       50.822597      0.76294438       1.0159246          13.09872           11.868893      0.76110781     -0.37330172       5.6245903        5.6245903       90.396013              90.396013
              2       50.965207      0.76294438       1.0166488         13.096769           11.869478      0.76356672     -0.37604767       5.6245903        5.6245903       90.681234              90.681234
              4        50.89539      0.76294438       1.0123918         13.097917           11.870397      0.76484132     -0.37508405       5.6245903        5.6245903       90.541599              90.541599
              2       50.866155      0.76294438       1.0104339         13.098194           11.868363      0.76361135     -0.37568765       5.6245903        5.6245903        90.48313               90.48313
              2       51.768304      0.76294438       1.0156473         13.084043           11.862338      0.76829865     -0.37558899       5.6245903        5.6245903       92.287427              92.287427
              6        49.85266      0.76294438       1.0220396         13.087727           11.859708      0.77441158     -0.40393762       5.6245903        5.6245903       88.456139              88.456139
              7       50.039036      0.76294438       1.0212272         13.086131           11.859347      0.77427157     -0.40201249       5.6245903        5.6245903       88.828892              88.828892
              1       50.177333      0.76579546       1.0212272         13.086131           11.859347      0.77427157     -0.40201249       5.6245903        5.6245903       89.105486              89.105486
              6       50.442878      0.76579546       1.0202766         13.094686           11.865149      0.76422063     -0.39704618       5.6245903        5.6245903       89.636575              89.636575
              4       50.459873      0.76579546       1.0176979         13.097149           11.865993      0.75838591     -0.39496593       5.6245903        5.6245903       89.670566              89.670566
              1        50.67302      0.76579546       1.0078577         13.092483           11.862669       0.7579713     -0.38431918       5.6245903        5.6245903        90.09686               90.09686
              6       50.574492      0.76579546       1.0132952         13.088652           11.857325      0.75418196     -0.39327466       5.6245903        5.6245903       89.899803              89.899803
              5         51.4661      0.76579546       1.0029817         13.086164           11.855842       0.7450149     -0.40373964       5.6245903        5.6245903        91.68302               91.68302
              1       51.397227      0.76579546      0.99758691         13.087818           11.856042      0.74434699       -0.399868       5.6245903        5.6245903       91.545274              91.545274
              4       51.610105      0.76579546      0.99063571         13.087312           11.854853      0.74340628     -0.40909336       5.6245903        5.6245903        91.97103               91.97103
              1       51.770638      0.76579546      0.99542001         13.086366           11.853387      0.74057944     -0.40449598       5.6245903        5.6245903       92.292095              92.292095
              3        52.60545      0.76579546        1.016475         13.091565           11.864774      0.75022755     -0.38386485       5.6245903        5.6245903        93.96172               93.96172
              3       51.387618      0.76579546       1.0441882         13.093167           11.866333      0.77408176     -0.39184915       5.6245903        5.6245903       91.526056              91.526056
              1       49.772326      0.76579546       1.0388127          13.09875           11.867716      0.77426132     -0.40280039       5.6245903        5.6245903       88.295472              88.295472
              4       52.242726      0.76579546       1.0092577         13.096478           11.873458       0.7837436     -0.38940444       5.6245903        5.6245903       93.236272              93.236272
              1       50.422109      0.76579546       1.0150682         13.101859           11.873908      0.77994859     -0.38495874       5.6245903        5.6245903       89.595037              89.595037
              1       50.587264      0.76579546       1.0155593         13.102461           11.874835        0.780403     -0.38733589       5.6245903        5.6245903       89.925348              89.925348
              1       50.065939      0.76579546       1.0342417         13.102331           11.872874      0.78933404     -0.37983524       5.6245903        5.6245903       88.882697              88.882697
              1       51.141568      0.76579546       1.0245257         13.101768           11.870999      0.78848519     -0.37122744       5.6245903        5.6245903       91.033955              91.033955
              1       53.188122      0.76579546       1.0324006         13.114005           11.878057      0.78601685     -0.35396072       5.6245903        5.6245903       95.127064              95.127064
              1       53.202442      0.76579546       1.0307985         13.114663           11.878225      0.78556383     -0.35562919       5.6245903        5.6245903       95.155704              95.155704
              3       51.099041      0.76579546       1.0318716         13.112132           11.880359      0.78112526     -0.35497135       5.6245903        5.6245903       90.948901              90.948901
              1       51.308702      0.76579546       1.0297846         13.112395           11.880403       0.7819992     -0.35410307       5.6245903        5.6245903       91.368223              91.368223
              5       51.935937      0.76579546       1.0360003         13.103573           11.873919      0.78851722     -0.35341413       5.6245903        5.6245903       92.622694              92.622694
              1       51.915903      0.76579546       1.0368963         13.104093           11.874416      0.78809141     -0.35242417       5.6245903        5.6245903       92.582626              92.582626
              1       51.742784      0.76579546       1.0369758          13.10393           11.874736      0.78790133     -0.35312504       5.6245903        5.6245903       92.236387              92.236387
              1       51.763547      0.76579546       1.0370987         13.103449           11.873909      0.78661418     -0.35278042       5.6245903        5.6245903       92.277913              92.277913
              1       51.410395      0.76579546       1.0497673         13.102483           11.872056      0.78827733     -0.35563983       5.6245903        5.6245903        91.57161               91.57161
              3       51.406549      0.76579546       1.0498722         13.101836           11.872325      0.78841294     -0.35468321       5.6245903        5.6245903       91.563917              91.563917
              1       52.407939      0.76579546       1.0426727           13.1034            11.87702      0.79281996     -0.34697699       5.6245903        5.6245903       93.566698              93.566698
              2       52.210722      0.76579546       1.0257919          13.10056           11.873294      0.79654225     -0.35987778       5.6245903        5.6245903       93.172263              93.172263
              1       52.020158      0.76579546       1.0233641         13.103197           11.874257       0.7946542      -0.3623133       5.6245903        5.6245903       92.791135              92.791135
              2       51.738104      0.76579546       1.0250284         13.101724           11.876952      0.79470573     -0.36624841       5.6245903        5.6245903       92.227027              92.227027
              1       52.131016      0.76579546       1.0163382         13.104817           11.878878      0.80059006     -0.36331646       5.6245903        5.6245903       93.012851              93.012851
              5       51.967608      0.76579546       1.0228736         13.108288            11.88046      0.80053443     -0.36230113       5.6245903        5.6245903       92.686035              92.686035
              1       54.706311      0.76579546       1.0291985         13.115988           11.880335      0.80149556     -0.35922949       5.6245903        5.6245903       98.163442              98.163442
              3       49.909066      0.76579546       1.0639383         13.111266            11.87646      0.79085574     -0.37072765       5.6245903        5.6245903       88.568951              88.568951
              1       50.192807      0.76579546        1.058693         13.113026           11.875498       0.7865954     -0.37240082       5.6245903        5.6245903       89.136433              89.136433
              1       50.338111      0.76579546       1.0571524         13.112749            11.87483       0.7861887     -0.37336169       5.6245903        5.6245903       89.427041              89.427041
              2       50.480264      0.76579546       1.0568074         13.113158           11.874869      0.78604404      -0.3731462       5.6245903        5.6245903       89.711347              89.711347
              1       50.643257      0.76579546       1.0568514         13.112994           11.874635       0.7858791     -0.37209626       5.6245903        5.6245903       90.037334              90.037334
              1        52.98668      0.75824377       1.0568514         13.112994           11.874635       0.7858791     -0.37209626       5.6245903        5.6245903       94.724179              94.724179
              4       49.721063      0.75824377       1.0604302          13.11084           11.879143       0.7779885     -0.37453112       5.6245903        5.6245903       88.192946              88.192946
              1       49.721122      0.75824377       1.0598876         13.111017           11.878588       0.7777396     -0.37355792       5.6245903        5.6245903       88.193064              88.193064
              1       50.631143      0.75824377       1.0515554         13.116958           11.876668      0.76946171     -0.39536962       5.6245903        5.6245903       90.013106              90.013106
              2       50.498545      0.75824377       1.0475096         13.117805           11.878152      0.77002654     -0.39428084       5.6245903        5.6245903       89.747909              89.747909
              2       50.389826      0.75824377       1.0464588         13.107798           11.871864      0.77184326     -0.39263396       5.6245903        5.6245903       89.530472              89.530472
              2       49.888558      0.77247287       1.0464588         13.107798           11.871864      0.77184326     -0.39263396       5.6245903        5.6245903       88.527936              88.527936
              2       49.970948      0.77247287       1.0474673         13.107764           11.871966      0.77221056     -0.39288543       5.6245903        5.6245903       88.692716              88.692716
              2       49.298008      0.77247287       1.0394116         13.108654           11.871176      0.78579611     -0.39492761       5.6245903        5.6245903       87.346835              87.346835
              2        49.45571      0.77247287       1.0809878         13.096146            11.85403      0.79135013     -0.40638861       5.6245903        5.6245903        87.66224               87.66224
              1       50.161958      0.77247287       1.0811186          13.09627           11.853564      0.79144359     -0.40348062       5.6245903        5.6245903       89.074735              89.074735
              2       50.919119      0.77247287       1.0784581         13.097195           11.853523      0.79121217     -0.40278255       5.6245903        5.6245903       90.589058              90.589058
              5       50.759799      0.77247287       1.0707999         13.092103           11.861293      0.79842836     -0.39360173       5.6245903        5.6245903       90.270417              90.270417
              5       49.871931      0.77247287       1.0682572         13.088618           11.855533      0.79313189     -0.39350171       5.6245903        5.6245903        88.49468               88.49468
              6       50.005654      0.77247287        1.067539         13.088516            11.85646      0.79301306      -0.3935022       5.6245903        5.6245903       88.762128              88.762128
              2       50.994644      0.77247287       1.0654126         13.087381           11.858259      0.79346633     -0.39513029       5.6245903        5.6245903       90.740107              90.740107
              4       49.724309      0.75774883       1.0654126         13.087381           11.858259      0.79346633     -0.39513029       5.6245903        5.6245903       88.199436              88.199436
              3       49.422461      0.75774883       1.0578947         13.087017           11.860247       0.7944453     -0.39553079       5.6245903        5.6245903       87.595741              87.595741
              4       49.070363      0.75774883       1.0597085         13.088486            11.86176      0.79472373     -0.40216223       5.6245903        5.6245903       86.891545              86.891545
              3       50.338292      0.75774883       1.0382524         13.089425           11.863122      0.79873886     -0.39069922       5.6245903        5.6245903       89.427403              89.427403
              2       49.093128      0.75774883       1.0328953         13.096151           11.868002       0.8044949     -0.41331212       5.6245903        5.6245903       86.937076              86.937076
              1       48.448727      0.75774883       1.0289607         13.109814           11.874058      0.80092677     -0.45013385       5.6245903        5.6245903       85.648273              85.648273
              2       47.745763      0.75774883       1.0350679         13.108971           11.874344      0.81199359     -0.45613841       5.6245903        5.6245903       84.242346              84.242346
              3       47.542249      0.75774883       1.0591699         13.121143           11.882084      0.81217711     -0.43562734       5.6245903        5.6245903       83.835318              83.835318
              2       47.745407      0.75774883        1.060997         13.120696           11.880445      0.81283707     -0.43879116       5.6245903        5.6245903       84.241634              84.241634
              1        47.18072      0.75774883       1.0599495         13.119972            11.88236       0.8132898     -0.44257809       5.6245903        5.6245903       83.112259              83.112259
              4       47.601092      0.75774883       1.0470218          13.11301           11.879207      0.81194081     -0.44070185       5.6245903        5.6245903       83.953004              83.953004
              2       47.441625      0.75774883       1.0474795         13.115632           11.881546      0.81948142     -0.43527615       5.6245903        5.6245903        83.63407               83.63407
              4       47.663265      0.75774883       1.0565477         13.114948           11.882892      0.81811243     -0.42943117       5.6245903        5.6245903        84.07735               84.07735
              4        47.93238      0.75774883       1.0367902         13.114089           11.878993      0.81351644     -0.43738266       5.6245903        5.6245903       84.615579              84.615579
              1       47.694034      0.75774883       1.0333968         13.117908            11.88332      0.81330139     -0.43859194       5.6245903        5.6245903       84.138888              84.138888
              1       47.570312      0.75774883       1.0496837         13.121382           11.878057      0.81299175     -0.48888101       5.6245903        5.6245903       83.891443              83.891443
              2       47.361996      0.75774883       1.0577365         13.119465           11.876417        0.814406     -0.48615095       5.6245903        5.6245903       83.474812              83.474812
              7        46.98183      0.75774883       1.0595304         13.121802           11.879854      0.81916622     -0.48648046       5.6245903        5.6245903       82.714478              82.714478
              2       46.569844      0.75774883       1.0641206           13.1236           11.880112      0.82722613     -0.48675704       5.6245903        5.6245903       81.890507              81.890507
              2       46.362063      0.75774883       1.0746438         13.124756           11.880673      0.82927939     -0.48104064       5.6245903        5.6245903       81.474945              81.474945
              2       45.977344      0.75990014       1.0746438         13.124756           11.880673      0.82927939     -0.48104064       5.6245903        5.6245903       80.705507              80.705507
              1       46.487368      0.75990014       1.0754605         13.124812           11.878298      0.82852229     -0.48056861       5.6245903        5.6245903       81.725554              81.725554
              1       46.215956      0.75990014       1.0759173         13.123981           11.878697      0.82750758     -0.47943603       5.6245903        5.6245903       81.182731              81.182731
              1       46.409221      0.75990014       1.0718529         13.124757           11.879116      0.82623215     -0.47844472       5.6245903        5.6245903       81.569262              81.569262
              2       46.458701      0.75990014       1.0718821         13.124749           11.878981      0.82621796     -0.47814382       5.6245903        5.6245903       81.668221              81.668221
              1          47.016      0.75990014       1.0497305         13.116226           11.883054      0.84225945     -0.46661959       5.6245903        5.6245903       82.782819              82.782819
              1       46.738047      0.75766162       1.0497305         13.116226           11.883054      0.84225945     -0.46661959       5.6245903        5.6245903       82.226914              82.226914
              1       46.544609      0.75766162       1.0539393         13.121171           11.886428       0.8443009     -0.46003729       5.6245903        5.6245903       81.840038              81.840038
              2        46.75408      0.75766162       1.0620427         13.117891           11.880317        0.843334     -0.46014016       5.6245903        5.6245903        82.25898               82.25898
              1       46.430132      0.75766162       1.0644329         13.116895           11.881336      0.84529885     -0.46075376       5.6245903        5.6245903       81.611083              81.611083
              1       46.481207      0.75766162       1.0636766         13.115914             11.8817      0.84476594      -0.4617362       5.6245903        5.6245903       81.713234              81.713234
              2       47.653005      0.75766162       1.0531657         13.116957           11.876909      0.84986384     -0.47597682       5.6245903        5.6245903       84.056829              84.056829
              1       47.656348      0.75766162       1.0532056         13.116891            11.87687      0.84989567     -0.47589477       5.6245903        5.6245903       84.063515              84.063515
              1       46.673187      0.75766162       1.0434447         13.114385           11.878395      0.85137398     -0.47859503       5.6245903        5.6245903       82.097194              82.097194
             12       46.270547      0.75766162       1.0487215         13.111781           11.876526       0.8511548     -0.49270342       5.6245903        5.6245903       81.291913              81.291913
              1       46.420811      0.75766162       1.0520478         13.112944           11.879467      0.85323132     -0.48468854       5.6245903        5.6245903       81.592441              81.592441
              3       46.340654      0.75766162       1.0473341         13.112837           11.878257      0.85677463     -0.48456563       5.6245903        5.6245903       81.432128              81.432128
              1       46.457909      0.75766162       1.0526213         13.115325           11.878543      0.85846598     -0.48310175       5.6245903        5.6245903       81.666638              81.666638
              1       47.029195      0.75766162       1.0607394         13.115654           11.872203      0.85910794     -0.51266948       5.6245903        5.6245903        82.80921               82.80921
              2       47.556693      0.75766162       1.0599812         13.115868           11.871642      0.85941286     -0.51236051       5.6245903        5.6245903       83.864205              83.864205
              1       45.937904      0.75766162       1.0614914         13.110581           11.872606      0.86586677     -0.51244729       5.6245903        5.6245903       80.626627              80.626627
              2        46.25482      0.75766162       1.0680324          13.10811           11.869065      0.86400334     -0.50788646       5.6245903        5.6245903       81.260459              81.260459
              2       45.908218      0.75766162       1.0833921         13.106611           11.870914      0.86600135      -0.5071984       5.6245903        5.6245903       80.567256              80.567256
              2        45.73829      0.75766162       1.0893187         13.106358           11.868177       0.8564958     -0.50185633       5.6245903        5.6245903         80.2274                80.2274
              2       45.962593      0.75766162       1.0917942         13.103548           11.863934      0.85531244     -0.52225263       5.6245903        5.6245903       80.676005              80.676005
              4       47.008879      0.75766162       1.1056576         13.112991           11.863382      0.85032415     -0.53212284       5.6245903        5.6245903       82.768577              82.768577
              4       46.312656      0.75766162       1.1078377         13.110871           11.865382      0.85234084     -0.54169812       5.6245903        5.6245903       81.376132              81.376132
              4       46.054352      0.75766162       1.1172327         13.117304           11.868011      0.85347187     -0.54072962       5.6245903        5.6245903       80.859523              80.859523
              1       48.593373      0.75766162       1.1164005         13.122747           11.877534      0.85615637     -0.55062133       5.6245903        5.6245903       85.937566              85.937566
              1        48.78558      0.75766162       1.1168742         13.122368           11.877589       0.8568991     -0.55047836       5.6245903        5.6245903        86.32198               86.32198
              2       47.884204      0.75766162       1.1128791           13.1228           11.877545      0.85766635      -0.5485269       5.6245903        5.6245903       84.519227              84.519227
              1       45.571214      0.75766162       1.1217249          13.12814           11.877668      0.85838406     -0.53626712       5.6245903        5.6245903       79.893247              79.893247
              4       45.932034      0.75766162       1.1236017         13.126333           11.877775      0.85904292     -0.53797178       5.6245903        5.6245903       80.614887              80.614887
              6        45.95386      0.75766162       1.1081529         13.128272           11.876048      0.86484448     -0.55466372       5.6245903        5.6245903       80.658539              80.658539
              1       45.905471      0.75766162       1.1087667         13.128206           11.875713      0.86639316     -0.55198912       5.6245903        5.6245903       80.561761              80.561761
              1       46.140018      0.75766162       1.1186331          13.13977           11.881858      0.86748465     -0.55256275       5.6245903        5.6245903       81.030855              81.030855
              8        46.06848      0.75766162       1.1291691         13.136386           11.879524      0.85923572     -0.53520475       5.6245903        5.6245903        80.88778               80.88778
              1       46.149292      0.75766162        1.136648         13.141214           11.881997      0.85737123     -0.53623238       5.6245903        5.6245903       81.049404              81.049404
              1       45.331156      0.75766162       1.1246821         13.141721           11.888972      0.85394293     -0.52177495       5.6245903        5.6245903       79.413131              79.413131
              8       44.802712      0.75766162       1.1275646         13.145344           11.892598      0.86967335     -0.51197455       5.6245903        5.6245903       78.356244              78.356244
              2       44.885294      0.75766162       1.1066557         13.148029             11.8989      0.87738716     -0.51300369       5.6245903        5.6245903       78.521408              78.521408
              2       48.617285      0.75766162       1.0991239         13.150355           11.894302      0.87568385      -0.4994044       5.6245903        5.6245903       85.985389              85.985389
              5       49.262496      0.75766162       1.1079584         13.154048           11.896931      0.87848173     -0.49208068       5.6245903        5.6245903       87.275812              87.275812
              3       45.773816      0.75766162       1.1076715         13.144757           11.898641      0.87945167     -0.47815035       5.6245903        5.6245903       80.298452              80.298452
              1       46.005912      0.75766162       1.1082107         13.143477           11.897607       0.8779044     -0.47373908       5.6245903        5.6245903       80.762643              80.762643
              2       46.591912      0.75766162       1.1100735         13.142487           11.894455      0.87827268     -0.47755542       5.6245903        5.6245903       81.934644              81.934644
              5       45.776335      0.75766162       1.1093314         13.139349           11.895553      0.88003052     -0.47761041       5.6245903        5.6245903        80.30349               80.30349
              1       45.776017      0.75766162       1.1097391         13.138691            11.89526      0.88000656     -0.47741052       5.6245903        5.6245903       80.302854              80.302854
              3       45.616621      0.75766162       1.1018772         13.136781           11.894846      0.88199547     -0.48799182       5.6245903        5.6245903       79.984061              79.984061
              2       45.407537      0.75586431       1.1018772         13.136781           11.894846      0.88199547     -0.48799182       5.6245903        5.6245903       79.565893              79.565893
             14       45.009742      0.75586431       1.1039714         13.141719           11.896156      0.88171344     -0.50283562       5.6245903        5.6245903       78.770304              78.770304
              6       45.141972      0.75586431       1.1034685         13.141043           11.893241      0.88139351      -0.5086731       5.6245903        5.6245903       79.034763              79.034763
              3       45.109434      0.75586431       1.1044704         13.140282           11.892143      0.88419744     -0.51510388       5.6245903        5.6245903       78.969688              78.969688
              2       44.974405      0.75586431       1.1121576         13.141876           11.892212      0.88552996     -0.52174791       5.6245903        5.6245903       78.699629              78.699629
              2       45.106631      0.75586431       1.1196464         13.131368            11.88457      0.88924643     -0.52049868       5.6245903        5.6245903       78.964082              78.964082
              1       45.845119      0.75586431       1.1203281         13.132122            11.88237      0.88657341     -0.52122061       5.6245903        5.6245903       80.441058              80.441058
              1       45.075984      0.75586431       1.1190804         13.130407           11.883031      0.88717687     -0.52697126       5.6245903        5.6245903       78.902788              78.902788
              1       45.458915      0.75586431       1.1115219         13.128863           11.881373      0.88573301     -0.52485784       5.6245903        5.6245903       79.668649              79.668649
             11       46.204301      0.75586431       1.1348447         13.117237           11.869253      0.88220382     -0.52309457       5.6245903        5.6245903       81.159422              81.159422
              1        46.91095      0.75586431       1.1272152         13.112889           11.864753      0.87347445      -0.5243535       5.6245903        5.6245903        82.57272               82.57272
              1       47.019825      0.75586431       1.1179503         13.115184           11.867047      0.87317173     -0.52430666       5.6245903        5.6245903        82.79047               82.79047
              4       46.679082      0.75586431       1.1135897         13.105947           11.871716      0.87418122     -0.46504922       5.6245903        5.6245903       82.108983              82.108983
              2       48.397802      0.75586431        1.105522         13.104735           11.867296      0.87724046     -0.47244977       5.6245903        5.6245903       85.546424              85.546424
              4       46.821017      0.75586431       1.1403104         13.099534           11.866519      0.89358914     -0.47807688       5.6245903        5.6245903       82.392853              82.392853
              1       46.907192      0.75586431       1.1379178         13.085278           11.857192      0.89279355     -0.49633044       5.6245903        5.6245903       82.565204              82.565204
              4       46.105195      0.75586431       1.1408634         13.087458           11.854249      0.88623629     -0.49636816       5.6245903        5.6245903       80.961209              80.961209
              2       46.823094      0.75586431       1.1371668         13.085209           11.856904      0.88723862     -0.49591682       5.6245903        5.6245903       82.397008              82.397008
              3       46.726228      0.75586431       1.1359129         13.087309           11.858361      0.88702964     -0.49675133       5.6245903        5.6245903       82.203276              82.203276
              3       46.378855      0.75586431       1.1365097         13.088152           11.857869      0.89072496     -0.49630061       5.6245903        5.6245903        81.50853               81.50853
              2        46.46157      0.75625907       1.1365097         13.088152           11.857869      0.89072496     -0.49630061       5.6245903        5.6245903       81.673959              81.673959
              1       46.219879      0.75625907       1.1328417         13.090205           11.857624      0.88985419     -0.49686217       5.6245903        5.6245903       81.190577              81.190577
              1         46.2522      0.75625907       1.1315274         13.090211            11.85846      0.89124376     -0.49826703       5.6245903        5.6245903        81.25522               81.25522
              1       46.316977      0.75625907       1.1465048         13.099313           11.857888       0.8881192     -0.51126168       5.6245903        5.6245903       81.384774              81.384774
              8       46.502578      0.76433573       1.1465048         13.099313           11.857888       0.8881192     -0.51126168       5.6245903        5.6245903       81.755976              81.755976
              1       46.377639      0.76433573       1.1580131         13.102356           11.859354       0.8896709     -0.51491574       5.6245903        5.6245903       81.506098              81.506098
              1       45.755587      0.76433573       1.1515445          13.11186            11.86149      0.87778045     -0.52039219       5.6245903        5.6245903       80.261993              80.261993
              2       46.488052      0.76433573        1.114074         13.127659           11.880075      0.89882077      -0.5202036       5.6245903        5.6245903       81.726923              81.726923
              1       46.526663      0.76433573       1.1131357         13.127718           11.879508       0.9057404     -0.53224872       5.6245903        5.6245903       81.804145              81.804145
              2       47.107219      0.76433573       1.0696075         13.128951           11.883657      0.90563433     -0.52985811       5.6245903        5.6245903       82.965257              82.965257
              1       46.934201      0.76092289       1.0696075         13.128951           11.883657      0.90563433     -0.52985811       5.6245903        5.6245903       82.619222              82.619222
              4         48.0911      0.76092289       1.0709991          13.12679           11.885668      0.91335321     -0.51265053       5.6245903        5.6245903        84.93302               84.93302
              6        47.31278      0.76092289       1.0814552         13.124455           11.883947      0.90995049     -0.51354965       5.6245903        5.6245903        83.37638               83.37638
              3       45.909785      0.76092289       1.0863074         13.130481           11.883795      0.90759527     -0.54475512       5.6245903        5.6245903       80.570389              80.570389
              2        45.37413      0.76092289       1.0966107         13.138684           11.889148      0.90092826     -0.54355424       5.6245903        5.6245903        79.49908               79.49908
              1       45.606722      0.76092289       1.0911692         13.139004           11.891382      0.90100302     -0.54379365       5.6245903        5.6245903       79.964264              79.964264
              2       45.429343      0.76092289        1.089978         13.139424           11.890537      0.90023659     -0.54698906       5.6245903        5.6245903       79.609506              79.609506
              2       50.323321      0.77261738        1.089978         13.139424           11.890537      0.90023659     -0.54698906       5.6245903        5.6245903       89.397462              89.397462
              1       47.874154      0.77261738       1.0857728         13.140486           11.886305      0.90390216     -0.54630442       5.6245903        5.6245903       84.499128              84.499128
              2       47.942246      0.77261738       1.1073295         13.141296           11.883808      0.90839663     -0.57689706       5.6245903        5.6245903       84.635311              84.635311
              1       47.437117      0.77261738       1.1173994         13.144302           11.880231      0.90594941     -0.56975368       5.6245903        5.6245903       83.625053              83.625053
              1       47.450505      0.77261738       1.1172313         13.144372           11.880174      0.90582363     -0.56992028       5.6245903        5.6245903        83.65183               83.65183
              1       47.216921      0.77261738        1.112307         13.141778           11.882028      0.90708292     -0.57011061       5.6245903        5.6245903       83.184662              83.184662
              6       47.212178      0.77261738       1.1121973          13.14185           11.882107      0.90700661     -0.57009414       5.6245903        5.6245903       83.175175              83.175175
              1        46.34676      0.76546202       1.1121973          13.14185           11.882107      0.90700661     -0.57009414       5.6245903        5.6245903        81.44434               81.44434
              1       46.552636      0.76546202       1.1156965          13.14567           11.885033      0.90974971     -0.56645011       5.6245903        5.6245903       81.856092              81.856092
              6       46.226366      0.76546202       1.1297953         13.141955           11.883593       0.9153589     -0.57666797       5.6245903        5.6245903       81.203551              81.203551
              2        46.42931      0.76546202       1.1278308         13.139422           11.879394      0.91490541     -0.58083257       5.6245903        5.6245903       81.609439              81.609439
              4       46.159757      0.76546202       1.1370036         13.135935           11.877841      0.91076774     -0.56861294       5.6245903        5.6245903       81.070334              81.070334
              7       46.410117      0.76546202       1.1369862         13.135962            11.87779      0.91301116     -0.56667702       5.6245903        5.6245903       81.571053              81.571053
              1       46.348602      0.76546202       1.1420914         13.136394           11.881331      0.91244776     -0.55242417       5.6245903        5.6245903       81.448023              81.448023
              5       46.330443      0.76546202       1.1419884         13.136311           11.881235       0.9121308     -0.55233233       5.6245903        5.6245903       81.411705              81.411705
              1       46.344015      0.76546202       1.1419359         13.136349           11.881442      0.91221306     -0.55189171       5.6245903        5.6245903       81.438849              81.438849
              4       46.314936      0.76546202       1.1581416         13.133336           11.879508        0.907355     -0.54168408       5.6245903        5.6245903       81.380691              81.380691
              5       46.177973      0.76546202       1.1607824         13.135161           11.879224      0.90560207     -0.54092489       5.6245903        5.6245903       81.106765              81.106765
              1       46.317423      0.76546202       1.1622994          13.13496            11.87824      0.90567428     -0.54026493       5.6245903        5.6245903       81.385666              81.385666
              1       46.765772      0.76546202       1.1708244         13.139956           11.882109      0.90728793     -0.53139083       5.6245903        5.6245903       82.282363              82.282363
              2       46.868747      0.76546202       1.1733452         13.137149           11.883783      0.90797307     -0.53091035       5.6245903        5.6245903       82.488313              82.488313
              1       47.599497      0.76546202       1.1736823         13.137602           11.878392      0.90886635     -0.53230203       5.6245903        5.6245903       83.949813              83.949813
              1       48.854931      0.76546202       1.1741787         13.124433           11.877955      0.91360518     -0.53041802       5.6245903        5.6245903       86.460682              86.460682
              3       49.719792      0.76546202       1.1731983          13.12437           11.878502      0.91422126     -0.53762361       5.6245903        5.6245903       88.190403              88.190403
              4       48.879289      0.76546202       1.1553469         13.129291           11.880404      0.92779827     -0.53014769       5.6245903        5.6245903       86.509398              86.509398
              6       49.081235      0.76546202       1.1522059         13.129959           11.880979      0.92788054     -0.52724589       5.6245903        5.6245903        86.91329               86.91329
              6       48.775986      0.76546202       1.1484832         13.137115           11.888326      0.92587739     -0.53160593       5.6245903        5.6245903       86.302792              86.302792
              1       46.070376      0.75307699       1.1484832         13.137115           11.888326      0.92587739     -0.53160593       5.6245903        5.6245903       80.891571              80.891571
              1       45.171635      0.75307699        1.117509         13.133403           11.890851      0.90709789     -0.51954851       5.6245903        5.6245903        79.09409               79.09409
              5       46.017512      0.75307699       1.1245633         13.134174            11.89375      0.90377193     -0.52362608       5.6245903        5.6245903       80.785844              80.785844
              4       45.461684      0.75307699       1.1175689         13.136485            11.89375      0.90632853     -0.53306309       5.6245903        5.6245903       79.674187              79.674187
              4       45.789766      0.75307699       1.1200671         13.129747            11.88443      0.89984279     -0.51707089       5.6245903        5.6245903       80.330351              80.330351
              2       45.562451      0.75492621       1.1200671         13.129747            11.88443      0.89984279     -0.51707089       5.6245903        5.6245903       79.875721              79.875721
              2       47.693479      0.75492621       1.1329286         13.130378            11.87757      0.89352302     -0.52833227       5.6245903        5.6245903       84.137778              84.137778
              1       47.765247      0.75492621       1.1327165         13.130446           11.877549      0.89341477     -0.52826468       5.6245903        5.6245903       84.281313              84.281313
              3       45.373697      0.75492621       1.1210927           13.1277           11.879077      0.89410818     -0.54743493       5.6245903        5.6245903       79.498213              79.498213
              1       46.843735      0.75492621       1.1128427         13.128402           11.875487      0.89287041     -0.56162839       5.6245903        5.6245903       82.438289              82.438289
              2        47.30701      0.75492621       1.1147655         13.132523           11.877246      0.89214863     -0.56345821       5.6245903        5.6245903       83.364839              83.364839
              5       47.306973      0.75492621        1.111172         13.132831           11.877923       0.8922602     -0.56203206       5.6245903        5.6245903       83.364765              83.364765
              4        47.92954      0.75492621       1.1162453         13.130258           11.874244      0.89406598     -0.56974608       5.6245903        5.6245903         84.6099                84.6099
              1       47.113473      0.75492621       1.1266642          13.13205           11.875305      0.89208709      -0.5754134       5.6245903        5.6245903       82.977766              82.977766
              1       46.825079      0.75492621       1.1303714          13.13175           11.875575      0.89578006     -0.57393326       5.6245903        5.6245903       82.400978              82.400978
              2       48.591736      0.75492621       1.1259882         13.129722           11.870707      0.89894364     -0.59261888       5.6245903        5.6245903       85.934291              85.934291
              3       47.400345      0.75492621       1.1398629         13.121557           11.867861      0.89604386      -0.6027331       5.6245903        5.6245903       83.551509              83.551509
              2       47.532211      0.75492621       1.1395793         13.121321           11.868447      0.89666684     -0.60373419       5.6245903        5.6245903       83.815241              83.815241
              3       47.316032      0.75492621       1.1366157         13.117501           11.867914      0.89822786     -0.59665402       5.6245903        5.6245903       83.382884              83.382884
              1       48.465545      0.75492621       1.1383171           13.1094           11.860893      0.88695582     -0.60206568       5.6245903        5.6245903        85.68191               85.68191
              2       47.518427      0.75492621       1.1432659         13.110881           11.859932      0.88588403     -0.59545771       5.6245903        5.6245903       83.787674              83.787674
              1       47.677752      0.75492621       1.1423617         13.112949           11.860149      0.88446498     -0.59742891       5.6245903        5.6245903       84.106323              84.106323
              7       48.035608      0.75492621        1.143302         13.112606           11.858821      0.88331358     -0.60154546       5.6245903        5.6245903       84.822035              84.822035
              1       48.180751      0.75492621       1.1495485         13.112279           11.862343      0.88550381     -0.59783799       5.6245903        5.6245903       85.112322              85.112322
              2       48.220674      0.75492621        1.144992         13.113324           11.863937      0.88544556     -0.59666051       5.6245903        5.6245903       85.192167              85.192167
              1       47.722331      0.76441754       1.1419784         13.114715           11.859414      0.87785776      -0.6010271       5.6245903        5.6245903       84.195481              84.195481
              2       48.500798      0.76441754       1.1947513          13.12172           11.869385      0.77977686       -0.441533       5.6245903        5.6245903       85.752416              85.752416
              2       49.423352      0.76441754       1.1254405         13.151415            11.89515      0.78327905     -0.47107093       5.6245903        5.6245903       87.597523              87.597523
              2       48.733073      0.76441754       1.1321641         13.151459           11.894752      0.79092357     -0.47577743       5.6245903        5.6245903       86.216965              86.216965
              1       47.847826      0.76441754       1.0339956         13.148036           11.898045      0.77884814     -0.44501998       5.6245903        5.6245903       84.446471              84.446471
              1       47.970307      0.76441754       1.0126405         13.151814           11.902308      0.78157705     -0.45175391       5.6245903        5.6245903       84.691433              84.691433
              1       47.430298      0.76441754       1.0430265         13.134244           11.883114      0.80429013     -0.47099046       5.6245903        5.6245903       83.611415              83.611415
              2       46.367861      0.78174728       1.0375241         13.136783           11.874856      0.79043595      -0.4789632       5.6245903        5.6245903       81.486541              81.486541
              3       48.827901      0.78174728       1.1015914         13.151523           11.890843      0.84240899     -0.47004145       5.6245903        5.6245903       86.406621              86.406621
              1       46.179678      0.78174728        1.132316         13.107578           11.848443       0.8001689     -0.47102471       5.6245903        5.6245903       81.110176              81.110176
              1       45.760268      0.78174728       1.0813832         13.113362           11.855505      0.78712095     -0.47557451       5.6245903        5.6245903       80.271355              80.271355
              6       45.102262      0.78174728       1.1193035         13.122828           11.859788      0.78461405     -0.48552721       5.6245903        5.6245903       78.955344              78.955344
              3       45.735426      0.77022508       1.1229619          13.12114           11.865279      0.79382543     -0.48022629       5.6245903        5.6245903       80.221671              80.221671
              3       46.289479      0.77022508       1.1558261         13.110765           11.853405      0.78667977     -0.49095999       5.6245903        5.6245903       81.329778              81.329778
              1       45.848248      0.77022508       1.1945799          13.13652           11.867239      0.80428195     -0.51583467       5.6245903        5.6245903       80.447316              80.447316
              2       45.339618      0.79889086       1.1854783          13.14072           11.853578      0.78136522     -0.52902268       5.6245903        5.6245903       79.430056              79.430056
              4       45.105431      0.79889086       1.1764154         13.151791           11.861352      0.77548603     -0.52990193       5.6245903        5.6245903       78.961681              78.961681
              2       45.087758      0.79889086        1.183357         13.149461           11.858302      0.77363226     -0.53033854       5.6245903        5.6245903       78.926336              78.926336
              7       46.082009      0.79889086       1.1629621         13.214571           11.904862      0.78002882     -0.56191679       5.6245903        5.6245903       80.914837              80.914837
              4       45.536502      0.79889086        1.090492         13.226324            11.91755      0.77143805     -0.54667041       5.6245903        5.6245903       79.823824              79.823824
              4       45.686556      0.81039001       1.0868409         13.228009            11.91207       0.7622451     -0.55196072       5.6245903        5.6245903       80.123931              80.123931
              5       46.510105      0.82140645       1.0833431         13.229624            11.90682      0.75343806     -0.55702895       5.6245903        5.6245903        81.77103               81.77103
              1       45.976783      0.81540717       1.0852479         13.228745           11.909679      0.75823416     -0.55426892       5.6245903        5.6245903       80.704385              80.704385
              3       46.416588      0.81540717       1.1281065         13.216332           11.895925      0.76332017     -0.56295264       5.6245903        5.6245903       81.583996              81.583996
              1       47.437287      0.82492775       1.1250837         13.217727           11.891388      0.75570899     -0.56733269       5.6245903        5.6245903       83.625393              83.625393
              1       50.761192      0.82492775       1.1273445         13.234827           11.912658       0.7757377       -0.544834       5.6245903        5.6245903       90.273203              90.273203
              1       49.961472      0.82492775      0.96926493         13.220288           11.916639      0.76560186     -0.52401649       5.6245903        5.6245903       88.673763              88.673763
              4       49.064437      0.82492775       0.9378292         13.230579           11.927479      0.74056826     -0.49626696       5.6245903        5.6245903       86.879693              86.879693
              2       48.520788      0.82179186      0.93882487         13.230119           11.928974      0.74307523     -0.49482426       5.6245903        5.6245903       85.792395              85.792395
              2       48.457636      0.82179186      0.93841818         13.229761           11.928615      0.74310423     -0.49579791       5.6245903        5.6245903       85.666091              85.666091
              4       49.129808      0.82179186      0.96336959         13.235097           11.929439      0.75625278     -0.50432201       5.6245903        5.6245903       87.010436              87.010436
              2       49.880343      0.82179186      0.96830109         13.235078            11.92941      0.76154735     -0.50427331       5.6245903        5.6245903       88.511505              88.511505
              2       50.430455      0.82179186      0.97341915         13.240062           11.928622      0.75822907     -0.50643109       5.6245903        5.6245903        89.61173               89.61173
              5       50.410031      0.82179186      0.96771355         13.252461           11.942988      0.76315997     -0.50134131       5.6245903        5.6245903       89.570882              89.570882
              4       49.221333      0.82179186      0.96513129         13.244927           11.936403      0.75739366     -0.50537791       5.6245903        5.6245903       87.193485              87.193485
              6       49.548897      0.82337388      0.96462898         13.245159           11.935649      0.75612892     -0.50610574       5.6245903        5.6245903       87.848613              87.848613
              1       47.695553      0.82337388       0.9321342         13.200797           11.904491      0.73647108     -0.50568849       5.6245903        5.6245903       84.141925              84.141925
              1       47.436028      0.82337388      0.98639448         13.194915           11.890408      0.75116081     -0.53192748       5.6245903        5.6245903       83.622876              83.622876
              3       47.110858      0.82337388       1.0153887         13.158141           11.863149      0.75082401     -0.55419739       5.6245903        5.6245903       82.972536              82.972536
              1       47.062802      0.82337388        1.002578         13.159286           11.864536      0.74940036     -0.55811304       5.6245903        5.6245903       82.876424              82.876424
              1       46.059611       0.8155258       1.0050698         13.158136           11.868276      0.75567447     -0.55450244       5.6245903        5.6245903       80.870041              80.870041
              1       46.688592       0.8155258       1.0170372           13.1671           11.874845      0.76788923      -0.5637499       5.6245903        5.6245903       82.128003              82.128003
              2       48.299561      0.82504208       1.0140157         13.168494            11.87031      0.76028149     -0.56812797       5.6245903        5.6245903       85.349941              85.349941
              1       47.281309      0.82504208        1.181368         13.163456           11.846484      0.75185941     -0.57295396       5.6245903        5.6245903       83.313437              83.313437
              2       47.335857      0.82504208       1.1024175         13.184289           11.857856      0.72892624     -0.59312681       5.6245903        5.6245903       83.422534              83.422534
              6       46.773594      0.82504208       1.0876402         13.187493            11.86269      0.71598446     -0.57670609       5.6245903        5.6245903       82.298008              82.298008
              2       47.415059      0.84920147       1.0799694         13.191033           11.851177      0.69667035     -0.58782088       5.6245903        5.6245903       83.580937              83.580937
              1       47.363642      0.84920147       1.0800185         13.190082           11.850523      0.69608382     -0.58871454       5.6245903        5.6245903       83.478103              83.478103
              2       47.533465      0.84920147       1.0982291         13.189967           11.847008      0.68849597     -0.58984932       5.6245903        5.6245903        83.81775               83.81775
              1       48.438458      0.84920147       1.0690107         13.251365            11.89955      0.67913055     -0.57100264       5.6245903        5.6245903       85.627736              85.627736
              1       48.602334      0.85082312       1.0684958         13.251602           11.898778      0.67783413     -0.57174869       5.6245903        5.6245903       85.955487              85.955487
              2        48.21481      0.84669792       1.0698056         13.250998           11.900743      0.68113201     -0.56985085       5.6245903        5.6245903       85.180438              85.180438
              4       48.693626      0.84669792       1.0533603         13.254474           11.903662      0.70551532     -0.59932967       5.6245903        5.6245903       86.138071              86.138071
              7       48.610868      0.84669792       1.1107707         13.232777           11.882694      0.69221382     -0.56756544       5.6245903        5.6245903       85.972555              85.972555
              1       50.937136      0.84669792       1.1002463         13.246744           11.885905      0.69610933     -0.60757941       5.6245903        5.6245903       90.625091              90.625091
              3       51.490287      0.85756927       1.0967946         13.248337           11.880724      0.68741827      -0.6125809       5.6245903        5.6245903       91.731394              91.731394
              2       50.524708      0.85756927       1.0811881         13.241439           11.876294      0.67766517     -0.61305664       5.6245903        5.6245903       89.800235              89.800235
              1       50.351285      0.85756927       1.0835837         13.240347           11.875731       0.6751754     -0.60728907       5.6245903        5.6245903       89.453389              89.453389
              2       50.341597      0.85756927       1.0783293         13.238587           11.873937      0.67094872     -0.60809103       5.6245903        5.6245903       89.434014              89.434014
              2       51.205705      0.85756927       1.1079077         13.238429           11.870624      0.67005834     -0.61944056       5.6245903        5.6245903        91.16223               91.16223
              1       48.511303      0.85756927       1.0205024         13.204564           11.852949      0.63925868     -0.57737861       5.6245903        5.6245903       85.773425              85.773425
              3       49.063092      0.85756927       1.1402704         13.184322           11.832415      0.63705319     -0.53375164       5.6245903        5.6245903       86.877003              86.877003
              1        48.91867      0.85756927       1.1396912         13.183185           11.831689      0.63531164     -0.53405734       5.6245903        5.6245903        86.58816               86.58816
              1       49.201393      0.85756927       1.1518919         13.177549           11.824624      0.63689112     -0.54528947       5.6245903        5.6245903       87.153606              87.153606
              3       48.939217      0.85756927       1.1528486         13.176038           11.824166      0.63896385     -0.54530727       5.6245903        5.6245903       86.629254              86.629254
              4       48.603464      0.85756927       1.1274523         13.147976           11.799692      0.65267433     -0.58630054       5.6245903        5.6245903       85.957748              85.957748
              3       49.127854      0.84848399        1.130337         13.146644           11.804021      0.65993752     -0.58212076       5.6245903        5.6245903       87.006528              87.006528
              1       47.921421      0.84848399       1.1594968         13.121282           11.786441        0.679475      -0.6080139       5.6245903        5.6245903       84.593662              84.593662
              3       47.272844      0.84848399       1.1476664         13.116766           11.786087      0.67047615     -0.59071271       5.6245903        5.6245903       83.296507              83.296507
              1       47.503606      0.84848399       1.1558801         13.114435           11.783234      0.66797852     -0.59123987       5.6245903        5.6245903       83.758031              83.758031
              1       46.442801      0.84848399       1.1591942         13.103199           11.779012      0.66204698     -0.54635285       5.6245903        5.6245903       81.636422              81.636422
              9       46.718673      0.84848399        1.176066         13.102336           11.777041      0.66957422     -0.55097087       5.6245903        5.6245903       82.188166              82.188166
              5        47.86613      0.81606622        1.186359         13.097585            11.79249      0.69549046     -0.53605672       5.6245903        5.6245903       84.483079              84.483079
              1       47.122281      0.81606622       1.1828618         13.097229           11.794957      0.69428467     -0.52164691       5.6245903        5.6245903       82.995382              82.995382
              2       47.249494      0.81606622       1.0058198         13.098419           11.814229      0.70447874     -0.56384186       5.6245903        5.6245903       83.249807              83.249807
              5       47.190885      0.81606622       1.0138335         13.101835           11.816346      0.70736346     -0.56699125       5.6245903        5.6245903       83.132589              83.132589
              2       46.726906      0.81606622      0.99972548         13.131788           11.843488      0.73680319     -0.57889595       5.6245903        5.6245903        82.20463               82.20463
              1       47.356088      0.81606622       1.0668331         13.102834           11.816027      0.78550063     -0.60043086       5.6245903        5.6245903       83.462996              83.462996
              1        47.73808      0.81606622       1.0831567          13.12428           11.824433      0.79015481     -0.62044772       5.6245903        5.6245903        84.22698               84.22698
              2        47.58507      0.81606622       1.0796097         13.123545           11.824481      0.78895422     -0.61871629       5.6245903        5.6245903        83.92096               83.92096
              2       47.534847       0.8152876       1.0798569         13.123431           11.824852      0.78957667     -0.61835808       5.6245903        5.6245903       83.820514              83.820514
              2       47.170041       0.8152876       1.1229413         13.118009           11.818372      0.78583848     -0.61221565       5.6245903        5.6245903       83.090902              83.090902
              4       47.142734       0.8152876       1.1195604          13.11917            11.81951       0.7856947      -0.6135812       5.6245903        5.6245903       83.036288              83.036288
              4       47.024268       0.8152876      0.98373337         13.118551           11.830943      0.74875632     -0.55916783       5.6245903        5.6245903       82.799355              82.799355
              3       48.325177       0.8152876      0.94112946         13.112091           11.826254      0.73964006     -0.56905522       5.6245903        5.6245903       85.401174              85.401174
              3        47.70326       0.8152876      0.94018965         13.109694           11.824716      0.73761422      -0.5744751       5.6245903        5.6245903        84.15734               84.15734
              2       47.583662       0.8152876      0.96197968         13.085323           11.804245      0.72022701      -0.5887187       5.6245903        5.6245903       83.918144              83.918144
              1       47.265262      0.82050571      0.96032288         13.086087           11.801758      0.71605542     -0.59111935       5.6245903        5.6245903       83.281343              83.281343
              1       46.399605      0.82050571       1.0111943         13.083297           11.804063      0.72281244     -0.54939214       5.6245903        5.6245903        81.55003               81.55003
              1        45.97744      0.82050571       1.0134381         13.090586           11.808927      0.72670356     -0.55149629       5.6245903        5.6245903         80.7057                80.7057
              1       45.739475      0.81165231       1.0162491         13.089288           11.813146      0.73378138     -0.54742319       5.6245903        5.6245903       80.229769              80.229769
              2       45.566753      0.81165231       1.0300571         13.090285             11.8135      0.73227459     -0.54091027       5.6245903        5.6245903       79.884325              79.884325
              1       45.561635      0.81165231       1.0971578         13.073791            11.79044       0.7417216     -0.56055029       5.6245903        5.6245903        79.87409               79.87409
              2       45.693202      0.81165231       1.0871645          13.07316           11.791109      0.73936016     -0.55108924       5.6245903        5.6245903       80.137223              80.137223
              1       45.600739      0.81361348       1.0865419         13.073447           11.790175      0.73779231      -0.5519915       5.6245903        5.6245903       79.952297              79.952297
              2        45.58458      0.81361348       1.0865939         13.073853           11.791018      0.74266586     -0.55463486       5.6245903        5.6245903       79.919979              79.919979
              1       45.721639      0.81361348       1.1246905         13.065506           11.780041      0.74761348     -0.57386496       5.6245903        5.6245903       80.194098              80.194098
              2       47.612088      0.81361348       1.0362575         13.050168           11.771421      0.73181758      -0.6014406       5.6245903        5.6245903       83.974996              83.974996
              6       47.738539      0.81361348       1.0327319         13.050287           11.771943      0.72558179     -0.59715604       5.6245903        5.6245903       84.227898              84.227898
              2       48.256725      0.81361348       1.0126853         13.050456           11.776636      0.72480037     -0.59179323       5.6245903        5.6245903       85.264269              85.264269
              5       46.437628      0.81361348        1.032001         13.078375           11.797238      0.74107786     -0.58965966       5.6245903        5.6245903       81.626075              81.626075
              1       46.465285       0.8120247       1.0325054         13.078142           11.797996        0.742348     -0.58892872       5.6245903        5.6245903       81.681389              81.681389
              2       45.896629       0.8120247       1.0508558         13.114974           11.827955      0.77323127     -0.57515949       5.6245903        5.6245903       80.544077              80.544077
              4       46.781634       0.8120247       1.1090594         13.120808           11.828192      0.72638476     -0.49825965       5.6245903        5.6245903       82.314087              82.314087
              5       46.309223       0.8120247       1.1730513         13.077252           11.785494      0.73175293     -0.54033612       5.6245903        5.6245903       81.369265              81.369265
              1       46.632873       0.8120247        1.244533         13.058288           11.769124      0.76209309     -0.55942491       5.6245903        5.6245903       82.016566              82.016566
              3       46.439387      0.80432403       1.2469781         13.057159           11.772794      0.76824936     -0.55588214       5.6245903        5.6245903       81.629593              81.629593
              1       47.066206      0.80432403       1.2259842         13.039172            11.75595      0.76047729     -0.58060837       5.6245903        5.6245903       82.883231              82.883231
              4       47.286054      0.80170902       1.2268145         13.038789           11.757197      0.76256784     -0.57940531       5.6245903        5.6245903       83.322928              83.322928
              2       46.520077      0.80170902       1.1569255         13.036334           11.765233      0.77301242     -0.58257643       5.6245903        5.6245903       81.790974              81.790974
              1       47.334244      0.80170902       1.2161067         13.005464           11.736124       0.7814522     -0.58545376       5.6245903        5.6245903       83.419307              83.419307
              1       47.352674      0.79963318       1.2167658          13.00516           11.737113      0.78311172     -0.58449875       5.6245903        5.6245903       83.456167              83.456167
              2       47.362452      0.79963318       1.2042197         13.011811           11.745643      0.78010641     -0.54794834       5.6245903        5.6245903       83.475724              83.475724
              1       48.243767      0.79963318       1.1630503         13.009078           11.748069      0.79839273     -0.55791964       5.6245903        5.6245903       85.238353              85.238353
              3       51.622683      0.79963318       1.2352765         13.013611           11.738507      0.83153915     -0.61514337       5.6245903        5.6245903       91.996185              91.996185
              2       50.645017      0.79963318       1.2941158         12.985801           11.708793       0.7982962     -0.62199194       5.6245903        5.6245903       90.040853              90.040853
              2       50.524232      0.80122504       1.2936104         12.986034           11.708034      0.79702359     -0.62272429       5.6245903        5.6245903       89.799284              89.799284
              7       49.379412      0.80122504         1.16888         13.003012           11.731901      0.79059859      -0.6135201       5.6245903        5.6245903       87.509644              87.509644
              1       49.511624      0.80122504       1.2065854         13.021768           11.742439      0.78229198     -0.60154232       5.6245903        5.6245903       87.774067              87.774067
              1       53.460712      0.80122504       1.2464079         13.034552           11.745462      0.81064323     -0.62790691       5.6245903        5.6245903       95.672244              95.672244
              3       52.510328      0.80122504       1.2834063         13.031425           11.744494      0.82581084     -0.62191848       5.6245903        5.6245903       93.771475              93.771475
              2        52.40777      0.80122504       1.2808307         13.031154           11.744287      0.82469607     -0.62276699       5.6245903        5.6245903        93.56636               93.56636
              2       51.718194      0.80122504       1.2823782         13.036109            11.74852      0.81922721     -0.61670728       5.6245903        5.6245903       92.187208              92.187208
              6       51.904652       0.8123502       1.2788459          13.03774           11.743219      0.81033325     -0.62182553       5.6245903        5.6245903       92.560123              92.560123
              1       49.659322       0.8123502        1.393676         13.003608           11.716097      0.76184176     -0.55339291       5.6245903        5.6245903       88.069463              88.069463
              3       49.100008       0.8123502       1.3861418          13.02208           11.725334      0.73752062     -0.55095034       5.6245903        5.6245903       86.950836              86.950836
              3       48.847832       0.8123502       1.3630974         12.987263           11.698729      0.71586756     -0.53758762       5.6245903        5.6245903       86.446482              86.446482
              2       48.885983       0.8123502       1.3649332         12.984684           11.696564      0.71226312     -0.53872717       5.6245903        5.6245903       86.522786              86.522786
              4       48.616194       0.8123502       1.3220337          12.97981           11.695453      0.69992138     -0.53141725       5.6245903        5.6245903       85.983207              85.983207
              1       48.759743       0.8123502       1.3170374         13.011332           11.719958      0.70409891     -0.52522863       5.6245903        5.6245903       86.270306              86.270306
              2        50.11915       0.8123502       1.3317854         13.016185           11.725664      0.73128761     -0.58722795       5.6245903        5.6245903       88.989119              88.989119
              1       49.910386       0.8123502       1.2973456         13.020248           11.728212      0.73226343     -0.60471223       5.6245903        5.6245903       88.571592              88.571592
              2       50.739404      0.82237694        1.294162         13.021718           11.723433       0.7242476     -0.60932514       5.6245903        5.6245903       90.229627              90.229627
              1       50.152854      0.82237694       1.2918719         13.034244           11.731054      0.73024163     -0.61919484       5.6245903        5.6245903       89.056528              89.056528
              2       48.048057      0.82237694       1.3018527         13.053104           11.747198      0.70275591     -0.53068471       5.6245903        5.6245903       84.846934              84.846934
