#        weight    minuslogpost ygk_LOWZ__1_lM1_0 ygk_LOWZ__1_lMmin_0   ygk_mass_bias       ygk_rhogy   minuslogprior minuslogprior__0            chi2 chi2__ygk_like.ygkLike
              1       47.941621         13.099758           11.741398      0.74543512     -0.57866255       4.7203721        4.7203721       86.442497              86.442497
              1       47.872925         13.095665           11.734397      0.75147843     -0.57765776       4.7203721        4.7203721       86.305106              86.305106
              3       47.546434         13.088433           11.736669      0.74994662     -0.57770193       4.7203721        4.7203721       85.652124              85.652124
              3       48.231072         13.097644           11.738349      0.74086797     -0.57676692       4.7203721        4.7203721         87.0214                87.0214
              5       48.468498         13.105809           11.750904       0.7448584     -0.57740937       4.7203721        4.7203721       87.496251              87.496251
              3       48.313721         13.106229           11.751422      0.74638999     -0.57756478       4.7203721        4.7203721       87.186697              87.186697
              2       47.938193         13.110119           11.754496      0.74945314      -0.5770554       4.7203721        4.7203721       86.435642              86.435642
              1       47.748927         13.110057           11.756753      0.75504398     -0.57723305       4.7203721        4.7203721        86.05711               86.05711
              2       47.205773         13.105614           11.748568      0.75581192     -0.57801539       4.7203721        4.7203721       84.970802              84.970802
              2       47.267574         13.108617           11.751597      0.75527354     -0.57767633       4.7203721        4.7203721       85.094405              85.094405
              1       47.268144         13.108631           11.751451      0.75516616      -0.5776663       4.7203721        4.7203721       85.095543              85.095543
              6       47.419298         13.111022            11.74918       0.7590808     -0.57761296       4.7203721        4.7203721       85.397852              85.397852
              2       46.991809         13.112433           11.754498       0.7654349     -0.57861215       4.7203721        4.7203721       84.542874              84.542874
              1       46.983024         13.112277           11.754556      0.76599394     -0.57857572       4.7203721        4.7203721       84.525304              84.525304
              3       47.883161         13.112638           11.748775      0.76498653     -0.57875942       4.7203721        4.7203721       86.325578              86.325578
              3       47.572478         13.104856           11.744248      0.75052507     -0.57669444       4.7203721        4.7203721       85.704211              85.704211
              2       47.749961         13.104095           11.741939      0.75175993     -0.57675807       4.7203721        4.7203721       86.059178              86.059178
              3        47.44085         13.097422           11.740144      0.75034171     -0.57757993       4.7203721        4.7203721       85.440956              85.440956
              1       47.499478         13.098587           11.742524      0.74994107     -0.57771956       4.7203721        4.7203721       85.558211              85.558211
              2       47.030621          13.09908           11.743532      0.75852115     -0.57749146       4.7203721        4.7203721       84.620497              84.620497
              1       47.241179         13.099781           11.741493      0.75554585     -0.57629731       4.7203721        4.7203721       85.041614              85.041614
              2       47.184218         13.100731           11.746198       0.7547899      -0.5762414       4.7203721        4.7203721       84.927692              84.927692
              2       48.242346         13.094141           11.746121      0.75179595     -0.57608899       4.7203721        4.7203721       87.043948              87.043948
              3       49.444029         13.105998           11.739897      0.73312494     -0.57466134       4.7203721        4.7203721       89.447315              89.447315
              1       49.671152         13.102231           11.753542      0.74499942     -0.57528968       4.7203721        4.7203721       89.901559              89.901559
              1        49.34956         13.096776           11.747501      0.74368264     -0.57652339       4.7203721        4.7203721       89.258376              89.258376
              1       50.360626         13.094676           11.735176      0.72609807     -0.57699454       4.7203721        4.7203721       91.280508              91.280508
              6       49.861167          13.09341           11.733447      0.72883829     -0.57750861       4.7203721        4.7203721        90.28159               90.28159
              7       50.807457         13.090596           11.735711      0.72747728     -0.57848683       4.7203721        4.7203721       92.174169              92.174169
              1        50.82569         13.090623           11.735572      0.72723004      -0.5784818       4.7203721        4.7203721       92.210636              92.210636
              3       49.612977         13.092233           11.733454      0.73046352     -0.57756292       4.7203721        4.7203721       89.785209              89.785209
              6       49.804029         13.091707           11.737145      0.73191147     -0.57712611       4.7203721        4.7203721       90.167313              90.167313
              1       49.708516         13.095097           11.736207      0.73018079     -0.57717705       4.7203721        4.7203721       89.976288              89.976288
              1       49.005563         13.098742           11.739584      0.73517012     -0.57706833       4.7203721        4.7203721       88.570382              88.570382
              2        48.47342         13.098109           11.734559      0.74581055     -0.58017856       4.7203721        4.7203721       87.506097              87.506097
              1       49.785915         13.096358           11.731748      0.73286492     -0.57996619       4.7203721        4.7203721       90.131087              90.131087
              4       49.460275         13.100541           11.736328      0.73389136     -0.57838944       4.7203721        4.7203721       89.479807              89.479807
              1       48.624985         13.095097           11.732898      0.74000848      -0.5781436       4.7203721        4.7203721       87.809226              87.809226
              1       51.117173          13.10116           11.729097      0.74707098     -0.57908865       4.7203721        4.7203721       92.793602              92.793602
              1       49.043846         13.083646           11.724213       0.7358439     -0.58085473       4.7203721        4.7203721       88.646947              88.646947
              1       48.900217         13.080656           11.720126      0.73861632     -0.58079945       4.7203721        4.7203721       88.359689              88.359689
              3       50.730051         13.073577           11.715123      0.72345287      -0.5807223       4.7203721        4.7203721       92.019357              92.019357
              3       49.260946         13.069676           11.713124      0.73084714     -0.57882435       4.7203721        4.7203721       89.081148              89.081148
              1       48.370817         13.062005           11.707197      0.73875105     -0.57935239       4.7203721        4.7203721       87.300891              87.300891
              1       49.178169         13.068675           11.708597      0.73792643     -0.57974932       4.7203721        4.7203721       88.915594              88.915594
              1       48.164288         13.072913           11.714863      0.74771635     -0.57901958       4.7203721        4.7203721       86.887831              86.887831
              4       48.616798         13.071303           11.712133      0.75384292     -0.57951366       4.7203721        4.7203721       87.792853              87.792853
              3       47.995056          13.08009           11.721177      0.75419627     -0.58055527       4.7203721        4.7203721       86.549368              86.549368
              2       48.810007         13.086762           11.723633      0.75382265     -0.58043412       4.7203721        4.7203721        88.17927               88.17927
              1       48.773416         13.087898           11.725948      0.76385299     -0.58121933       4.7203721        4.7203721       88.106087              88.106087
              1       46.960873         13.080013           11.728619      0.76368822     -0.58167538       4.7203721        4.7203721       84.481002              84.481002
              1       46.977419          13.08023           11.728438      0.76406834     -0.58172504       4.7203721        4.7203721       84.514094              84.514094
              1        46.94784         13.080112           11.731411      0.76791209     -0.58154436       4.7203721        4.7203721       84.454936              84.454936
              4       46.945404         13.079618           11.730629      0.76832207     -0.58150617       4.7203721        4.7203721       84.450064              84.450064
              3       47.081662         13.062911           11.714971      0.76607922     -0.58081086       4.7203721        4.7203721       84.722579              84.722579
              1       50.184945         13.062592             11.7066      0.77523328      -0.5812763       4.7203721        4.7203721       90.929145              90.929145
              2       49.389462         13.062606           11.708767      0.77611212     -0.58149315       4.7203721        4.7203721       89.338179              89.338179
              1       47.268636         13.051818           11.709123      0.77250345     -0.58215703       4.7203721        4.7203721       85.096528              85.096528
              2       47.471768         13.050794           11.710011      0.77590221     -0.58217067       4.7203721        4.7203721       85.502792              85.502792
              1        47.39319         13.051199           11.711763      0.77228207     -0.58221237       4.7203721        4.7203721       85.345637              85.345637
              3       47.457377         13.053405              11.714      0.77374708     -0.58233041       4.7203721        4.7203721       85.474009              85.474009
              5       47.758571         13.057384           11.719208      0.77146321     -0.58272447       4.7203721        4.7203721       86.076398              86.076398
              2        47.64607         13.056009           11.717017      0.77705962     -0.58239127       4.7203721        4.7203721       85.851395              85.851395
              2       47.680584         13.053803           11.715428      0.77681889     -0.58254638       4.7203721        4.7203721       85.920423              85.920423
              1       46.986144         13.062111           11.715646      0.76595398     -0.58434298       4.7203721        4.7203721       84.531543              84.531543
              2       46.993854         13.060843           11.714475      0.76637235     -0.58442837       4.7203721        4.7203721       84.546964              84.546964
              3       47.284409         13.058776           11.708435      0.75515484     -0.58264444       4.7203721        4.7203721       85.128074              85.128074
              2       47.142713         13.060065           11.712934       0.7561107     -0.58241706       4.7203721        4.7203721       84.844682              84.844682
              1       48.247522         13.070809           11.712782      0.75717928     -0.58380119       4.7203721        4.7203721       87.054299              87.054299
              4       48.562777          13.06447           11.706412      0.74877053     -0.58435119       4.7203721        4.7203721       87.684809              87.684809
              1        48.24639         13.065282           11.708149       0.7550909     -0.58564393       4.7203721        4.7203721       87.052036              87.052036
              1       47.238359         13.049925           11.706434      0.75895797     -0.58557438       4.7203721        4.7203721       85.035975              85.035975
              2       47.449271         13.049669           11.704001      0.75296366     -0.58583479       4.7203721        4.7203721       85.457799              85.457799
              2       47.763874         13.057549           11.707249      0.74754275      -0.5849681       4.7203721        4.7203721       86.087003              86.087003
              5       47.683434         13.057026           11.706748      0.74860717     -0.58500947       4.7203721        4.7203721       85.926124              85.926124
              1       47.662024         13.060049           11.707387      0.75150342      -0.5852529       4.7203721        4.7203721       85.883304              85.883304
              1       48.300236         13.061736           11.708795      0.74318959     -0.58599563       4.7203721        4.7203721       87.159727              87.159727
              1       48.499322         13.061921           11.712729      0.74298454     -0.58589388       4.7203721        4.7203721       87.557899              87.557899
              1       49.018863          13.06183           11.710813      0.73810022     -0.58602502       4.7203721        4.7203721       88.596983              88.596983
              1       48.941574         13.061121           11.710252       0.7386404      -0.5861393       4.7203721        4.7203721       88.442404              88.442404
              2       49.271069         13.052509           11.694904       0.7410553     -0.58473703       4.7203721        4.7203721       89.101394              89.101394
              1       48.584345         13.055757            11.70158        0.738983     -0.58295892       4.7203721        4.7203721       87.727945              87.727945
              2       48.414591         13.055042           11.701547      0.74024911     -0.58292985       4.7203721        4.7203721       87.388437              87.388437
              2       48.398981         13.054826           11.701621      0.74012943     -0.58293008       4.7203721        4.7203721       87.357219              87.357219
              3       48.329849         13.055185           11.702571      0.74029795      -0.5828688       4.7203721        4.7203721       87.218954              87.218954
