#        weight    minuslogpost ygk_LOWZ__1_lM1_0 ygk_LOWZ__1_lMmin_0   ygk_mass_bias       ygk_rhogy   minuslogprior minuslogprior__0            chi2 chi2__ygk_like.ygkLike
              1        48.93656         13.120708           11.772269      0.77160725     -0.58311926       4.7203721        4.7203721       88.432376              88.432376
              1        48.11491         13.123276           11.771451      0.77118496     -0.58402599       4.7203721        4.7203721       86.789075              86.789075
              2       47.459595          13.11555           11.764343       0.7822519     -0.58423222       4.7203721        4.7203721       85.478446              85.478446
              1       47.779803         13.114786            11.76551      0.78434054     -0.58408013       4.7203721        4.7203721       86.118861              86.118861
              2       47.711123          13.10877           11.760572      0.78059175     -0.58348887       4.7203721        4.7203721       85.981503              85.981503
              1         48.4146         13.106221           11.761474      0.78279985     -0.58272477       4.7203721        4.7203721       87.388455              87.388455
              1       48.335022         13.101295           11.749784      0.79239587     -0.58302841       4.7203721        4.7203721       87.229299              87.229299
              1       48.755128          13.09769           11.753808      0.79470443      -0.5832629       4.7203721        4.7203721       88.069512              88.069512
              1       48.898993         13.100849           11.754938      0.79771893     -0.58325796       4.7203721        4.7203721       88.357242              88.357242
              2       48.801555         13.098522           11.745964      0.79453144     -0.58411811       4.7203721        4.7203721       88.162365              88.162365
              1       49.336142         13.096402           11.744712      0.79773368     -0.58404877       4.7203721        4.7203721        89.23154               89.23154
              1       48.937765         13.093017           11.739892      0.79184742      -0.5832362       4.7203721        4.7203721       88.434787              88.434787
              7       48.366235         13.092666           11.741813      0.79096387     -0.58347566       4.7203721        4.7203721       87.291725              87.291725
              3       48.876403           13.1014           11.737343       0.7712856     -0.58339137       4.7203721        4.7203721       88.312061              88.312061
              1       48.697919         13.085486           11.724307      0.76644195     -0.58379429       4.7203721        4.7203721       87.955094              87.955094
              1       47.065941         13.084258           11.730339      0.76507682     -0.58509675       4.7203721        4.7203721       84.691137              84.691137
              3       47.105878         13.085794           11.731103      0.76501094     -0.58506218       4.7203721        4.7203721       84.771012              84.771012
              4       46.971441         13.086367           11.734621      0.77206771     -0.58595991       4.7203721        4.7203721       84.502137              84.502137
              1       47.152754         13.089845           11.735917      0.77480881     -0.58592626       4.7203721        4.7203721       84.864763              84.864763
              1       47.624452         13.087338           11.740842      0.76719498     -0.58590039       4.7203721        4.7203721        85.80816               85.80816
              1       47.073098         13.090403           11.735462      0.76317296     -0.58452473       4.7203721        4.7203721       84.705453              84.705453
              1       47.578206         13.097288            11.74966      0.77029743     -0.58391449       4.7203721        4.7203721       85.715668              85.715668
              1       47.102507         13.107115           11.748571      0.76622845     -0.58429495       4.7203721        4.7203721       84.764269              84.764269
              2       47.090251         13.106745            11.74845      0.76612479     -0.58431178       4.7203721        4.7203721       84.739759              84.739759
              1       47.562097         13.104277           11.750482      0.75876844      -0.5834628       4.7203721        4.7203721        85.68345               85.68345
              1       49.222822         13.114579           11.748409      0.74214903      -0.5845538       4.7203721        4.7203721       89.004899              89.004899
              1       49.239295         13.114561           11.748244      0.74209837     -0.58455039       4.7203721        4.7203721       89.037847              89.037847
              4       49.026508          13.11296           11.744365      0.74971253     -0.58538561       4.7203721        4.7203721       88.612272              88.612272
              1       48.401744         13.108074           11.745782      0.74802561     -0.58556683       4.7203721        4.7203721       87.362744              87.362744
              1       48.343655         13.107695           11.744797      0.74889658     -0.58562261       4.7203721        4.7203721       87.246565              87.246565
              1       48.016985         13.109352           11.754211      0.75717906     -0.58610419       4.7203721        4.7203721       86.593227              86.593227
              5       47.419455         13.106957           11.749516       0.7592455      -0.5855458       4.7203721        4.7203721       85.398167              85.398167
              3       47.872301         13.100672           11.738151      0.75921727     -0.58463121       4.7203721        4.7203721       86.303857              86.303857
              1       47.738771         13.088351           11.740414       0.7601352     -0.58362287       4.7203721        4.7203721       86.036798              86.036798
              1       47.144863          13.08942           11.737177      0.76024206     -0.58342055       4.7203721        4.7203721       84.848981              84.848981
              4       47.220427         13.089745           11.737513      0.75903769     -0.58337746       4.7203721        4.7203721        85.00011               85.00011
              1       47.073171         13.092499           11.737643      0.76126976     -0.58306155       4.7203721        4.7203721       84.705599              84.705599
              1       47.498983         13.104164           11.743959      0.75687833     -0.58379416       4.7203721        4.7203721       85.557221              85.557221
              1       47.319259         13.094017           11.746384       0.7714231     -0.58259544       4.7203721        4.7203721       85.197774              85.197774
              2       47.065898         13.099664           11.748535      0.76863422     -0.58182251       4.7203721        4.7203721       84.691052              84.691052
              2       47.117147         13.099648           11.748979       0.7686395     -0.58183349       4.7203721        4.7203721        84.79355               84.79355
              2       47.210981         13.097836           11.742692      0.75780042     -0.58179569       4.7203721        4.7203721       84.981218              84.981218
              1       48.220572         13.108247           11.742875      0.75576657     -0.58233352       4.7203721        4.7203721         87.0004                87.0004
              1       47.357633         13.111624           11.753727      0.75770616     -0.58161673       4.7203721        4.7203721       85.274521              85.274521
              6       48.060562         13.105972           11.758951      0.77251804     -0.58254205       4.7203721        4.7203721        86.68038               86.68038
              1       47.617942         13.101689           11.754259      0.78321851     -0.58442688       4.7203721        4.7203721        85.79514               85.79514
              1       47.806873         13.103727           11.749597      0.78778871     -0.58471307       4.7203721        4.7203721       86.173002              86.173002
              1       47.726838         13.103266           11.748829      0.78659273     -0.58481181       4.7203721        4.7203721       86.012932              86.012932
              1       47.949534         13.091987           11.744397      0.78998382     -0.58435127       4.7203721        4.7203721       86.458324              86.458324
              3       48.642011         13.089592           11.747849      0.79203571     -0.58475645       4.7203721        4.7203721       87.843279              87.843279
              2       48.649814          13.09373           11.752111       0.7840106     -0.58532708       4.7203721        4.7203721       87.858883              87.858883
              2       47.914026         13.093145           11.748552      0.78661385     -0.58636457       4.7203721        4.7203721       86.387307              86.387307
              3       47.870799         13.093217           11.748358      0.78664843     -0.58635744       4.7203721        4.7203721       86.300853              86.300853
              1       50.342953         13.093189           11.753608      0.80484464     -0.58572152       4.7203721        4.7203721       91.245162              91.245162
              1       49.780456         13.096189           11.752538      0.80450834     -0.58553564       4.7203721        4.7203721       90.120168              90.120168
              1       49.876669         13.090527           11.749441        0.802923      -0.5848288       4.7203721        4.7203721       90.312594              90.312594
              3        49.76225         13.090221           11.749312      0.80196019     -0.58488911       4.7203721        4.7203721       90.083756              90.083756
              1       51.089692         13.078668           11.739962      0.80882523     -0.58519946       4.7203721        4.7203721        92.73864               92.73864
              2       52.501271         13.073364           11.741928      0.80943378     -0.58513244       4.7203721        4.7203721       95.561799              95.561799
              2       51.670276          13.07029           11.740335       0.7879338     -0.58514574       4.7203721        4.7203721       93.899807              93.899807
              1       51.050918         13.071296           11.740041      0.78956759     -0.58499698       4.7203721        4.7203721       92.661092              92.661092
              4       49.545188         13.063746           11.729729      0.79196409     -0.58495362       4.7203721        4.7203721       89.649631              89.649631
              1       47.552669         13.072965           11.729634       0.7828655     -0.58579854       4.7203721        4.7203721       85.664594              85.664594
              3       48.295266         13.061448           11.724583      0.78152507     -0.58690524       4.7203721        4.7203721       87.149788              87.149788
              3       48.358984           13.0634           11.725588      0.78813108       -0.587406       4.7203721        4.7203721       87.277223              87.277223
              1       48.501093         13.063886           11.726972      0.78688746     -0.58742531       4.7203721        4.7203721       87.561442              87.561442
              1       48.021085         13.065566           11.725837      0.78704317     -0.58791633       4.7203721        4.7203721       86.601425              86.601425
              1       47.252367         13.058669           11.716697      0.77428107     -0.58798148       4.7203721        4.7203721       85.063989              85.063989
              3        47.08286         13.061146           11.715499       0.7737439     -0.58787074       4.7203721        4.7203721       84.724976              84.724976
              3       47.209038         13.056412           11.711581      0.77540965     -0.58732216       4.7203721        4.7203721       84.977331              84.977331
              2       47.232614         13.053845           11.710665      0.77592822     -0.58730919       4.7203721        4.7203721       85.024484              85.024484
              1       47.231902         13.053694           11.711091      0.77577064     -0.58724387       4.7203721        4.7203721       85.023061              85.023061
              2       47.570876         13.047841            11.70962      0.77048501     -0.58743678       4.7203721        4.7203721       85.701007              85.701007
              1       50.985185         13.041108           11.714195      0.77662552     -0.58742508       4.7203721        4.7203721       92.529626              92.529626
              1       51.786262         13.041516           11.715781      0.77590019     -0.58747108       4.7203721        4.7203721       94.131779              94.131779
              1       50.633628         13.043048           11.715226      0.77766923     -0.58753459       4.7203721        4.7203721       91.826513              91.826513
              3        47.42964         13.047165           11.708366      0.77429194     -0.58688305       4.7203721        4.7203721       85.418536              85.418536
              1       47.189285         13.045425           11.703443      0.77199921      -0.5865293       4.7203721        4.7203721       84.937826              84.937826
              2        47.28343         13.041431            11.69909      0.77294633     -0.58727014       4.7203721        4.7203721       85.126116              85.126116
              1       47.206842         13.044567           11.699001       0.7670709     -0.58750911       4.7203721        4.7203721       84.972939              84.972939
              2       47.996744         13.049399           11.696617      0.75311492     -0.58676133       4.7203721        4.7203721       86.552744              86.552744
              4        48.51539         13.054598           11.698877      0.74838428     -0.58790811       4.7203721        4.7203721       87.590037              87.590037
              4       47.191101         13.043144           11.697434      0.75996189     -0.58666441       4.7203721        4.7203721       84.941457              84.941457
              1        47.29017          13.05299           11.705755      0.75578346     -0.58646686       4.7203721        4.7203721       85.139596              85.139596
              1       47.173279         13.057429            11.70823      0.76339962     -0.58811047       4.7203721        4.7203721       84.905813              84.905813
              1       47.435895         13.058737           11.715496      0.76238524     -0.58774628       4.7203721        4.7203721       85.431045              85.431045
              1       47.453587         13.065689           11.715718      0.75541443     -0.58823437       4.7203721        4.7203721       85.466431              85.466431
              1       47.656753         13.064133           11.716534      0.75476412     -0.58835943       4.7203721        4.7203721       85.872762              85.872762
              1       49.131754         13.057684           11.709983      0.74019263      -0.5872268       4.7203721        4.7203721       88.822764              88.822764
              1       48.589046          13.07142            11.71174      0.75234537     -0.58616845       4.7203721        4.7203721       87.737347              87.737347
              2       47.813941         13.071381            11.72139      0.75083392     -0.58615006       4.7203721        4.7203721       86.187138              86.187138
              2       48.091729         13.080955           11.721924      0.75227348     -0.58756677       4.7203721        4.7203721       86.742714              86.742714
              1       48.034971         13.088102            11.72807      0.76864373     -0.58800043       4.7203721        4.7203721       86.629199              86.629199
              1       48.747657         13.088766           11.726122      0.76792571     -0.58843815       4.7203721        4.7203721        88.05457               88.05457
              3       48.364614         13.083798           11.723984      0.77082389     -0.58846591       4.7203721        4.7203721       87.288483              87.288483
              1       47.069192         13.071656           11.721674      0.77015019     -0.58508103       4.7203721        4.7203721       84.697641              84.697641
              1       47.152067         13.070515           11.721371      0.75906195      -0.5851461       4.7203721        4.7203721       84.863389              84.863389
              2       47.128235         13.063154           11.717928      0.76317323     -0.58531998       4.7203721        4.7203721       84.815727              84.815727
              1       46.993231         13.064854           11.716864       0.7650274     -0.58539035       4.7203721        4.7203721       84.545717              84.545717
              1       47.171394         13.064616           11.716569      0.77138602     -0.58372763       4.7203721        4.7203721       84.902043              84.902043
              1       47.322479         13.059812            11.71664       0.7765139     -0.58366722       4.7203721        4.7203721       85.204213              85.204213
              2       47.839787         13.057144           11.719397      0.77388346     -0.58358848       4.7203721        4.7203721        86.23883               86.23883
              1       47.830354         13.058353           11.720396      0.77463565     -0.58327717       4.7203721        4.7203721       86.219963              86.219963
              2       49.154861         13.056508           11.723384      0.77741123     -0.58384745       4.7203721        4.7203721       88.868977              88.868977
              2       48.430367         13.058541           11.722417      0.77210166     -0.58422234       4.7203721        4.7203721       87.419989              87.419989
              1       47.295227         13.062115           11.715402      0.77422996     -0.58355821       4.7203721        4.7203721        85.14971               85.14971
              1       47.231439         13.063589           11.717028      0.77398667     -0.58345795       4.7203721        4.7203721       85.022134              85.022134
              3       47.303072         13.065481           11.715527      0.76997951     -0.58358988       4.7203721        4.7203721         85.1654                85.1654
              1       47.235817         13.067345           11.716755       0.7680013     -0.58330976       4.7203721        4.7203721        85.03089               85.03089
              2       47.479802         13.069823           11.727357      0.76831576     -0.58391709       4.7203721        4.7203721        85.51886               85.51886
              1       47.318843         13.069891           11.726894      0.77061466     -0.58382759       4.7203721        4.7203721       85.196941              85.196941
              2       47.419402         13.069964           11.727446      0.77786991     -0.58566307       4.7203721        4.7203721       85.398059              85.398059
              2       47.359599         13.069549           11.726607      0.77774305     -0.58567077       4.7203721        4.7203721       85.278454              85.278454
              2       47.720476         13.053207           11.714348      0.78129411     -0.58636743       4.7203721        4.7203721       86.000208              86.000208
              5       48.068799         13.056388            11.71739      0.78724779     -0.58734524       4.7203721        4.7203721       86.696853              86.696853
