#        weight    minuslogpost          sigma8        ygk_Ahmc ygk_LOWZ__3_lM1_0 ygk_LOWZ__3_lMmin_0   ygk_mass_bias       ygk_rhogy   minuslogprior minuslogprior__0            chi2 chi2__ygk_like.ygkLike
              4       1625.8464         0.62378      0.91325873         13.308524           12.258391      0.76808238     -0.49463288       5.6245903        5.6245903       3240.4436              3240.4436
              1       1625.9601      0.62090871      0.91325873         13.308524           12.258391      0.76808238     -0.49463288       5.6245903        5.6245903       3240.6709              3240.6709
              1       1586.4815      0.62090871      0.90595415         13.312951            12.25988       0.7718582     -0.49016328       5.6245903        5.6245903       3161.7139              3161.7139
              3       1508.3913      0.62090871      0.91255419         13.311722            12.25527       0.7758445      -0.4818331       5.6245903        5.6245903       3005.5333              3005.5333
              1        1505.965      0.63180657      0.91255419         13.311722            12.25527       0.7758445      -0.4818331       5.6245903        5.6245903       3000.6808              3000.6808
              1        1352.791      0.63180657       0.9315239         13.311678           12.244713      0.77773555     -0.49375481       5.6245903        5.6245903       2694.3329              2694.3329
              4       1246.9751      0.63180657      0.93055247         13.316604           12.241991      0.78171865     -0.48320473       5.6245903        5.6245903        2482.701               2482.701
              1       1246.2029      0.63316085      0.93055247         13.316604           12.241991      0.78171865     -0.48320473       5.6245903        5.6245903       2481.1567              2481.1567
              7       1079.5832      0.63316085      0.92400454         13.324052           12.235797      0.79178554     -0.48862145       5.6245903        5.6245903       2147.9172              2147.9172
              4       554.55704      0.63316085      0.92183961         13.357766           12.199358      0.80669815     -0.48249985       5.6245903        5.6245903       1097.8649              1097.8649
              1       547.36813      0.63316085      0.91960408         13.357625           12.198545      0.80754633     -0.48003108       5.6245903        5.6245903       1083.4871              1083.4871
              3        530.2127       0.6400311      0.91960408         13.357625           12.198545      0.80754633     -0.48003108       5.6245903        5.6245903       1049.1762              1049.1762
              1       511.48667       0.6400311      0.89752872         13.357188           12.191396      0.80273242     -0.50835021       5.6245903        5.6245903       1011.7242              1011.7242
              1        470.2119       0.6400311      0.86949952         13.347245           12.180403       0.7898732     -0.46604342       5.6245903        5.6245903       929.17461              929.17461
              4       398.70959       0.6400311      0.85675296         13.385094             12.1759      0.78443376     -0.45019996       5.6245903        5.6245903       786.17001              786.17001
              1       398.65254       0.6400311      0.85671006         13.385106           12.175815      0.78435594     -0.45023509       5.6245903        5.6245903        786.0559               786.0559
              3       387.15784       0.6400311      0.88597789         13.389195           12.172242      0.78332829     -0.43689025       5.6245903        5.6245903        763.0665               763.0665
              1       379.65369       0.6400311      0.88093533         13.406247            12.17244      0.78726893     -0.44530727       5.6245903        5.6245903       748.05821              748.05821
              1         310.137      0.66269767      0.88093533         13.406247            12.17244      0.78726893     -0.44530727       5.6245903        5.6245903       609.02482              609.02482
              3        306.2573      0.66269767      0.88410919         13.394535           12.167774      0.79507154     -0.45091295       5.6245903        5.6245903       601.26541              601.26541
              4       271.70281      0.67435901      0.88410919         13.394535           12.167774      0.79507154     -0.45091295       5.6245903        5.6245903       532.15644              532.15644
              3       223.61967      0.69151746      0.88410919         13.394535           12.167774      0.79507154     -0.45091295       5.6245903        5.6245903       435.99016              435.99016
              2       214.22362      0.69151746      0.88623078          13.39548           12.164204      0.79576616     -0.44311051       5.6245903        5.6245903       417.19806              417.19806
              1       210.41323      0.69151746      0.88587522          13.39303           12.161914      0.79840465       -0.442269       5.6245903        5.6245903       409.57728              409.57728
              3        202.9032      0.69151746      0.90182485          13.40517            12.15129      0.80105132     -0.44298095       5.6245903        5.6245903       394.55723              394.55723
              2       199.19375      0.69151746      0.90078845         13.406078           12.152032      0.80191996     -0.43565155       5.6245903        5.6245903       387.13832              387.13832
              1       182.66411      0.69151746      0.91434669         13.424551            12.15154      0.81659445     -0.40658783       5.6245903        5.6245903       354.07903              354.07903
              1       95.489379      0.72656386      0.91434669         13.424551            12.15154      0.81659445     -0.40658783       5.6245903        5.6245903       179.72958              179.72958
              3       96.022284      0.72656386      0.90847603         13.428975           12.160907      0.81354108     -0.40829616       5.6245903        5.6245903       180.79539              180.79539
              2       91.875927      0.72656386      0.89249042         13.424743           12.162438      0.81867837     -0.40035105       5.6245903        5.6245903       172.50267              172.50267
              1       92.444961      0.72656386      0.90255091         13.429007           12.161564      0.81958066     -0.40556317       5.6245903        5.6245903       173.64074              173.64074
              1       93.067134      0.72656386      0.92113763         13.419079           12.151257      0.81407477     -0.39906996       5.6245903        5.6245903       174.88509              174.88509
              1       92.861247      0.72656386      0.92208538         13.419828           12.152023      0.81297445     -0.39606549       5.6245903        5.6245903       174.47331              174.47331
              3       77.789593      0.77215163      0.92208538         13.419828           12.152023      0.81297445     -0.39606549       5.6245903        5.6245903       144.33001              144.33001
              1       74.034288      0.77215163      0.91963102         13.425532           12.149057       0.8083181     -0.39113357       5.6245903        5.6245903        136.8194               136.8194
              4       73.251628      0.77215163       0.9179566         13.426093           12.152339      0.80615071      -0.3948558       5.6245903        5.6245903       135.25408              135.25408
              2       68.022179      0.77215163      0.94125451         13.438273           12.142048      0.80651701     -0.41462166       5.6245903        5.6245903       124.79518              124.79518
              1       64.034383      0.77215163      0.93438083         13.446723           12.152233      0.80145747     -0.42348465       5.6245903        5.6245903       116.81959              116.81959
              1       64.621687      0.77215163      0.93314614         13.447544           12.151768      0.80163526     -0.42193376       5.6245903        5.6245903       117.99419              117.99419
              1       64.626053      0.77215163      0.94453548         13.447904            12.15238      0.79413467     -0.40945511       5.6245903        5.6245903       118.00293              118.00293
              4       64.677954      0.77215163      0.94504688         13.448003           12.152637      0.79449554     -0.40911608       5.6245903        5.6245903       118.10673              118.10673
              1       64.350254      0.76350944      0.94504688         13.448003           12.152637      0.79449554     -0.40911608       5.6245903        5.6245903       117.45133              117.45133
              1       65.029248      0.76350944      0.93225102         13.454627            12.15949      0.79292369     -0.39979139       5.6245903        5.6245903       118.80931              118.80931
              1       64.271255      0.76350944      0.92224922         13.454633           12.161185      0.79646172     -0.41613054       5.6245903        5.6245903       117.29333              117.29333
              1        64.03743      0.76350944      0.92454555         13.455601           12.162284      0.79703773     -0.41558514       5.6245903        5.6245903       116.82568              116.82568
              2       64.215685      0.76350944      0.92446005         13.455925           12.161637      0.79774808     -0.41530805       5.6245903        5.6245903       117.18219              117.18219
              2       63.231405      0.76350944      0.93967191         13.445923           12.160028      0.80048163     -0.40694559       5.6245903        5.6245903       115.21363              115.21363
