#        weight    minuslogpost          sigma8        ygk_Ahmc ygk_LOWZ__3_lM1_0 ygk_LOWZ__3_lMmin_0   ygk_mass_bias       ygk_rhogy   minuslogprior minuslogprior__0            chi2 chi2__ygk_like.ygkLike
              3       58.944311      0.82184243       1.0068623         13.341357           12.035202       0.7134475     -0.53447281       5.6245903        5.6245903       106.63944              106.63944
              1       57.880389      0.82184243       1.0124341         13.343125           12.037016      0.70864825     -0.54671418       5.6245903        5.6245903        104.5116               104.5116
              5       57.346601      0.82184243       1.0249186         13.346162            12.03824      0.71401086     -0.54696189       5.6245903        5.6245903       103.44402              103.44402
              1       59.569075      0.82184243       1.0137174         13.344056           12.034114      0.71327613     -0.54762585       5.6245903        5.6245903       107.88897              107.88897
              2        60.35944      0.82184243       1.0038399         13.348463           12.038871      0.70455635     -0.51654009       5.6245903        5.6245903        109.4697               109.4697
              5       60.146836      0.82184243       1.0123682         13.343542           12.035529      0.70348805     -0.51019266       5.6245903        5.6245903       109.04449              109.04449
              5       59.416374      0.82184243        1.015556         13.341391           12.034575      0.70067698     -0.50905868       5.6245903        5.6245903       107.58357              107.58357
              1       57.209427      0.82184243        1.017902         13.338344           12.037221      0.69792422     -0.50816777       5.6245903        5.6245903       103.16967              103.16967
              4       58.012993      0.82184243       1.0151248          13.33049           12.034065      0.70345977     -0.50242837       5.6245903        5.6245903        104.7768               104.7768
              2       57.407069      0.82184243       1.0225302         13.325936           12.031431       0.7029735     -0.50471559       5.6245903        5.6245903       103.56496              103.56496
              5       57.739107      0.82184243       1.0167814         13.324589           12.029713      0.70152967     -0.50345844       5.6245903        5.6245903       104.22903              104.22903
              1       57.726803      0.82184243       1.0168087         13.324587           12.029719      0.70150016     -0.50351844       5.6245903        5.6245903       104.20442              104.20442
              1       57.787326      0.82184243       1.0157823         13.323938           12.029473      0.70034332     -0.50174906       5.6245903        5.6245903       104.32547              104.32547
              1       58.195645      0.82184243       1.0106865         13.325045           12.028337      0.70014064     -0.50424199       5.6245903        5.6245903       105.14211              105.14211
              6       58.002862      0.82184243       1.0020428         13.332217           12.042066      0.69750245     -0.49800649       5.6245903        5.6245903       104.75654              104.75654
              4       57.154531      0.82184243      0.99713813         13.333666           12.043776      0.70802661     -0.52886126       5.6245903        5.6245903       103.05988              103.05988
              2       56.197112      0.82184243       1.0251603         13.331985            12.04007       0.7193213     -0.55761637       5.6245903        5.6245903       101.14504              101.14504
              2       57.111876      0.82184243       1.0197386          13.33067           12.034729      0.71332368     -0.56926205       5.6245903        5.6245903       102.97457              102.97457
              7        57.31318      0.82184243      0.98655815         13.338266           12.039859      0.71733117     -0.54990528       5.6245903        5.6245903       103.37718              103.37718
              3       57.075879      0.82184243      0.98656059         13.338015            12.04099      0.71639993     -0.55025248       5.6245903        5.6245903       102.90258              102.90258
              2       56.987271      0.82184243      0.98824238         13.338122           12.041111      0.71647577     -0.54978149       5.6245903        5.6245903       102.72536              102.72536
              5       57.060632      0.82184243      0.98719375          13.33738           12.040747      0.71642341     -0.55343694       5.6245903        5.6245903       102.87208              102.87208
              1       57.899753      0.82184243      0.99299958         13.317899           12.031978      0.69957333     -0.53483958       5.6245903        5.6245903       104.55033              104.55033
              2       57.436808      0.82184243       1.0054875         13.312551           12.027744       0.7020022     -0.53532889       5.6245903        5.6245903       103.62444              103.62444
              2       57.443979      0.82184243       1.0072747         13.313138           12.027689      0.70083891     -0.53654708       5.6245903        5.6245903       103.63878              103.63878
              1       57.220378      0.82184243       1.0089886          13.31394           12.023799      0.69498775     -0.50942967       5.6245903        5.6245903       103.19158              103.19158
              2       57.319134      0.82184243       1.0156783         13.315159           12.028234      0.69699054     -0.50572336       5.6245903        5.6245903       103.38909              103.38909
              4       57.883581      0.82184243       1.0144072         13.312465           12.028448      0.69878917     -0.50615987       5.6245903        5.6245903       104.51798              104.51798
              3       56.920138      0.82184243       1.0258074          13.30584           12.019562      0.69186991     -0.50733764       5.6245903        5.6245903        102.5911               102.5911
              1       57.084124      0.82184243       1.0309054         13.307192           12.020276      0.69345256     -0.50009253       5.6245903        5.6245903       102.91907              102.91907
              6       56.975907      0.82184243       1.0326879         13.306872           12.019618      0.69280937     -0.50028709       5.6245903        5.6245903       102.70263              102.70263
              2       57.409227      0.82184243       1.0431235         13.295841           12.014945      0.69255884     -0.50703759       5.6245903        5.6245903       103.56927              103.56927
