#        weight    minuslogpost        ygk_Ahmc ygk_LOWZ__3_lM1_0 ygk_LOWZ__3_lMmin_0   ygk_mass_bias       ygk_rhogy   minuslogprior minuslogprior__0            chi2 chi2__ygk_like.ygkLike
              1       55.789908       1.1006414         13.415704            12.09558      0.74318762     -0.53039221        5.362226         5.362226       100.85536              100.85536
              3       55.834483       1.1021041         13.418441           12.099596       0.7444924     -0.53011984        5.362226         5.362226       100.94451              100.94451
              1       55.991624       1.1012233         13.417832           12.100331      0.73611398     -0.53670649        5.362226         5.362226        101.2588               101.2588
              1        56.47774       1.1028425         13.423745           12.105607      0.73408222     -0.53429699        5.362226         5.362226       102.23103              102.23103
              5       56.221999       1.1014836         13.428537           12.102807      0.73604135     -0.53736251        5.362226         5.362226       101.71955              101.71955
              1       56.180074       1.1021789         13.429852           12.109535      0.74371363      -0.5398295        5.362226         5.362226        101.6357               101.6357
              1       55.977085       1.1043488         13.432362           12.105648      0.74522411     -0.54378392        5.362226         5.362226       101.22972              101.22972
              4       55.978732       1.1044187         13.432788           12.106028      0.74532259      -0.5442687        5.362226         5.362226       101.23301              101.23301
              6        56.45268       1.1103763         13.435642           12.109627      0.73495406     -0.54018855        5.362226         5.362226       102.18091              102.18091
              4       56.398979       1.1085546         13.434074           12.107154      0.73508646     -0.54035138        5.362226         5.362226       102.07351              102.07351
              1       56.207858       1.1103815          13.43331           12.106395      0.73679176     -0.54052378        5.362226         5.362226       101.69126              101.69126
              1       56.195183       1.1092673         13.431319           12.104595      0.73749331     -0.54216024        5.362226         5.362226       101.66591              101.66591
              2       55.961443       1.1070815         13.424181           12.105022      0.74118423     -0.53087705        5.362226         5.362226       101.19843              101.19843
              3       56.066077       1.1109219         13.424111           12.098112      0.73573957     -0.52813482        5.362226         5.362226        101.4077               101.4077
              1       56.074568       1.1106595         13.424039           12.098181      0.73681461     -0.52685396        5.362226         5.362226       101.42468              101.42468
              3       56.078673       1.1093581         13.423916           12.098332      0.73532982      -0.5258894        5.362226         5.362226       101.43289              101.43289
              6       55.945341       1.1134338         13.427107           12.101284      0.73798912     -0.52623931        5.362226         5.362226       101.16623              101.16623
              3       56.015351       1.1130911         13.427256           12.100823      0.73779017     -0.52698645        5.362226         5.362226       101.30625              101.30625
              4       56.077128       1.1112081         13.419166           12.102618      0.74210044     -0.53000124        5.362226         5.362226        101.4298               101.4298
              1       56.427162       1.1241524         13.426938           12.103192      0.74845727     -0.52494766        5.362226         5.362226       102.12987              102.12987
              1       56.328362       1.1246755         13.427653           12.102168      0.74920765     -0.52821493        5.362226         5.362226       101.93227              101.93227
              2       56.334811       1.1247319         13.425224           12.101357      0.74871257     -0.52618906        5.362226         5.362226       101.94517              101.94517
              2       56.095103       1.1237037          13.42641           12.104009      0.74486332     -0.52461852        5.362226         5.362226       101.46575              101.46575
              3        56.42319       1.1537257         13.432075           12.098229      0.73511887     -0.52336034        5.362226         5.362226       102.12193              102.12193
              1       55.882524       1.1520889         13.431829            12.10068      0.73665466     -0.52330702        5.362226         5.362226        101.0406               101.0406
              1        56.23646       1.1579719         13.434206           12.102082      0.74098185     -0.52088694        5.362226         5.362226       101.74847              101.74847
              4       56.332708       1.1616615         13.439019            12.10211      0.74645497     -0.54438589        5.362226         5.362226       101.94096              101.94096
              1       60.475344       1.1606556         13.439414            12.09832      0.75727375      -0.5307083        5.362226         5.362226       110.22624              110.22624
              2       61.714261       1.1592166         13.437877           12.094191      0.75019177     -0.52631215        5.362226         5.362226       112.70407              112.70407
              1       60.558772       1.1688989         13.447813           12.100307      0.74560965     -0.53243606        5.362226         5.362226       110.39309              110.39309
              7       56.160383       1.1798134         13.439521           12.107852      0.73741882     -0.51497001        5.362226         5.362226       101.59631              101.59631
              2       56.796495        1.183473          13.43577           12.109803      0.73668942     -0.51513886        5.362226         5.362226       102.86854              102.86854
              2       57.133397       1.1863375         13.437241           12.111546      0.73559359      -0.5153169        5.362226         5.362226       103.54234              103.54234
              1       56.805051       1.1862098         13.438368           12.111128      0.73603355     -0.51486251        5.362226         5.362226       102.88565              102.88565
              2       56.240919       1.1854776         13.439508           12.109996      0.73422843      -0.5171875        5.362226         5.362226       101.75739              101.75739
              2        55.78367       1.1841998         13.440375           12.107876      0.73436945     -0.52441364        5.362226         5.362226       100.84289              100.84289
              2       56.024177       1.1803249         13.441969           12.110917       0.7348937     -0.52441929        5.362226         5.362226        101.3239               101.3239
