#        weight    minuslogpost        ygk_Ahmc ygk_LOWZ__3_lM1_0 ygk_LOWZ__3_lMmin_0   ygk_mass_bias       ygk_rhogy   minuslogprior minuslogprior__0            chi2 chi2__ygk_like.ygkLike
              5       56.184822       1.1139756         13.411968           12.095558       0.7254332     -0.50235914        5.362226         5.362226       101.64519              101.64519
              1       56.006647       1.1221237         13.406053           12.088514      0.72021985     -0.51894365        5.362226         5.362226       101.28884              101.28884
              4       57.086793       1.1332131         13.420836           12.101595      0.72152316     -0.52473373        5.362226         5.362226       103.44913              103.44913
              1       56.674963       1.1298889         13.423073           12.099564      0.72036547     -0.52401937        5.362226         5.362226       102.62547              102.62547
              2       56.975259       1.1300407         13.425138           12.102109      0.71958958     -0.52380224        5.362226         5.362226       103.22607              103.22607
              1       58.575627       1.1318844         13.417299           12.103199      0.72052088     -0.52307496        5.362226         5.362226        106.4268               106.4268
              1       56.439373       1.1336455         13.416603           12.097936      0.73130608      -0.5409685        5.362226         5.362226       102.15429              102.15429
              1       56.494263       1.1331058         13.416961           12.088216      0.74032742      -0.5327392        5.362226         5.362226       102.26407              102.26407
              1        56.79731       1.1370765         13.417741           12.087555      0.73967535      -0.5325776        5.362226         5.362226       102.87017              102.87017
              1       55.754357       1.1394368         13.420934           12.097569      0.74831622     -0.53020612        5.362226         5.362226       100.78426              100.78426
              1       55.643001       1.1393985          13.42157           12.099515      0.74706909     -0.53098484        5.362226         5.362226       100.56155              100.56155
              1       55.585244       1.1240717          13.41912           12.099018      0.74933418     -0.53710009        5.362226         5.362226       100.44604              100.44604
              6       55.388513       1.1242109         13.419295           12.097174      0.74720265     -0.53815887        5.362226         5.362226       100.05257              100.05257
              4        55.46838       1.1228478         13.418364           12.098939      0.74712051     -0.53836303        5.362226         5.362226       100.21231              100.21231
              3       55.234056       1.1189873         13.411524           12.090938      0.74432881     -0.54703708        5.362226         5.362226       99.743661              99.743661
              1       55.945832       1.1190166         13.407525            12.09501      0.74967833     -0.55218589        5.362226         5.362226       101.16721              101.16721
              1       56.907801       1.1186755         13.406178            12.09492      0.74390249     -0.55721391        5.362226         5.362226       103.09115              103.09115
              2       56.508801       1.1067251         13.411435           12.087123      0.74840902     -0.56284843        5.362226         5.362226       102.29315              102.29315
              2       56.211257       1.0960057         13.405991           12.093692      0.74507472     -0.55695023        5.362226         5.362226       101.69806              101.69806
              2       57.777642        1.088716         13.428296           12.098262      0.74012173     -0.54685211        5.362226         5.362226       104.83083              104.83083
              1       56.525494       1.1020685         13.432497           12.103714      0.75109769     -0.54357623        5.362226         5.362226       102.32654              102.32654
              2       56.291116       1.1025905         13.432821             12.1046      0.75024465     -0.54473579        5.362226         5.362226       101.85778              101.85778
              1       56.401019       1.1025653            13.433           12.104691      0.75169283     -0.54374961        5.362226         5.362226       102.07759              102.07759
              1       55.897784       1.1025921         13.424717           12.104493      0.75307711     -0.54426099        5.362226         5.362226       101.07112              101.07112
              1       56.278605       1.0993094         13.423537           12.098861      0.74817651     -0.53641362        5.362226         5.362226       101.83276              101.83276
              1       55.879089       1.1003667         13.423036           12.102821      0.74652489     -0.53423653        5.362226         5.362226       101.03373              101.03373
              3       56.537499       1.0912444         13.429991           12.107674      0.74473884     -0.52418144        5.362226         5.362226       102.35055              102.35055
              3       57.184631       1.1022101         13.446176           12.122329      0.74002736     -0.53333848        5.362226         5.362226       103.64481              103.64481
              4       56.622378       1.1077934         13.451814           12.120971      0.73822165      -0.5258596        5.362226         5.362226        102.5203               102.5203
              2        56.67483       1.1071922         13.452216           12.122063      0.73849695     -0.52555867        5.362226         5.362226       102.62521              102.62521
              1       57.479337       1.1067842          13.45565           12.119105       0.7406724     -0.52221423        5.362226         5.362226       104.23422              104.23422
              1       57.625768       1.0979767         13.444826            12.11571      0.74873055     -0.52041888        5.362226         5.362226       104.52708              104.52708
              4       58.027837       1.0948842          13.44735           12.114229      0.74912762     -0.52495622        5.362226         5.362226       105.33122              105.33122
              1       58.166558       1.0980321         13.451049           12.115218       0.7489017     -0.52824154        5.362226         5.362226       105.60866              105.60866
              1       58.019833       1.1050875         13.446478           12.110886      0.74664679     -0.52777589        5.362226         5.362226       105.31521              105.31521
              4       58.294694        1.104351         13.443021           12.108686      0.74852502     -0.52588155        5.362226         5.362226       105.86494              105.86494
              1       57.042542       1.1002098          13.43941             12.1165      0.74456071     -0.52107246        5.362226         5.362226       103.36063              103.36063
              2       57.543312         1.09789         13.441484           12.118701      0.73868275     -0.50946027        5.362226         5.362226       104.36217              104.36217
              1       57.921936       1.1069952         13.441095           12.108778      0.73597974      -0.5070591        5.362226         5.362226       105.11942              105.11942
