#        weight    minuslogpost          sigma8        ygk_Ahmc ygk_LOWZ__0_lM1_0 ygk_LOWZ__0_lMmin_0   ygk_mass_bias       ygk_rhogy   minuslogprior minuslogprior__0            chi2 chi2__ygk_like.ygkLike
              4       600.67601      0.80938502       1.0024856         14.046944           12.643559      0.71727443     -0.50194253       5.6245903        5.6245903       1190.1028              1190.1028
              2       599.97594      0.80938502        1.019743          14.04348            12.63945      0.72087015     -0.50946193       5.6245903        5.6245903       1188.7027              1188.7027
              3       595.39385      0.80938502       1.0350827         14.043378            12.63922      0.72429438     -0.49961148       5.6245903        5.6245903       1179.5385              1179.5385
              2       487.75616       0.7409421       1.0350827         14.043378            12.63922      0.72429438     -0.49961148       5.6245903        5.6245903       964.26314              964.26314
              3       473.82614      0.72890739       1.0350827         14.043378            12.63922      0.72429438     -0.49961148       5.6245903        5.6245903       936.40309              936.40309
              4       449.38563      0.72890739       1.0353768         14.047864           12.637703      0.72953105      -0.5060859       5.6245903        5.6245903       887.52208              887.52208
              1       410.87802      0.72890739       1.0198085         14.051253           12.634485      0.73701871     -0.51363062       5.6245903        5.6245903       810.50686              810.50686
              1       407.80834      0.72890739       1.0189919         14.051183           12.634069      0.73680213     -0.51222127       5.6245903        5.6245903       804.36749              804.36749
              1       380.91823      0.69068133       1.0189919         14.051183           12.634069      0.73680213     -0.51222127       5.6245903        5.6245903       750.58728              750.58728
              1       365.78904      0.69068133       1.0270888         14.055157           12.633226      0.74056153     -0.50542814       5.6245903        5.6245903        720.3289               720.3289
              1       320.73009      0.69068133       1.0251408         14.070396           12.629908      0.72891137     -0.51461862       5.6245903        5.6245903         630.211                630.211
              1       257.76596      0.69068133       1.0526154         14.083916           12.623584      0.70756237     -0.41496669       5.6245903        5.6245903       504.28274              504.28274
              2       230.55143      0.69068133       1.0297104         14.083201           12.617113      0.70199538     -0.41467678       5.6245903        5.6245903       449.85368              449.85368
              3        215.9381      0.69068133       1.0269857         14.089442           12.616325      0.70490734     -0.41501752       5.6245903        5.6245903       420.62701              420.62701
              2       193.72016      0.69068133       1.0504917         14.101006           12.612911      0.70488214     -0.40808395       5.6245903        5.6245903       376.19114              376.19114
              1       187.33851      0.69068133       1.0472422         14.102064           12.611584      0.70487836     -0.40673689       5.6245903        5.6245903       363.42784              363.42784
              1       184.88239      0.69068133       1.0467165         14.103653            12.61028      0.70168167     -0.41816957       5.6245903        5.6245903        358.5156               358.5156
              3        173.9316      0.69068133       1.0479996         14.103632            12.60656      0.71330376      -0.4295414       5.6245903        5.6245903       336.61401              336.61401
              1       173.95234      0.70739511       1.0479996         14.103632            12.60656      0.71330376      -0.4295414       5.6245903        5.6245903       336.65549              336.65549
              1       131.86102      0.70739511       1.0607112         14.110249           12.591668      0.71899156     -0.42535534       5.6245903        5.6245903       252.47286              252.47286
              1       130.94497      0.70739511       1.0623113         14.110008            12.59067      0.71521405     -0.42235066       5.6245903        5.6245903       250.64077              250.64077
              5       130.72533      0.70739511       1.0641975          14.12384           12.599758      0.71718558     -0.39693223       5.6245903        5.6245903       250.20147              250.20147
              1       128.77609      0.70739511       1.0640011         14.124083           12.598841      0.71971743     -0.40190237       5.6245903        5.6245903         246.303                246.303
              2       118.93687      0.70739511       1.0289937         14.127015            12.60043      0.72485186     -0.39065443       5.6245903        5.6245903       226.62457              226.62457
              1       117.98949      0.71542061       1.0289937         14.127015            12.60043      0.72485186     -0.39065443       5.6245903        5.6245903       224.72979              224.72979
              2       114.64932      0.71542061       1.0271624         14.128313           12.600882      0.72760901     -0.38048658       5.6245903        5.6245903       218.04946              218.04946
              1       115.56493      0.71542061       1.0252714         14.127498           12.601109      0.72636213     -0.37909861       5.6245903        5.6245903       219.88067              219.88067
              5       103.35171      0.71542061         1.02513         14.130893           12.595451      0.72374713     -0.37701712       5.6245903        5.6245903       195.45425              195.45425
              3       103.27266      0.71542061       1.0207044         14.125552           12.591932      0.72083379     -0.38506484       5.6245903        5.6245903       195.29613              195.29613
              1       99.702654      0.71542061       1.0390322         14.131149           12.586755      0.71133133     -0.40657261       5.6245903        5.6245903       188.15613              188.15613
              2       98.721382      0.71542061       1.0392369         14.128702           12.584819      0.71353425     -0.41097436       5.6245903        5.6245903       186.19358              186.19358
              1       91.813165      0.71542061       1.0542515         14.122624           12.577024      0.70983117     -0.39045702       5.6245903        5.6245903       172.37715              172.37715
              2       90.790924      0.72548097       1.0542515         14.122624           12.577024      0.70983117     -0.39045702       5.6245903        5.6245903       170.33267              170.33267
              1       76.409202      0.72548097       1.0423544         14.134195           12.571845      0.70984223     -0.39522727       5.6245903        5.6245903       141.56922              141.56922
              3       73.165442      0.75888156       1.0423544         14.134195           12.571845      0.70984223     -0.39522727       5.6245903        5.6245903        135.0817               135.0817
              4       63.896679      0.75888156       1.0475412         14.134967           12.565845      0.70929237     -0.37462762       5.6245903        5.6245903       116.54418              116.54418
              1       62.730883      0.75888156       1.0572425         14.135505           12.567745      0.71779238     -0.36211388       5.6245903        5.6245903       114.21259              114.21259
              2       56.225559      0.75888156       1.0433495         14.145607            12.56785      0.72065336     -0.36091763       5.6245903        5.6245903       101.20194              101.20194
              3        51.81267      0.75888156       1.0375792         14.141686           12.560939      0.72919234      -0.3747738       5.6245903        5.6245903       92.376159              92.376159
              1       39.266525      0.75888156       1.0046547         14.147665           12.544329      0.73068569     -0.35522125       5.6245903        5.6245903        67.28387               67.28387
              1       39.303039      0.75888156       1.0042484         14.148034           12.544424      0.73058647     -0.35600381       5.6245903        5.6245903       67.356897              67.356897
              3       35.553366      0.78040162       1.0042484         14.148034           12.544424      0.73058647     -0.35600381       5.6245903        5.6245903       59.857551              59.857551
              2       34.937581      0.78040162       1.0073937         14.150548           12.539352      0.72249053     -0.35045065       5.6245903        5.6245903       58.625982              58.625982
              1       35.036437      0.78040162       1.0109297         14.148612           12.538379       0.7225174     -0.35234678       5.6245903        5.6245903       58.823693              58.823693
              1       35.264495      0.78040162       1.0232587         14.162642            12.53432      0.72619811     -0.37809326       5.6245903        5.6245903        59.27981               59.27981
              1       36.481796      0.77341148       1.0232587         14.162642            12.53432      0.72619811     -0.37809326       5.6245903        5.6245903       61.714412              61.714412
              1       36.450374      0.77341148       1.0237998         14.161786           12.533086      0.72434966     -0.37559338       5.6245903        5.6245903       61.651568              61.651568
              2       35.701251      0.77341148       1.0188338         14.157174             12.5289      0.73027699     -0.37157302       5.6245903        5.6245903       60.153321              60.153321
              1       35.790241      0.77341148       1.0163854         14.157056           12.528508      0.72973596     -0.37357857       5.6245903        5.6245903       60.331301              60.331301
              1       36.014039      0.77341148       1.0275738         14.154747           12.525433      0.72997049     -0.38454458       5.6245903        5.6245903       60.778897              60.778897
              1       33.438489      0.78835435       1.0275738         14.154747           12.525433      0.72997049     -0.38454458       5.6245903        5.6245903       55.627797              55.627797
              2       34.065635      0.78835435       1.0235151         14.159414           12.522059      0.73106982     -0.39638576       5.6245903        5.6245903       56.882089              56.882089
              3       33.792751      0.78835435       1.0111812         14.151158           12.522749      0.73250433     -0.40542813       5.6245903        5.6245903       56.336322              56.336322
              1       33.850335      0.78835435       1.0230768         14.147078           12.516579      0.73146317     -0.40929448       5.6245903        5.6245903        56.45149               56.45149
              3       35.145648      0.78835435       1.0442055         14.156552            12.52237       0.7286367     -0.42814918       5.6245903        5.6245903       59.042115              59.042115
              1       35.023367      0.78835435       1.0474427         14.155984           12.520638      0.72921368      -0.4281371       5.6245903        5.6245903       58.797553              58.797553
              3       35.189078      0.78835435       1.0481299         14.155292           12.520173      0.72616985     -0.42750358       5.6245903        5.6245903       59.128975              59.128975
              3       36.505724      0.78835435       1.0377156         14.158271           12.523965      0.71723823     -0.43674022       5.6245903        5.6245903       61.762267              61.762267
              1       37.229136      0.78835435       1.0319438         14.158675           12.530441      0.72386751     -0.44472055       5.6245903        5.6245903       63.209092              63.209092
              1       37.314068      0.78835435       1.0351622         14.158185           12.526506      0.72448994     -0.45784929       5.6245903        5.6245903       63.378956              63.378956
              1       37.244343      0.78835435       1.0347594         14.161764           12.529366      0.72709045     -0.45582016       5.6245903        5.6245903       63.239505              63.239505
              2       38.464624      0.78835435       1.0231166         14.178688           12.513592       0.7252128     -0.47898163       5.6245903        5.6245903       65.680068              65.680068
              2       38.914325      0.78835435        1.001313         14.179967           12.514015      0.71911528     -0.46346013       5.6245903        5.6245903       66.579468              66.579468
              2       38.517209      0.78835435       0.9929066         14.177746           12.515646      0.72151383     -0.47094583       5.6245903        5.6245903       65.785238              65.785238
              2       35.512492      0.80578436       0.9929066         14.177746           12.515646      0.72151383     -0.47094583       5.6245903        5.6245903       59.775803              59.775803
              1       35.361415      0.80578436      0.99314868         14.171713           12.514764      0.70917633     -0.46356341       5.6245903        5.6245903       59.473649              59.473649
              1       35.528701      0.80578436       1.0055332         14.171051           12.511481      0.70941219      -0.4661256       5.6245903        5.6245903       59.808221              59.808221
              2       33.772249      0.80578436       1.0147527          14.16652           12.513028      0.71822946     -0.42155718       5.6245903        5.6245903       56.295318              56.295318
              1       33.144369      0.80578436       1.0263153         14.161833           12.521771      0.70802242     -0.41212765       5.6245903        5.6245903       55.039557              55.039557
              1       32.900189      0.80578436       1.0131807         14.167438           12.520157      0.70672369     -0.38451317       5.6245903        5.6245903       54.551197              54.551197
              1       32.221141      0.80578436      0.99690501         14.160312           12.523378      0.70792086     -0.38548995       5.6245903        5.6245903       53.193102              53.193102
              1       33.299564      0.80578436      0.98631715         14.164729           12.522143      0.69940804     -0.39600246       5.6245903        5.6245903       55.349948              55.349948
              1       33.304685      0.80578436      0.98452489         14.169539           12.529281      0.70221528     -0.39856246       5.6245903        5.6245903       55.360189              55.360189
              1       33.176826      0.80578436      0.97176051         14.165592           12.522629      0.70455361      -0.3951294       5.6245903        5.6245903       55.104472              55.104472
              1       22.847797      0.88524146      0.97176051         14.165592           12.522629      0.70455361      -0.3951294       5.6245903        5.6245903       34.446414              34.446414
              1       23.265319      0.88524146      0.94586813         14.176985           12.530719      0.70535128     -0.37848155       5.6245903        5.6245903       35.281458              35.281458
              2        22.79841      0.88524146      0.95826036         14.172586           12.532391      0.70959383     -0.35122991       5.6245903        5.6245903        34.34764               34.34764
              1       21.995915      0.88524146      0.94920417          14.16218           12.546389      0.72530029     -0.36704832       5.6245903        5.6245903       32.742649              32.742649
              1       21.570762      0.91223303      0.94920417          14.16218           12.546389      0.72530029     -0.36704832       5.6245903        5.6245903       31.892344              31.892344
              1       21.536029      0.91223303      0.93408817         14.154635           12.537183      0.73239247     -0.36172469       5.6245903        5.6245903       31.822877              31.822877
              2       21.647501      0.91223303      0.95339425         14.139124           12.538888      0.72521264     -0.34478716       5.6245903        5.6245903       32.045821              32.045821
              8       21.587457      0.91223303      0.96390913         14.140011           12.538734      0.73126239     -0.34320275       5.6245903        5.6245903       31.925733              31.925733
              1       20.887253      0.91223303       1.0031238         14.150185           12.527519      0.71759266      -0.3575089       5.6245903        5.6245903       30.525326              30.525326
              2       20.983169      0.91223303       1.0099693         14.150921           12.529336      0.71982656     -0.35088596       5.6245903        5.6245903       30.717158              30.717158
              2       20.930222      0.91223303       1.0032022         14.144379           12.528154      0.70176903     -0.31532034       5.6245903        5.6245903       30.611263              30.611263
              1       21.645254      0.91223303       0.9905767         14.159543           12.531682      0.69975931     -0.31017762       5.6245903        5.6245903       32.041328              32.041328
              1       21.256985      0.91223303      0.99377277         14.154929           12.536025      0.69450155     -0.29427903       5.6245903        5.6245903        31.26479               31.26479
              1       21.258408      0.91223303      0.99375272         14.154945            12.53603      0.69451285     -0.29424602       5.6245903        5.6245903       31.267636              31.267636
              2       21.434909      0.91223303      0.95291533          14.14875           12.539942      0.69027637     -0.30310634       5.6245903        5.6245903       31.620638              31.620638
              2       21.582442      0.91223303      0.95084566         14.130655           12.533469      0.70951223     -0.29117625       5.6245903        5.6245903       31.915704              31.915704
              1       21.588847      0.91223303      0.95202747         14.130728           12.534677      0.70827321     -0.28962767       5.6245903        5.6245903       31.928514              31.928514
              1       21.756871       0.8632476      0.95202747         14.130728           12.534677      0.70827321     -0.28962767       5.6245903        5.6245903       32.264561              32.264561
              3       21.729852       0.8632476      0.94531744         14.139616           12.538011      0.71051172     -0.28942197       5.6245903        5.6245903       32.210523              32.210523
              2       21.633767       0.8632476      0.94056132         14.139274           12.535813      0.71127785     -0.27641888       5.6245903        5.6245903       32.018353              32.018353
              1        21.60074       0.8632476      0.94333709         14.137475           12.535558      0.70871962      -0.2803197       5.6245903        5.6245903         31.9523                31.9523
              1       21.855155       0.8632476      0.93430433         14.140511           12.536929      0.70967738     -0.29522057       5.6245903        5.6245903       32.461129              32.461129
              1       22.376025       0.8632476      0.95077482         14.136755           12.523904      0.72352652     -0.30950084       5.6245903        5.6245903       33.502869              33.502869
              2       23.336184      0.84984841      0.95077482         14.136755           12.523904      0.72352652     -0.30950084       5.6245903        5.6245903       35.423187              35.423187
              1        21.85658      0.87762885      0.95077482         14.136755           12.523904      0.72352652     -0.30950084       5.6245903        5.6245903       32.463979              32.463979
              1        20.51961      0.87762885      0.96294582          14.12282           12.527806      0.73020409     -0.29426717       5.6245903        5.6245903       29.790039              29.790039
              1        21.08631      0.87762885      0.96225205         14.122281           12.522788      0.73105741     -0.29203636       5.6245903        5.6245903        30.92344               30.92344
              2       21.252692      0.87762885      0.96242163         14.123134           12.522967        0.732426     -0.29163659       5.6245903        5.6245903       31.256203              31.256203
              2       22.398807      0.87762885        1.004639         14.133152           12.521181      0.72364086     -0.27147513       5.6245903        5.6245903       33.548434              33.548434
              1       23.680025      0.87762885       1.0396212         14.130279           12.509751      0.71890325     -0.26808306       5.6245903        5.6245903        36.11087               36.11087
              1       23.448578      0.87762885        1.035468         14.128072           12.508393      0.71594584     -0.26755514       5.6245903        5.6245903       35.647975              35.647975
              2       20.896977      0.87762885        1.044122         14.125874           12.518994      0.71034495     -0.25265455       5.6245903        5.6245903       30.544774              30.544774
              2       20.295033      0.87762885       1.0452658         14.111873            12.51958       0.7203191     -0.24825403       5.6245903        5.6245903       29.340885              29.340885
              2       20.136822      0.87762885       1.0387077         14.111075           12.517247      0.71689251     -0.26001472       5.6245903        5.6245903       29.024464              29.024464
              2       20.687135      0.87762885       1.0036154         14.118379           12.524581      0.72371214      -0.2561941       5.6245903        5.6245903       30.125089              30.125089
              1       21.016642      0.87762885        1.013737         14.125716           12.537442      0.71633915     -0.26543852       5.6245903        5.6245903       30.784104              30.784104
              2       21.212927      0.87762885       1.0162947         14.126282           12.536788      0.71651069     -0.27533707       5.6245903        5.6245903       31.176673              31.176673
              1         21.3124      0.87451089       1.0162947         14.126282           12.536788      0.71651069     -0.27533707       5.6245903        5.6245903       31.375619              31.375619
              1        21.11914      0.87451089       1.0166004         14.120423           12.530312      0.71090655     -0.27527775       5.6245903        5.6245903       30.989099              30.989099
              5       21.837828      0.87451089       1.0087433         14.115746           12.532474      0.71318195      -0.2787916       5.6245903        5.6245903       32.426475              32.426475
              1       21.509092      0.87451089       1.0083106          14.11444           12.531748      0.71386605      -0.2738226       5.6245903        5.6245903       31.769003              31.769003
              2       21.534546      0.87451089      0.98615782         14.107153           12.529689      0.72101613     -0.28855475       5.6245903        5.6245903       31.819911              31.819911
              1       20.433733      0.87451089      0.98032807         14.106141            12.52536      0.72263733     -0.28133338       5.6245903        5.6245903       29.618286              29.618286
              1       20.673987      0.87451089      0.96046774         14.109193           12.521769      0.71034211     -0.29322489       5.6245903        5.6245903       30.098793              30.098793
              1       20.618401      0.87451089      0.97545953         14.113803           12.512242      0.71014518     -0.30121011       5.6245903        5.6245903       29.987622              29.987622
              2        20.52263      0.87451089      0.99322126          14.10685           12.511644       0.6962192     -0.27969651       5.6245903        5.6245903        29.79608               29.79608
              1       20.619289      0.87451089      0.99338142         14.102977           12.510758      0.69652623     -0.28413862       5.6245903        5.6245903       29.989397              29.989397
              1       20.199398      0.87451089      0.99369395         14.094109           12.504155      0.69572237     -0.27468106       5.6245903        5.6245903       29.149615              29.149615
              5       20.116449      0.87451089         1.00035         14.093188            12.50097      0.70049122     -0.28563241       5.6245903        5.6245903       28.983718              28.983718
              3        20.09426      0.90299203         1.00035         14.093188            12.50097      0.70049122     -0.28563241       5.6245903        5.6245903        28.93934               28.93934
              1       20.139289      0.90299203      0.98896049         14.092246           12.502564      0.70193382     -0.28580515       5.6245903        5.6245903       29.029397              29.029397
              1       20.313256      0.90299203      0.99148855         14.087321            12.49832      0.70833839     -0.28779099       5.6245903        5.6245903       29.377332              29.377332
              1       22.394874      0.90299203      0.99829649          14.06969           12.506893      0.70143351     -0.26657109       5.6245903        5.6245903       33.540567              33.540567
              2       25.068766      0.90299203      0.98556867          14.06738           12.510005      0.69629884     -0.27788193       5.6245903        5.6245903       38.888352              38.888352
              1       25.693544      0.90299203       0.9889846         14.070207            12.51199      0.69433738     -0.27828872       5.6245903        5.6245903       40.137907              40.137907
              1       25.872525      0.90299203       1.0087973         14.066769            12.50259      0.68960218     -0.29952305       5.6245903        5.6245903       40.495869              40.495869
              2       23.923497      0.90299203       1.0045614         14.073175            12.50255      0.69774035     -0.31481146       5.6245903        5.6245903       36.597813              36.597813
              1       19.765844      0.90299203      0.97518259         14.078583           12.491666      0.69982741     -0.31641884       5.6245903        5.6245903       28.282508              28.282508
              1       19.797959      0.90299203      0.97461969         14.077748           12.491612      0.69964709      -0.3168605       5.6245903        5.6245903       28.346737              28.346737
              1       20.411801      0.90299203      0.97014947         14.079461           12.495803       0.6995621     -0.32603186       5.6245903        5.6245903       29.574421              29.574421
              1       20.360263      0.90299203      0.96859996         14.078132           12.497197      0.70522749     -0.32393093       5.6245903        5.6245903       29.471345              29.471345
              2       20.538898      0.88187884      0.96859996         14.078132           12.497197      0.70522749     -0.32393093       5.6245903        5.6245903       29.828615              29.828615
              1       20.285755      0.88187884      0.97710538         14.073215           12.495177      0.70340021     -0.30962382       5.6245903        5.6245903       29.322329              29.322329
              4       19.705082      0.88187884      0.96107223         14.078427           12.502253      0.71064782      -0.2852296       5.6245903        5.6245903       28.160984              28.160984
              3       20.230628      0.88187884      0.95169344         14.067516           12.490365       0.7301194     -0.29141781       5.6245903        5.6245903       29.212075              29.212075
              1       20.129245      0.88187884      0.95122689         14.067558           12.490887       0.7298166     -0.29181023       5.6245903        5.6245903       29.009309              29.009309
              1       20.013784      0.88187884      0.95451365         14.067062            12.49262      0.72962096     -0.28610066       5.6245903        5.6245903       28.778387              28.778387
              2        20.03084      0.88187884      0.95125463         14.065556           12.492112      0.72917651     -0.28419196       5.6245903        5.6245903         28.8125                28.8125
              1       19.772366      0.88187884      0.95224685         14.067733           12.495154      0.73060132     -0.28967431       5.6245903        5.6245903       28.295552              28.295552
              3       20.673803      0.88187884      0.93987256         14.062381           12.489066      0.74322606     -0.30080117       5.6245903        5.6245903       30.098426              30.098426
              2       21.349757      0.88187884      0.94147225         14.064254           12.487806      0.74411016     -0.29941401       5.6245903        5.6245903       31.450334              31.450334
              1       22.294501      0.83415099      0.94147225         14.064254           12.487806      0.74411016     -0.29941401       5.6245903        5.6245903       33.339822              33.339822
              1       21.115875      0.83415099      0.91125106         14.064224           12.499414      0.76618295     -0.31605761       5.6245903        5.6245903       30.982569              30.982569
              3       21.216185      0.83415099      0.92417039         14.060377           12.494297      0.76705281     -0.34915001       5.6245903        5.6245903       31.183189              31.183189
              1       21.249829      0.83415099      0.97787896         14.080436           12.502644      0.78260328     -0.34103838       5.6245903        5.6245903       31.250478              31.250478
              2        20.38787      0.87146601      0.97787896         14.080436           12.502644      0.78260328     -0.34103838       5.6245903        5.6245903        29.52656               29.52656
              1       20.745714      0.87146601      0.97192168         14.074369           12.495229      0.78555981     -0.35156845       5.6245903        5.6245903       30.242248              30.242248
              1       21.742904      0.87146601      0.97155768         14.075131           12.493367      0.78676844     -0.34651638       5.6245903        5.6245903       32.236628              32.236628
              1       22.102846      0.87146601      0.98081481         14.076695           12.490711      0.78540657     -0.34940531       5.6245903        5.6245903       32.956511              32.956511
              2       19.677935      0.87146601      0.98977656          14.05776           12.488939      0.76901251     -0.32425751       5.6245903        5.6245903        28.10669               28.10669
              1       20.529813      0.88457171      0.98977656          14.05776           12.488939      0.76901251     -0.32425751       5.6245903        5.6245903       29.810446              29.810446
              2       20.460178      0.88457171      0.99284683         14.062812           12.489921      0.77734661     -0.34419523       5.6245903        5.6245903       29.671176              29.671176
              1       20.100437      0.88457171      0.99050192         14.061892           12.489465      0.77549723     -0.34867095       5.6245903        5.6245903       28.951694              28.951694
              1       19.650996      0.88457171       1.0175664         14.059692           12.492983      0.77055404     -0.35430453       5.6245903        5.6245903       28.052811              28.052811
              1       19.618564      0.88457171        1.017564          14.05447           12.490235      0.77213698     -0.34884813       5.6245903        5.6245903       27.987947              27.987947
              2       19.776327      0.88457171       1.0219044          14.05785           12.480921      0.76891567     -0.35093103       5.6245903        5.6245903       28.303474              28.303474
              1       20.475623      0.88457171       1.0358803         14.061587           12.483513      0.76642583     -0.32850604       5.6245903        5.6245903       29.702066              29.702066
              2       20.667347      0.88457171        1.051472         14.062274           12.483303      0.77408515      -0.3351821       5.6245903        5.6245903       30.085513              30.085513
              3       19.621308      0.88457171       1.0744374         14.067053           12.482312      0.76355212     -0.34519638       5.6245903        5.6245903       27.993435              27.993435
              1       19.341642      0.88457171       1.0719581         14.062699           12.480011      0.76150919     -0.34968623       5.6245903        5.6245903       27.434103              27.434103
              1       19.764655      0.89217966       1.0719581         14.062699           12.480011      0.76150919     -0.34968623       5.6245903        5.6245903       28.280129              28.280129
              1       19.706271      0.89217966        1.069905         14.064068           12.480009      0.76237834      -0.3554383       5.6245903        5.6245903       28.163361              28.163361
              1       19.952731      0.89217966       1.0434119         14.066752           12.482995      0.74920979     -0.33184855       5.6245903        5.6245903       28.656281              28.656281
              1       19.948587      0.89217966       1.0435728         14.066773           12.483027       0.7491649     -0.33179371       5.6245903        5.6245903       28.647994              28.647994
              1       20.178217      0.89217966          1.0432         14.069609           12.481924      0.74867592       -0.334037       5.6245903        5.6245903       29.107254              29.107254
              3       19.946738      0.89217966       1.0375366          14.07545           12.494905      0.75529773     -0.33484134       5.6245903        5.6245903       28.644296              28.644296
              4        20.06887      0.89217966       1.0424558         14.078676            12.49956      0.75358941     -0.32642583       5.6245903        5.6245903       28.888559              28.888559
              3       20.358305      0.89217966       1.0423566         14.072973            12.50187      0.75396537     -0.32243083       5.6245903        5.6245903        29.46743               29.46743
              1       20.901799      0.89217966       1.0174013         14.070869           12.498988      0.77054666     -0.32788883       5.6245903        5.6245903       30.554417              30.554417
              6       20.874709      0.89217966       1.0170813         14.071001           12.499806      0.77060294     -0.32767314       5.6245903        5.6245903       30.500237              30.500237
              1        20.90159      0.89217966       1.0110442         14.068128           12.503017      0.76995401      -0.3228648       5.6245903        5.6245903       30.553999              30.553999
              1       20.609045      0.89217966       1.0001654         14.063626            12.50104      0.77251247     -0.34062216       5.6245903        5.6245903       29.968909              29.968909
              2       20.465357      0.89217966      0.99768144         14.064727           12.500685      0.76972423     -0.34166593       5.6245903        5.6245903       29.681534              29.681534
              1       20.019628      0.88634505      0.99768144         14.064727           12.500685      0.76972423     -0.34166593       5.6245903        5.6245903       28.790076              28.790076
              1       19.887295      0.88634505       1.0020392         14.063903           12.496616      0.77262854     -0.34392499       5.6245903        5.6245903        28.52541               28.52541
              3       20.027125      0.88634505      0.99810407         14.068477           12.493791      0.77107402     -0.34583958       5.6245903        5.6245903        28.80507               28.80507
              1       20.154563      0.88634505      0.99804047         14.073741           12.499178      0.77885423     -0.35245411       5.6245903        5.6245903       29.059945              29.059945
              2       20.613779      0.88634505      0.97986689          14.06931           12.503573      0.76401838      -0.3679909       5.6245903        5.6245903       29.978377              29.978377
              1       19.827751      0.88634505      0.96418624         14.078599           12.505256       0.7654291     -0.36373161       5.6245903        5.6245903       28.406321              28.406321
              1       19.788714      0.88634505      0.95897072          14.07723           12.498612        0.764185     -0.35883466       5.6245903        5.6245903       28.328248              28.328248
              1       19.805502      0.88634505       0.9602243         14.076218           12.501349      0.76164732     -0.34635751       5.6245903        5.6245903       28.361824              28.361824
              1       20.086289      0.88634505      0.97822251         14.086246           12.497054      0.75245978     -0.34861953       5.6245903        5.6245903       28.923397              28.923397
              1       19.917435      0.88634505      0.97143511         14.094973           12.505404      0.74954736     -0.34893386       5.6245903        5.6245903        28.58569               28.58569
              2       19.957736      0.88634505      0.99351364         14.095871           12.505956      0.74029161     -0.32430474       5.6245903        5.6245903       28.666292              28.666292
              2       21.153901      0.88634505      0.99431552         14.085407           12.520259      0.74913064     -0.31149272       5.6245903        5.6245903       31.058622              31.058622
              1       22.400784        0.902897      0.99431552         14.085407           12.520259      0.74913064     -0.31149272       5.6245903        5.6245903       33.552388              33.552388
              2       23.238792        0.902897      0.97636455         14.076282           12.519988      0.74722789     -0.30847937       5.6245903        5.6245903       35.228403              35.228403
              1       23.132691        0.902897      0.98140527         14.071406           12.515771      0.75411133     -0.32164654       5.6245903        5.6245903       35.016201              35.016201
              2       23.169952        0.902897      0.98128375         14.071453           12.515847      0.75389079     -0.32232221       5.6245903        5.6245903       35.090723              35.090723
              3       20.980082        0.902897      0.98685093         14.071289           12.500624      0.74512684     -0.31877205       5.6245903        5.6245903       30.710984              30.710984
              2       20.990149        0.902897      0.98874088         14.070589           12.501421      0.74523113     -0.32110689       5.6245903        5.6245903       30.731117              30.731117
              1       20.639433        0.902897      0.98458308         14.068468           12.498006      0.74141589     -0.32727265       5.6245903        5.6245903       30.029686              30.029686
              2       20.642748        0.902897      0.98478403         14.068436           12.498032      0.74127049     -0.32706128       5.6245903        5.6245903       30.036315              30.036315
              1       20.948893        0.902897      0.98653692         14.060328           12.493968        0.739319     -0.33550863       5.6245903        5.6245903       30.648605              30.648605
              1       21.685526        0.902897      0.98210689         14.060752            12.49753      0.73721476     -0.34296123       5.6245903        5.6245903       32.121872              32.121872
              1       20.060327        0.902897      0.96149465         14.063401           12.490554      0.73986068     -0.34643024       5.6245903        5.6245903       28.871474              28.871474
              2       20.071221        0.902897      0.96132853         14.063278           12.490656      0.73997364     -0.34629255       5.6245903        5.6245903       28.893262              28.893262
              1       21.072121        0.902897      0.99253733         14.066695           12.486337      0.75006163     -0.33615917       5.6245903        5.6245903       30.895062              30.895062
              1       21.346114        0.902897      0.99033649         14.065575           12.488033      0.75114398     -0.32928818       5.6245903        5.6245903       31.443047              31.443047
              4       21.391178        0.902897      0.99328824         14.064629           12.485772      0.74689842     -0.32405168       5.6245903        5.6245903       31.533176              31.533176
              2       21.648227        0.902897      0.99353649         14.065509           12.486365      0.74707435     -0.32069702       5.6245903        5.6245903       32.047273              32.047273
              2       23.494165        0.902897       1.0368762         14.073088           12.478503      0.75070818     -0.32707005       5.6245903        5.6245903        35.73915               35.73915
              1       21.762203        0.902897       1.0391079          14.07548           12.481082      0.74334713     -0.33002349       5.6245903        5.6245903       32.275225              32.275225
              1       21.340552      0.84921104       1.0391079          14.07548           12.481082      0.74334713     -0.33002349       5.6245903        5.6245903       31.431923              31.431923
              1       20.870833      0.84921104       1.0420225         14.069638            12.47982      0.73913411     -0.33487404       5.6245903        5.6245903       30.492485              30.492485
              1       20.869072      0.84921104       1.0419691         14.069606           12.479814      0.73917325     -0.33487825       5.6245903        5.6245903       30.488964              30.488964
              1        19.52629      0.84921104       1.0804452         14.057656           12.487757       0.7449555     -0.28253859       5.6245903        5.6245903       27.803399              27.803399
              1       19.494854      0.84921104        1.081916         14.057861           12.486391      0.74541091      -0.2828048       5.6245903        5.6245903       27.740527              27.740527
              1       19.560553      0.84921104        1.085513         14.057856           12.488019      0.74677228     -0.28704343       5.6245903        5.6245903       27.871926              27.871926
              2       19.086986      0.86699698        1.085513         14.057856           12.488019      0.74677228     -0.28704343       5.6245903        5.6245903       26.924792              26.924792
              2       19.230247      0.86699698         1.07943         14.064901           12.491925      0.73725401     -0.26695899       5.6245903        5.6245903       27.211314              27.211314
              3       19.301392      0.86699698       1.0779567           14.0588           12.489197      0.73883733     -0.25372163       5.6245903        5.6245903       27.353604              27.353604
              1        19.22176      0.86699698       1.0801646         14.057757           12.488752      0.73635001     -0.25255956       5.6245903        5.6245903        27.19434               27.19434
              2       19.229162      0.86699698       1.0852448         14.055292           12.486366       0.7387667     -0.25402482       5.6245903        5.6245903       27.209144              27.209144
              1       19.579175      0.86699698       1.0998566         14.059446           12.491375      0.73635783     -0.27982887       5.6245903        5.6245903       27.909169              27.909169
              3        20.44039       0.8926346       1.0998566         14.059446           12.491375      0.73635783     -0.27982887       5.6245903        5.6245903       29.631599              29.631599
              3       20.556631       0.8926346       1.1011918         14.059468           12.492354      0.73603942     -0.28036395       5.6245903        5.6245903       29.864082              29.864082
              1       19.704819       0.8926346        1.088549         14.081744           12.490028      0.72481315     -0.29847494       5.6245903        5.6245903       28.160458              28.160458
              1       19.655536       0.8926346       1.0875603          14.08109           12.490049      0.72361399     -0.29804342       5.6245903        5.6245903       28.061892              28.061892
              1       19.957274       0.8926346       1.0817601         14.088487            12.48636      0.71915922     -0.30640878       5.6245903        5.6245903       28.665368              28.665368
              5       20.106051       0.8926346       1.0831671         14.089915           12.486911      0.71934452      -0.3036991       5.6245903        5.6245903       28.962921              28.962921
              2        19.63701       0.8926346       1.0885197         14.088673           12.494807      0.71753771     -0.30235258       5.6245903        5.6245903       28.024839              28.024839
              1       19.659355       0.8926346       1.0873773         14.087484           12.494757      0.71696268     -0.30411739       5.6245903        5.6245903        28.06953               28.06953
              1       21.095746       0.9148735       1.0873773         14.087484           12.494757      0.71696268     -0.30411739       5.6245903        5.6245903       30.942311              30.942311
              1       20.485812       0.9148735       1.0857841          14.09632           12.495122      0.70898949     -0.31653976       5.6245903        5.6245903       29.722444              29.722444
              4       20.588898       0.9148735       1.0771989         14.097612            12.49743      0.71154493     -0.31805309       5.6245903        5.6245903       29.928615              29.928615
              1       20.282739       0.9148735       1.0818553         14.102856           12.490524      0.70851957     -0.33068674       5.6245903        5.6245903       29.316298              29.316298
              1       20.458264       0.9148735       1.0566802         14.102925           12.488446      0.70695575     -0.33381036       5.6245903        5.6245903       29.667348              29.667348
              1       20.286235       0.9148735        1.055536         14.111856            12.50022      0.69739735     -0.33598969       5.6245903        5.6245903       29.323289              29.323289
              3       20.286697       0.9148735       1.0555949         14.111818           12.500198      0.69737935     -0.33600663       5.6245903        5.6245903       29.324213              29.324213
              4       20.296592       0.9148735       1.0526094         14.114926           12.491255      0.70323971     -0.35229258       5.6245903        5.6245903       29.344003              29.344003
              1       20.549044       0.9148735        1.066747         14.109631           12.477521      0.69684616     -0.36254419       5.6245903        5.6245903       29.848907              29.848907
              1       20.176673       0.9148735       1.0758268         14.107946           12.483945      0.70133328     -0.39215779       5.6245903        5.6245903       29.104165              29.104165
              2       20.752747       0.9148735       1.0670042         14.087126           12.483729      0.71105895     -0.38441638       5.6245903        5.6245903       30.256314              30.256314
              4       20.798322       0.9148735       1.0632477         14.086999           12.483504      0.71028731     -0.38620276       5.6245903        5.6245903       30.347464              30.347464
              1        21.47116       0.9314124       1.0632477         14.086999           12.483504      0.71028731     -0.38620276       5.6245903        5.6245903       31.693139              31.693139
              1       21.689598       0.9314124       1.0961514         14.089336           12.466191      0.71664672     -0.37296195       5.6245903        5.6245903       32.130016              32.130016
              1       21.312285       0.9314124       1.0942369         14.086053           12.463558       0.7161357     -0.37867896       5.6245903        5.6245903        31.37539               31.37539
              1       20.481687      0.88856786       1.0942369         14.086053           12.463558       0.7161357     -0.37867896       5.6245903        5.6245903       29.714194              29.714194
              2       20.473526      0.88856786       1.0789555         14.090568           12.467686       0.7161596      -0.3888881       5.6245903        5.6245903       29.697871              29.697871
              1       20.730991      0.88856786       1.0749812         14.090288           12.468585      0.72509229      -0.3818951       5.6245903        5.6245903       30.212802              30.212802
              2       20.560424      0.88856786       1.0786468         14.090462           12.468977      0.72635344     -0.38642915       5.6245903        5.6245903       29.871668              29.871668
              2       20.919454      0.88856786        1.074431         14.088572           12.465337      0.72010119     -0.38041612       5.6245903        5.6245903       30.589728              30.589728
              1       20.836054      0.89068971        1.074431         14.088572           12.465337      0.72010119     -0.38041612       5.6245903        5.6245903       30.422928              30.422928
              1       20.187978      0.89068971       1.0923174         14.071831           12.468614      0.71721771     -0.39299054       5.6245903        5.6245903       29.126775              29.126775
              3       19.580935      0.89068971       1.1113498         14.073131            12.45961      0.72068186     -0.38540256       5.6245903        5.6245903       27.912689              27.912689
              2       19.515554      0.89068971       1.1144405         14.074723           12.463364      0.72162111     -0.38559889       5.6245903        5.6245903       27.781927              27.781927
              2       19.494953      0.89068971       1.1122633         14.073861           12.464185      0.72163078     -0.38482327       5.6245903        5.6245903       27.740726              27.740726
              1       20.126177      0.87792521       1.1122633         14.073861           12.464185      0.72163078     -0.38482327       5.6245903        5.6245903       29.003173              29.003173
              2       20.197703      0.87792521       1.1101464         14.073075           12.461535      0.71842962     -0.38321287       5.6245903        5.6245903       29.146226              29.146226
              1       20.351645      0.87567013       1.1101464         14.073075           12.461535      0.71842962     -0.38321287       5.6245903        5.6245903       29.454109              29.454109
              3       20.407006      0.87567013       1.1043827         14.075533           12.463309      0.71759081     -0.38098547       5.6245903        5.6245903       29.564832              29.564832
              3       20.223127      0.87567013       1.1022193          14.07778           12.467781      0.72285522     -0.34987042       5.6245903        5.6245903       29.197073              29.197073
              1       20.240872      0.87567013       1.0949176         14.071704           12.464536      0.72665176     -0.34932575       5.6245903        5.6245903       29.232564              29.232564
              1       20.896507      0.87567013       1.0914603          14.07219             12.4612      0.72276611     -0.34515881       5.6245903        5.6245903       30.543834              30.543834
              1       19.952896      0.87567013       1.0472587         14.073467           12.476726       0.7171356     -0.35371735       5.6245903        5.6245903       28.656611              28.656611
              1       22.821859      0.87567013       1.0519364         14.063654           12.483635      0.71272267     -0.36137707       5.6245903        5.6245903       34.394537              34.394537
              4       23.800734      0.87567013       1.0450617         14.067505           12.486445      0.70864524       -0.365773       5.6245903        5.6245903       36.352287              36.352287
              1       23.466613      0.87567013       1.0426058         14.066507           12.485699      0.70687171     -0.36076018       5.6245903        5.6245903       35.684045              35.684045
              5       21.753757      0.87567013       1.0323966         14.068077           12.479315      0.69834665     -0.35409658       5.6245903        5.6245903       32.258333              32.258333
              1       22.300232      0.87567013       1.0534547         14.078523           12.485075      0.69183109     -0.34294936       5.6245903        5.6245903       33.351284              33.351284
              1       21.230851      0.87567013       1.0712341         14.077463           12.479747      0.69699217     -0.34450846       5.6245903        5.6245903       31.212522              31.212522
              1       20.992443      0.87567013       1.0600559          14.08443           12.472381       0.7024426     -0.31808169       5.6245903        5.6245903       30.735705              30.735705
              1       19.442323      0.87567013       1.0500818         14.074247           12.491727      0.72935608     -0.31219682       5.6245903        5.6245903       27.635466              27.635466
              3       19.423526      0.87567013       1.0491918         14.071663           12.490852      0.72882552     -0.31038512       5.6245903        5.6245903       27.597872              27.597872
              1       19.599048      0.87567013       1.0442135         14.074066           12.491659      0.72944744      -0.3225508       5.6245903        5.6245903       27.948915              27.948915
              1       20.567279      0.87567013      0.98022043         14.061753           12.504664      0.70682386     -0.24495032       5.6245903        5.6245903       29.885378              29.885378
              5       20.596994      0.87993834      0.98263087         14.063425           12.504778      0.70556319     -0.24669177       5.6245903        5.6245903       29.944808              29.944808
              1       19.860129      0.87993834      0.97099559         14.078906           12.495994      0.67489799     -0.21981684       5.6245903        5.6245903       28.471077              28.471077
              3       20.458156      0.87993834       1.0370644         14.096758           12.508939       0.6441559     -0.14164291       5.6245903        5.6245903       29.667132              29.667132
             10       20.669808      0.87993834      0.97243552         14.080801           12.513865      0.64508663     -0.11138806       5.6245903        5.6245903       30.090436              30.090436
              3        21.32604      0.87993834      0.99820667         14.109229           12.527181      0.65512645     -0.15829633       5.6245903        5.6245903       31.402899              31.402899
              2       21.109356      0.87993834      0.97438847         14.078227           12.516478      0.72066488     -0.19549643       5.6245903        5.6245903       30.969532              30.969532
              1       19.915092      0.84120289      0.95251289         14.063056           12.515436      0.73210595     -0.17969215       5.6245903        5.6245903       28.581004              28.581004
              2       18.883458      0.84120289      0.81358084         13.985403           12.474124      0.76002142     -0.26059536       5.6245903        5.6245903       26.517736              26.517736
              2       18.943417      0.84120289      0.81077677         13.988181           12.480526      0.76540456     -0.27189562       5.6245903        5.6245903       26.637653              26.637653
              1        19.39969      0.84120289      0.96001204         14.016471           12.473121      0.73643958     -0.23349769       5.6245903        5.6245903         27.5502                27.5502
              1       19.210113      0.85541005      0.96803544         14.022036           12.473503      0.73224329     -0.23929429       5.6245903        5.6245903       27.171045              27.171045
              1       19.057266      0.85541005      0.97255883         14.015793           12.470339      0.73739561     -0.24465954       5.6245903        5.6245903       26.865351              26.865351
              3       18.961035      0.85541005      0.98484593          14.02502           12.474668      0.73780187     -0.25890962       5.6245903        5.6245903        26.67289               26.67289
              2        18.87233      0.85541005      0.98842612          14.02183           12.472182      0.73802476     -0.26400887       5.6245903        5.6245903        26.49548               26.49548
              3        19.98783      0.85541005      0.93578343         14.021805            12.45667      0.79854445     -0.41845507       5.6245903        5.6245903       28.726479              28.726479
              2       20.005681      0.85541005      0.98864695         14.008194           12.448522      0.76490861     -0.33016212       5.6245903        5.6245903       28.762181              28.762181
              2       19.527318      0.85541005      0.62390379         13.865657           12.387273      0.78358254     -0.38281136       5.6245903        5.6245903       27.805456              27.805456
              3       18.090477      0.85541005      0.62185605         13.861147           12.399142      0.77800448     -0.37323761       5.6245903        5.6245903       24.931773              24.931773
              2       18.766256      0.85541005      0.66581097         13.830652           12.362238      0.82741477     -0.50990684       5.6245903        5.6245903       26.283331              26.283331
              1       17.649759      0.85541005      0.88971263         13.852991           12.354999      0.77619707     -0.42547427       5.6245903        5.6245903       24.050337              24.050337
              2       17.086277      0.85541005      0.84493731         13.766595           12.304955      0.78768107      -0.4169095       5.6245903        5.6245903       22.923374              22.923374
              2       17.085985      0.85541005      0.86135793         13.785772           12.317469      0.75648334     -0.37575514       5.6245903        5.6245903        22.92279               22.92279
              1       16.992733      0.85541005      0.85645345         13.752232           12.292578        0.748735     -0.37296847       5.6245903        5.6245903       22.736286              22.736286
              2       17.024054      0.85541005      0.83890971         13.750563           12.294244      0.75059356     -0.37316925       5.6245903        5.6245903       22.798928              22.798928
              5       17.255266      0.84222458      0.83146331         13.745399            12.29389      0.75448808     -0.36778951       5.6245903        5.6245903       23.261351              23.261351
              2       17.146411      0.86813312      0.84609498         13.755546           12.294587      0.74683562     -0.37836034       5.6245903        5.6245903       23.043642              23.043642
              2       17.096313      0.86813312       0.8871903         13.753531            12.28754      0.76775193     -0.41493622       5.6245903        5.6245903       22.943446              22.943446
              2       17.709021      0.86813312       0.8498042         13.713564           12.271762       0.7859893     -0.40721953       5.6245903        5.6245903       24.168861              24.168861
              1       17.617436      0.86813312       0.8568194         13.713695            12.27061      0.78350596     -0.40370734       5.6245903        5.6245903       23.985691              23.985691
              4       17.511243      0.86813312       0.8437063         13.717129           12.269049      0.78914538     -0.41011719       5.6245903        5.6245903       23.773306              23.773306
              2       17.421787      0.86605097      0.84253042         13.716313           12.268993      0.78976037     -0.40926766       5.6245903        5.6245903       23.594393              23.594393
              1        17.41223      0.86605097      0.84410776         13.718458           12.270074      0.79072046     -0.41098973       5.6245903        5.6245903       23.575279              23.575279
              1       17.905522      0.86605097       1.0014299         13.752172               12.25       0.7784509     -0.48729284       5.6245903        5.6245903       24.561863              24.561863
              2       17.911768      0.86605097       1.0017305         13.751404           12.249377      0.77860262     -0.48748944       5.6245903        5.6245903       24.574356              24.574356
              4       17.808702      0.86605097      0.98897164         13.743668           12.246769       0.7951768     -0.51561491       5.6245903        5.6245903       24.368224              24.368224
              1       18.468471      0.86605097       1.0981775          13.67656           12.212645      0.79914164     -0.49921709       5.6245903        5.6245903       25.687762              25.687762
              1        17.84209      0.86605097       1.2865954         13.725485           12.208813      0.81459152     -0.51569039       5.6245903        5.6245903          24.435                 24.435
              2       18.188802      0.86605097       1.2146692         13.727986            12.23937      0.85176572     -0.47565141       5.6245903        5.6245903       25.128424              25.128424
              1       17.364042      0.86605097       1.3161995         13.821082           12.310282      0.77896715     -0.33830141       5.6245903        5.6245903       23.478903              23.478903
              4       17.103375      0.86605097       1.2718985         13.840745           12.310792      0.76568294     -0.37533415       5.6245903        5.6245903        22.95757               22.95757
              1       17.103058      0.86647148        1.272136          13.84091           12.310803      0.76555873     -0.37550572       5.6245903        5.6245903       22.956936              22.956936
              1       17.442837      0.86647148       1.2916765          13.80897            12.28395       0.7089034     -0.28476179       5.6245903        5.6245903       23.636493              23.636493
              2       17.731915      0.88977234       1.3048355         13.818096           12.284577      0.70202116     -0.29426867       5.6245903        5.6245903       24.214649              24.214649
              1       17.841905      0.88977234         1.09125         13.740137           12.244174        0.688504     -0.29183585       5.6245903        5.6245903       24.434629              24.434629
              1       18.941799      0.88977234       1.1535165         13.703897           12.181605      0.71341728     -0.43388393       5.6245903        5.6245903       26.634418              26.634418
              2       17.337017      0.88977234       1.0743546         13.708104           12.195771      0.73883935      -0.5182017       5.6245903        5.6245903       23.424854              23.424854
              1       17.323013      0.88977234       1.0751482         13.706116           12.194425      0.73796587     -0.51724859       5.6245903        5.6245903       23.396846              23.396846
              2       18.204397      0.88977234       1.2330814         13.752257           12.211667      0.69549765     -0.49006885       5.6245903        5.6245903       25.159612              25.159612
