#        weight    minuslogpost          sigma8        ygk_Ahmc ygk_LOWZ__0_lM1_0 ygk_LOWZ__0_lMmin_0   ygk_mass_bias       ygk_rhogy   minuslogprior minuslogprior__0            chi2 chi2__ygk_like.ygkLike
              1       78.820169      0.66638537       1.0103522         14.017874           12.511612      0.74281605     -0.51189706       5.6245903        5.6245903       146.39116              146.39116
              1       74.335538      0.66638537      0.97152724         14.016599           12.511853      0.76676938     -0.52951316       5.6245903        5.6245903       137.42189              137.42189
              1        72.28422      0.71041275      0.97152724         14.016599           12.511853      0.76676938     -0.52951316       5.6245903        5.6245903       133.31926              133.31926
              1        50.98507      0.71041275      0.96313005         14.028197           12.493844      0.76771105      -0.5102275       5.6245903        5.6245903       90.720958              90.720958
              1       50.884255      0.71041275      0.96601898         14.028298            12.49358      0.76885398     -0.51042196       5.6245903        5.6245903       90.519329              90.519329
              3       47.187196      0.77450927      0.96601898         14.028298            12.49358      0.76885398     -0.51042196       5.6245903        5.6245903       83.125211              83.125211
              1       47.700284      0.77450927      0.96746721         14.027432           12.494318      0.77055801     -0.50890424       5.6245903        5.6245903       84.151387              84.151387
              3         47.8147      0.77450927      0.97025847         14.025227           12.493414      0.76800154     -0.50336593       5.6245903        5.6245903       84.380219              84.380219
              1       44.027782      0.77450927      0.96180848         14.023846           12.489021      0.76873291     -0.50002653       5.6245903        5.6245903       76.806384              76.806384
              4       43.769987      0.77450927      0.96497721         14.022645           12.490408      0.77198219     -0.48954145       5.6245903        5.6245903       76.290793              76.290793
              4        43.52551      0.82001747      0.96497721         14.022645           12.490408      0.77198219     -0.48954145       5.6245903        5.6245903       75.801839              75.801839
              1       39.832052      0.82001747      0.98109167         14.017488           12.480315      0.76629871     -0.48711067       5.6245903        5.6245903       68.414924              68.414924
              2        39.03853      0.82001747      0.98915583         14.018355           12.483252      0.76791512     -0.46930925       5.6245903        5.6245903        66.82788               66.82788
              1       35.742171      0.82001747      0.99737604         14.024068           12.482273       0.7662088     -0.46133396       5.6245903        5.6245903       60.235161              60.235161
              3       33.996797      0.82001747      0.99248671         14.011086           12.477286      0.75778326     -0.42876018       5.6245903        5.6245903       56.744413              56.744413
              1       32.940597      0.82001747      0.98590413         14.012943           12.476367      0.75557273     -0.42963774       5.6245903        5.6245903       54.632014              54.632014
              2       33.796143      0.82001747      0.98225365         14.008331           12.477054      0.75034088     -0.41493277       5.6245903        5.6245903       56.343106              56.343106
              1       30.079206      0.82001747       0.9799479         14.013267           12.471839      0.74580048     -0.41480052       5.6245903        5.6245903       48.909232              48.909232
              2       29.870341      0.82345443       0.9799479         14.013267           12.471839      0.74580048     -0.41480052       5.6245903        5.6245903       48.491501              48.491501
              1       26.200158      0.82345443      0.98507788         14.010162           12.463896      0.75094305     -0.40861903       5.6245903        5.6245903       41.151135              41.151135
              1       24.361343      0.82345443      0.98801183         14.018754           12.459447      0.74392672     -0.40060453       5.6245903        5.6245903       37.473505              37.473505
              1        20.65961      0.89161382      0.98801183         14.018754           12.459447      0.74392672     -0.40060453       5.6245903        5.6245903        30.07004               30.07004
              2       20.007141      0.89161382      0.96923857         14.017612           12.455745      0.74149137     -0.40558348       5.6245903        5.6245903       28.765101              28.765101
              1       19.973774      0.89161382      0.96949947         14.017503            12.45548      0.74151357     -0.40572397       5.6245903        5.6245903       28.698368              28.698368
              2       19.907085      0.89161382       0.9616777         14.034798           12.449606      0.76266193     -0.41600304       5.6245903        5.6245903        28.56499               28.56499
              2       19.234497      0.89161382      0.96578352         14.029142            12.45782      0.76979151     -0.39956334       5.6245903        5.6245903       27.219813              27.219813
              1       19.055248      0.89161382      0.96508654          14.02663           12.457525      0.76919042     -0.40121403       5.6245903        5.6245903       26.861315              26.861315
              1       19.226327      0.89161382      0.97204056         14.027173           12.464075       0.7578282     -0.39558399       5.6245903        5.6245903       27.203473              27.203473
              1       19.828682      0.89161382      0.96400615         14.028056           12.468038      0.75825252     -0.40101753       5.6245903        5.6245903       28.408184              28.408184
              1       19.265526      0.89161382       0.9741861         14.030477            12.45947      0.76078008     -0.37974282       5.6245903        5.6245903       27.281872              27.281872
              1       19.120543      0.89161382      0.99044751           14.0347           12.464417      0.76478247     -0.38338016       5.6245903        5.6245903       26.991906              26.991906
              1       18.862829      0.87622074      0.99044751           14.0347           12.464417      0.76478247     -0.38338016       5.6245903        5.6245903       26.476477              26.476477
              1       19.210936      0.87622074       0.9817155         14.036323           12.463997      0.77227722     -0.38417881       5.6245903        5.6245903       27.172691              27.172691
              1       19.155559      0.87622074      0.99054149         14.017005           12.469042      0.77955933     -0.37494366       5.6245903        5.6245903       27.061938              27.061938
              2       18.700514      0.87622074       1.0000648         14.013603           12.458288      0.78189598     -0.39638504       5.6245903        5.6245903       26.151848              26.151848
              1       18.976972      0.87622074      0.99748687         14.022044           12.465496       0.7921853     -0.40995878       5.6245903        5.6245903       26.704764              26.704764
              3        19.04872      0.86448166      0.99748687         14.022044           12.465496       0.7921853     -0.40995878       5.6245903        5.6245903        26.84826               26.84826
              2       18.711791      0.86448166       1.0387092         14.030524           12.466997      0.79368341     -0.38896161       5.6245903        5.6245903       26.174401              26.174401
              2       18.766356      0.86448166       1.0553327         14.028668           12.461477       0.7969938     -0.39062547       5.6245903        5.6245903       26.283532              26.283532
              3       18.759527      0.86448166       1.0617263         14.029179           12.461975      0.79157489     -0.37876344       5.6245903        5.6245903       26.269873              26.269873
              1       18.688909      0.86448166       1.0810452         14.034478           12.470089      0.79663821     -0.37530884       5.6245903        5.6245903       26.128637              26.128637
              3       20.711516      0.86448166       1.0726118         14.031091           12.477986      0.79999962     -0.40126315       5.6245903        5.6245903       30.173851              30.173851
              1       19.769956      0.86448166       1.0728414         14.039661           12.475068      0.79712363     -0.41085337       5.6245903        5.6245903       28.290731              28.290731
              1       19.144872      0.86448166       1.0983369         14.032605           12.462102       0.8038482     -0.42775081       5.6245903        5.6245903       27.040564              27.040564
              1       19.205783      0.86448166       1.0988135         14.032501           12.462129      0.80276124     -0.42781377       5.6245903        5.6245903       27.162385              27.162385
              2       19.200961      0.86448166       1.0843854         14.036823           12.459865      0.80086307     -0.43836508       5.6245903        5.6245903       27.152741              27.152741
              1       19.202279      0.86448166       1.0778999         14.040388           12.465825      0.79980771     -0.42800972       5.6245903        5.6245903       27.155377              27.155377
              1       19.010714      0.86448166       1.0750977         14.039839           12.462779      0.79939349     -0.42216571       5.6245903        5.6245903       26.772247              26.772247
              2       19.593893      0.86448166       1.0625988         14.029744           12.466387      0.79911261     -0.42451152       5.6245903        5.6245903       27.938606              27.938606
              1       20.387399      0.86448166       1.0574849         14.025088           12.465516      0.79779474     -0.43235914       5.6245903        5.6245903       29.525617              29.525617
              3       19.535286      0.86448166       1.0759158         14.025449           12.453987      0.78346586      -0.4304829       5.6245903        5.6245903       27.821392              27.821392
              1       19.698845      0.86448166        1.071727         14.021171           12.440304      0.79342241      -0.4182172       5.6245903        5.6245903       28.148509              28.148509
              3       19.510996      0.86448166       1.0592407         14.020982           12.440703      0.80419113     -0.44490381       5.6245903        5.6245903       27.772811              27.772811
              1       19.656017      0.86448166        1.072663         14.030342           12.443059      0.79777904     -0.46165856       5.6245903        5.6245903       28.062853              28.062853
              4       19.512662      0.86448166       1.0817733         14.026373           12.441208      0.79830273     -0.46507393       5.6245903        5.6245903       27.776143              27.776143
              1       19.389169      0.86448166       1.0894292         14.026581           12.442617      0.79933906     -0.46151313       5.6245903        5.6245903       27.529158              27.529158
              1       19.888482      0.86448166        1.088819         14.040025           12.447222      0.80600712     -0.47840443       5.6245903        5.6245903       28.527784              28.527784
              1       20.076324      0.86448166       1.0831154         14.033766           12.454552      0.81105461     -0.48215785       5.6245903        5.6245903       28.903468              28.903468
              1       22.136104      0.86448166       1.1057017         14.025232           12.446314      0.81231234     -0.51713993       5.6245903        5.6245903       33.023028              33.023028
              2        21.80129      0.86448166       1.1085477         14.022847           12.443979      0.81756562     -0.52095313       5.6245903        5.6245903       32.353399              32.353399
              4       20.902185      0.86448166       1.1109087         14.023414           12.441305      0.81721242     -0.51600737       5.6245903        5.6245903        30.55519               30.55519
              1       20.966398      0.86448166       1.1111928         14.019458           12.434543      0.81752035     -0.52820362       5.6245903        5.6245903       30.683615              30.683615
              2       20.886913      0.86448166       1.1088522         14.017686           12.433634      0.81433034     -0.52426399       5.6245903        5.6245903       30.524645              30.524645
              1        20.26628      0.88541168       1.1088522         14.017686           12.433634      0.81433034     -0.52426399       5.6245903        5.6245903        29.28338               29.28338
              1       20.703983      0.88541168       1.1092452         14.030933           12.421544      0.81328796     -0.51473428       5.6245903        5.6245903       30.158785              30.158785
              2        21.01262      0.88541168       1.1342723         14.025334           12.418297      0.81751118      -0.4992602       5.6245903        5.6245903        30.77606               30.77606
              1       21.086916      0.88541168       1.1331457         14.024729           12.418002      0.81828381     -0.49895888       5.6245903        5.6245903       30.924651              30.924651
              1       20.398437      0.88541168       1.1344937         14.024078           12.419363      0.81940206     -0.50527297       5.6245903        5.6245903       29.547694              29.547694
              1       19.909359      0.88541168        1.145125         14.021048           12.420448      0.82079055     -0.49983472       5.6245903        5.6245903       28.569537              28.569537
              2        20.16403      0.88541168       1.1443542         14.024808           12.423726      0.82435081     -0.49619983       5.6245903        5.6245903        29.07888               29.07888
              3       20.209011      0.88541168       1.1356524         14.023152           12.424676      0.82418914     -0.49010934       5.6245903        5.6245903       29.168841              29.168841
              1       19.191877      0.88541168       1.1407267         14.017015           12.432532       0.8117416     -0.49575201       5.6245903        5.6245903       27.134574              27.134574
              1       18.903241      0.88541168        1.154364         14.014573           12.423631      0.80624707     -0.47395613       5.6245903        5.6245903       26.557301              26.557301
              2          19.319      0.88541168       1.1555262         14.025656           12.429049      0.80318698     -0.46394936       5.6245903        5.6245903        27.38882               27.38882
              1       19.191892      0.88541168       1.1602094          14.03841           12.436595      0.79617407     -0.48390357       5.6245903        5.6245903       27.134604              27.134604
              2       19.238408      0.88541168       1.1614223         14.037815           12.438585      0.80157196      -0.4897183       5.6245903        5.6245903       27.227635              27.227635
              2       19.259237      0.88541168       1.1603014         14.037533           12.439241      0.80142137     -0.48949812       5.6245903        5.6245903       27.269294              27.269294
              2        19.26984      0.88541168       1.1602425         14.037488            12.43931      0.80121868     -0.48959209       5.6245903        5.6245903       27.290499              27.290499
              2       19.395126      0.88541168       1.1642902         14.037926           12.439647      0.80131781     -0.49284299       5.6245903        5.6245903       27.541071              27.541071
              2       19.518827      0.88541168       1.1567129          14.04098           12.439733      0.80210165     -0.50049986       5.6245903        5.6245903       27.788474              27.788474
              1       19.441679      0.89861841       1.1567129          14.04098           12.439733      0.80210165     -0.50049986       5.6245903        5.6245903       27.634178              27.634178
              1       19.404889      0.89861841       1.1532902         14.047055           12.441032      0.79781051     -0.49869551       5.6245903        5.6245903       27.560597              27.560597
              1       20.358415      0.89861841       1.1269894         14.037806           12.438968      0.78791337     -0.51223549       5.6245903        5.6245903       29.467649              29.467649
              1       20.763184      0.89861841       1.1154809         14.035394           12.446844      0.79082214     -0.49659859       5.6245903        5.6245903       30.277187              30.277187
              1       19.461694      0.89861841        1.094008         14.042154            12.43919      0.80188864     -0.50104833       5.6245903        5.6245903       27.674208              27.674208
              1       19.494071      0.89861841       1.0940112         14.042048           12.438647      0.80169708     -0.49987391       5.6245903        5.6245903       27.738962              27.738962
              2       19.452687      0.89861841       1.1082318         14.045411            12.44349      0.80277029     -0.50423736       5.6245903        5.6245903       27.656193              27.656193
              1       19.481662      0.89861841       1.0988888         14.048005           12.448551       0.8075874     -0.49948022       5.6245903        5.6245903       27.714143              27.714143
              3       19.442635      0.89861841       1.1049709         14.043552            12.44749      0.81251154     -0.49325242       5.6245903        5.6245903       27.636088              27.636088
              1       19.364456      0.89540305       1.1049709         14.043552            12.44749      0.81251154     -0.49325242       5.6245903        5.6245903       27.479732              27.479732
              1       19.391862      0.89540305       1.0999029         14.043618           12.447442      0.81055378     -0.48468066       5.6245903        5.6245903       27.534542              27.534542
              1       19.433157      0.89540305       1.0993063         14.043328           12.446962      0.81130248      -0.4843513       5.6245903        5.6245903       27.617134              27.617134
              1       19.341541      0.89540305       1.1180491         14.035824           12.439887      0.80682693      -0.4772875       5.6245903        5.6245903       27.433901              27.433901
              4       20.018327      0.89540305       1.1312509         14.041094           12.442861      0.81202806      -0.4648252       5.6245903        5.6245903       28.787474              28.787474
              3       20.312487      0.89540305       1.1365099         14.029742           12.453271      0.81535525     -0.47473523       5.6245903        5.6245903       29.375793              29.375793
              1         20.3342      0.89540305       1.1406298         14.040316           12.465549      0.82909558     -0.45095742       5.6245903        5.6245903       29.419219              29.419219
              1       20.388936      0.89540305       1.1441768         14.037328           12.464328      0.82905533     -0.44617728       5.6245903        5.6245903       29.528691              29.528691
              1       19.188599      0.86409314       1.1441768         14.037328           12.464328      0.82905533     -0.44617728       5.6245903        5.6245903       27.128017              27.128017
              1       18.887339      0.86409314       1.1333551         14.047636           12.475287      0.81740457     -0.40157489       5.6245903        5.6245903       26.525498              26.525498
              1       19.039483      0.86409314       1.1220383         14.047242           12.472581      0.82172845     -0.39677985       5.6245903        5.6245903       26.829786              26.829786
              2       18.843533      0.86409314       1.1105897         14.043286           12.469449      0.81327024     -0.40165971       5.6245903        5.6245903       26.437885              26.437885
              1       19.536555      0.86409314       1.0919698         14.044559           12.463934       0.8134768     -0.40620931       5.6245903        5.6245903        27.82393               27.82393
              1       18.932792      0.86409314       1.0881843         14.043635            12.46839      0.80573611     -0.41476672       5.6245903        5.6245903       26.616403              26.616403
              2       18.952528      0.86409314        1.084481         14.042487           12.466955      0.80002798     -0.39497041       5.6245903        5.6245903       26.655875              26.655875
              1       18.800068      0.86409314       1.0923592         14.033542           12.459351      0.79737564     -0.40083692       5.6245903        5.6245903       26.350956              26.350956
              2       18.852046      0.87662057       1.0923592         14.033542           12.459351      0.79737564     -0.40083692       5.6245903        5.6245903       26.454912              26.454912
              1       18.818562      0.87662057       1.0908757         14.032478           12.459279      0.79937567     -0.40421396       5.6245903        5.6245903       26.387943              26.387943
              2       18.807242      0.87662057       1.0883721         14.031051           12.463786      0.79924847     -0.40200151       5.6245903        5.6245903       26.365303              26.365303
              3       18.913334      0.87662057       1.0985857         14.027287           12.463712      0.80026826     -0.39932087       5.6245903        5.6245903       26.577487              26.577487
              4       18.545484      0.87662057       1.1063022         14.018752           12.449477      0.79153795     -0.41043613       5.6245903        5.6245903       25.841788              25.841788
              2       18.911896      0.87662057       1.1182307         14.028943           12.450487      0.79069285      -0.4359781       5.6245903        5.6245903       26.574611              26.574611
              1       19.131123      0.87662057       1.1048184         14.030436           12.446606      0.80345278     -0.47083128       5.6245903        5.6245903       27.013066              27.013066
              1        19.03225      0.87662057       1.1112173         14.032896            12.44576      0.80585193     -0.46898204       5.6245903        5.6245903       26.815319              26.815319
              1       19.316293      0.87662057       1.1139574         14.033737           12.449879      0.80529969      -0.4725352       5.6245903        5.6245903       27.383405              27.383405
              3       19.214442      0.87662057       1.1097033         14.033236            12.45223      0.80848296     -0.46736914       5.6245903        5.6245903       27.179704              27.179704
              1       19.247714      0.87662057       1.1083603         14.035932           12.453707      0.80935005     -0.46888375       5.6245903        5.6245903       27.246248              27.246248
              1       19.233615      0.87662057       1.1083168         14.035951           12.453635       0.8094464      -0.4687644       5.6245903        5.6245903       27.218049              27.218049
              1       18.987029      0.87662057       1.0693941         14.034766           12.455542      0.80177325     -0.45282625       5.6245903        5.6245903       26.724877              26.724877
              1       18.944177      0.87662057       1.0740616         14.037424           12.455164      0.79919112     -0.44542858       5.6245903        5.6245903       26.639174              26.639174
              1       18.918243       0.8803138       1.0740616         14.037424           12.455164      0.79919112     -0.44542858       5.6245903        5.6245903       26.587306              26.587306
              4       18.984943       0.8803138       1.0632724         14.039382           12.465553      0.78903357     -0.41819768       5.6245903        5.6245903       26.720706              26.720706
              1       19.384101       0.8803138       1.0613854         14.041751           12.474856      0.80144158      -0.4153108       5.6245903        5.6245903       27.519022              27.519022
              1       19.610595       0.8803138       1.0372825         14.062995           12.472731      0.79899831     -0.43137326       5.6245903        5.6245903        27.97201               27.97201
              1       20.513089       0.8803138       1.0527574         14.064592           12.469112      0.80555626     -0.42955688       5.6245903        5.6245903       29.776997              29.776997
              1       19.676983       0.8803138       1.0453492         14.071215           12.481574      0.81599699     -0.44118948       5.6245903        5.6245903       28.104785              28.104785
              1       19.594065       0.8803138       1.0435214          14.06821            12.48176      0.81779934     -0.43960075       5.6245903        5.6245903       27.938949              27.938949
              1       19.573922       0.8803138       1.0551108         14.066533           12.489344      0.81482134     -0.42899226       5.6245903        5.6245903       27.898663              27.898663
              2       19.972039      0.85397233       1.0551108         14.066533           12.489344      0.81482134     -0.42899226       5.6245903        5.6245903       28.694898              28.694898
              1       20.662547      0.85397233       1.0563642         14.069028           12.493204      0.81446942     -0.43622803       5.6245903        5.6245903       30.075913              30.075913
              1       20.041113      0.87532362       1.0563642         14.069028           12.493204      0.81446942     -0.43622803       5.6245903        5.6245903       28.833045              28.833045
              1       19.617492      0.87532362       1.0417954         14.076527           12.488472      0.82059637     -0.43969747       5.6245903        5.6245903       27.985803              27.985803
              1        19.76645      0.87532362       1.0438099         14.078727           12.488024      0.81913904     -0.43698671       5.6245903        5.6245903       28.283719              28.283719
              1       19.725002      0.87532362       1.0405622         14.078379           12.487193      0.81666203      -0.4393203       5.6245903        5.6245903       28.200824              28.200824
              3       19.595568      0.87532362       1.0293416         14.078391           12.492962      0.81592363     -0.42879248       5.6245903        5.6245903       27.941955              27.941955
              1        19.50025      0.87532362       1.0410304         14.077213           12.493836      0.80971318     -0.42513526       5.6245903        5.6245903        27.75132               27.75132
              3       19.577973      0.87532362       1.0365434         14.075874           12.495304      0.80818183     -0.42432434       5.6245903        5.6245903       27.906765              27.906765
              3       19.900908      0.88831266       1.0365434         14.075874           12.495304      0.80818183     -0.42432434       5.6245903        5.6245903       28.552635              28.552635
              1       20.859999      0.88831266       1.0658039         14.079819           12.503563      0.81665812     -0.42858922       5.6245903        5.6245903       30.470817              30.470817
              2       20.378509      0.88831266       1.0681818         14.079199           12.500456      0.81827267     -0.42580315       5.6245903        5.6245903       29.507837              29.507837
              3       21.157543      0.88831266       1.0505252         14.075613           12.480329      0.80873976     -0.41849445       5.6245903        5.6245903       31.065905              31.065905
              1       23.028178      0.88831266       1.0607406         14.072117           12.475673      0.81645482     -0.41171216       5.6245903        5.6245903       34.807176              34.807176
              1       21.627692      0.88831266       1.0759559         14.070561           12.475386      0.81057208     -0.41185843       5.6245903        5.6245903       32.006204              32.006204
              2       23.355628      0.88831266       1.0788357         14.076587           12.473693      0.81091056     -0.40995708       5.6245903        5.6245903       35.462075              35.462075
              1       22.745915      0.88831266       1.0807608         14.084468           12.480954      0.82273935     -0.42542569       5.6245903        5.6245903       34.242649              34.242649
              1       22.113658      0.88065432       1.0807608         14.084468           12.480954      0.82273935     -0.42542569       5.6245903        5.6245903       32.978135              32.978135
              2        21.24283      0.88065432       1.0831168         14.084069           12.482718      0.82119141     -0.42736811       5.6245903        5.6245903       31.236479              31.236479
              2       20.399996      0.88065432       1.0681136         14.081351            12.48409      0.82020668     -0.43521092       5.6245903        5.6245903       29.550811              29.550811
              1       19.917892      0.88065432       1.0751136         14.076941           12.488958       0.8060978     -0.44753608       5.6245903        5.6245903       28.586603              28.586603
              1       19.649963      0.88065432       1.0734323         14.079525           12.485758       0.8044988     -0.44992173       5.6245903        5.6245903       28.050745              28.050745
              1       19.409801      0.88065432       1.0730567         14.072134           12.479088      0.80228182     -0.43994412       5.6245903        5.6245903       27.570422              27.570422
              3       19.411222      0.88065432       1.0449994         14.071764           12.483044      0.79906625      -0.4343761       5.6245903        5.6245903       27.573263              27.573263
              1       19.777284      0.88065432       1.0510474          14.07794           12.482175      0.79783893     -0.42503834       5.6245903        5.6245903       28.305388              28.305388
              1       19.512685      0.88065432       1.0643758         14.078157           12.485352      0.80281407      -0.4304481       5.6245903        5.6245903        27.77619               27.77619
              1       19.923291      0.88065432       1.0658415         14.084924           12.486953      0.79434097     -0.45315994       5.6245903        5.6245903       28.597401              28.597401
              1       19.816357      0.88065432       1.0621923         14.087009           12.485356      0.79708812     -0.45546081       5.6245903        5.6245903       28.383533              28.383533
              1        19.99122      0.88065432       1.0711705         14.084571           12.476386      0.79602223     -0.45872455       5.6245903        5.6245903       28.733259              28.733259
              1       20.160005      0.87530246       1.0711705         14.084571           12.476386      0.79602223     -0.45872455       5.6245903        5.6245903       29.070829              29.070829
              2        20.17185      0.87530246       1.0412606         14.081677           12.476614      0.78725988     -0.45555213       5.6245903        5.6245903       29.094519              29.094519
              1        20.82842      0.87530246       1.0321583         14.094478           12.487553      0.79380029     -0.42555802       5.6245903        5.6245903        30.40766               30.40766
              1       21.881924      0.87530246       1.0208835         14.097531           12.485438      0.80126691     -0.43761921       5.6245903        5.6245903       32.514667              32.514667
              1       19.849726      0.87530246       1.0196699         14.089787           12.496635       0.8045749     -0.44398682       5.6245903        5.6245903       28.450271              28.450271
              1       21.227767      0.87530246       1.0102251         14.095171           12.491742      0.81134774     -0.43404025       5.6245903        5.6245903       31.206353              31.206353
              2       21.222845      0.87206507       1.0102251         14.095171           12.491742      0.81134774     -0.43404025       5.6245903        5.6245903       31.196509              31.196509
              1       20.148896      0.87206507       1.0435615         14.094327           12.495996      0.83934212     -0.46843436       5.6245903        5.6245903       29.048611              29.048611
              1       20.315601      0.87206507       1.0520956         14.103568            12.50051      0.83723146     -0.46570878       5.6245903        5.6245903       29.382022              29.382022
              1        20.26091      0.87206507        1.042149         14.099058           12.514655      0.84230772     -0.45138161       5.6245903        5.6245903        29.27264               29.27264
              1       20.255213      0.86973539        1.042149         14.099058           12.514655      0.84230772     -0.45138161       5.6245903        5.6245903       29.261246              29.261246
              2        20.31178      0.86973539       1.0437991         14.099772           12.508686       0.8421263     -0.42997179       5.6245903        5.6245903        29.37438               29.37438
              1       19.873357      0.86973539       1.0375536         14.096572           12.512555      0.83338411     -0.42504587       5.6245903        5.6245903       28.497533              28.497533
              1        19.75483      0.86973539       1.0373269         14.090396           12.505374      0.83148741      -0.4322779       5.6245903        5.6245903       28.260479              28.260479
              2       19.795729      0.86973539       1.0495962         14.094161           12.504034      0.82688915     -0.43537518       5.6245903        5.6245903       28.342277              28.342277
              2       19.781562      0.86973539       1.0513674         14.093381           12.503218      0.82609472     -0.43639754       5.6245903        5.6245903       28.313943              28.313943
              1       20.573351      0.86973539        1.057052         14.091409           12.499543      0.82470258     -0.40447968       5.6245903        5.6245903       29.897521              29.897521
              2       20.135815      0.86973539       1.0620422         14.085812           12.512142      0.81921225     -0.40190761       5.6245903        5.6245903        29.02245               29.02245
              1       19.548014      0.86973539       1.0610121         14.077065           12.502703      0.82168584     -0.39840646       5.6245903        5.6245903       27.846848              27.846848
              4       19.567194      0.86973539       1.0604679         14.076766             12.5034      0.82153078     -0.39358956       5.6245903        5.6245903       27.885208              27.885208
              2       19.863103      0.86973539       1.0298928         14.073711           12.508935      0.83086366       -0.399803       5.6245903        5.6245903       28.477025              28.477025
              2       19.838658      0.86973539       1.0290864         14.073943           12.508718      0.83086112     -0.40042531       5.6245903        5.6245903       28.428136              28.428136
              1        19.81587      0.86973539       1.0272631           14.0754           12.509264      0.83222641     -0.39667911       5.6245903        5.6245903       28.382558              28.382558
              2        19.74891      0.86973539       1.0322555         14.080111           12.508702      0.82813685      -0.3952893       5.6245903        5.6245903       28.248639              28.248639
              1       19.986369      0.86973539       1.0354314         14.083646           12.512193      0.82490359     -0.37653364       5.6245903        5.6245903       28.723558              28.723558
              1        20.56416      0.86973539       1.0377931         14.085011           12.515085      0.83599886     -0.37246516       5.6245903        5.6245903        29.87914               29.87914
              1       20.180743      0.83150614       1.0377931         14.085011           12.515085      0.83599886     -0.37246516       5.6245903        5.6245903       29.112306              29.112306
              2       20.297427      0.83150614       1.0357291         14.087136           12.513866      0.83618508     -0.37268083       5.6245903        5.6245903       29.345674              29.345674
              1       21.197811      0.83150614       1.0572169         14.086857           12.504247      0.83717774     -0.36826221       5.6245903        5.6245903       31.146442              31.146442
              2       20.458989      0.83150614       1.0621582         14.092125           12.513473      0.83391054     -0.37879045       5.6245903        5.6245903       29.668798              29.668798
              2       21.219336      0.83150614       1.0675383         14.099048           12.510581      0.84897447     -0.39124851       5.6245903        5.6245903       31.189492              31.189492
              2       20.948577      0.83150614       1.0705741         14.093858           12.506303      0.84606163     -0.41158996       5.6245903        5.6245903       30.647973              30.647973
              1       21.243882      0.83150614       1.0622349         14.095645           12.505714      0.84218231     -0.42304295       5.6245903        5.6245903       31.238583              31.238583
              1       20.796264      0.83150614       1.0414013         14.087118           12.511021      0.83704414     -0.40732447       5.6245903        5.6245903       30.343348              30.343348
              1       20.578923      0.83150614       1.0267479         14.083029           12.506562      0.84880259     -0.41422068       5.6245903        5.6245903       29.908665              29.908665
              1       20.719589      0.83150614       1.0276569         14.081629           12.503177       0.8474587     -0.41323959       5.6245903        5.6245903       30.189998              30.189998
              2       20.048353      0.85769897       1.0276569         14.081629           12.503177       0.8474587     -0.41323959       5.6245903        5.6245903       28.847526              28.847526
              2       19.764283      0.85769897       1.0190808         14.085582           12.508939      0.84492852      -0.4160782       5.6245903        5.6245903       28.279385              28.279385
              2       20.114461      0.85769897       1.0404444         14.094926           12.503343      0.83542029      -0.4401158       5.6245903        5.6245903       28.979741              28.979741
              1       20.004614      0.86284799       1.0404444         14.094926           12.503343      0.83542029      -0.4401158       5.6245903        5.6245903       28.760047              28.760047
              1       19.999964      0.86284799       1.0405951         14.094936           12.503421      0.83549916     -0.44016425       5.6245903        5.6245903       28.750748              28.750748
              1       19.926721      0.86284799       1.0088999         14.088397           12.503387      0.84045369     -0.44292878       5.6245903        5.6245903       28.604261              28.604261
              1       19.941373      0.86284799        1.008678         14.088588           12.503105      0.84018847     -0.44407573       5.6245903        5.6245903       28.633566              28.633566
              4       19.935268         0.86366        1.008678         14.088588           12.503105      0.84018847     -0.44407573       5.6245903        5.6245903       28.621356              28.621356
              1       19.801998         0.86366       1.0076726         14.085318           12.503171      0.84047439     -0.44185062       5.6245903        5.6245903       28.354816              28.354816
              1       21.252592         0.86366       1.0092648          14.08316           12.512386      0.83523148     -0.45221471       5.6245903        5.6245903       31.256004              31.256004
              1       21.235574      0.88011778       1.0092648          14.08316           12.512386      0.83523148     -0.45221471       5.6245903        5.6245903       31.221968              31.221968
              2       21.442758      0.88011778        1.008603         14.082916           12.513097      0.83817935     -0.45554757       5.6245903        5.6245903       31.636335              31.636335
              2       21.251959      0.88011778      0.98800413         14.087751           12.521131      0.84030931      -0.4384777       5.6245903        5.6245903       31.254738              31.254738
              4       20.522109      0.88011778       1.0142227         14.074578           12.509495       0.8365932     -0.40675999       5.6245903        5.6245903       29.795037              29.795037
              2       20.145769      0.88011778       1.0284247         14.075803           12.503332      0.83786097     -0.42491472       5.6245903        5.6245903       29.042357              29.042357
              1       20.369689      0.88302533       1.0284247         14.075803           12.503332      0.83786097     -0.42491472       5.6245903        5.6245903       29.490197              29.490197
              1       21.813702      0.88302533       1.0493286         14.091114           12.514846      0.85213804     -0.40886376       5.6245903        5.6245903       32.378223              32.378223
              1       21.625492      0.88302533       1.0580391         14.091318           12.513986      0.84903114     -0.40746306       5.6245903        5.6245903       32.001804              32.001804
              1       21.503262      0.88302533       1.0352996         14.106724           12.520329      0.83331204     -0.39890572       5.6245903        5.6245903       31.757343              31.757343
              1       21.556194      0.88302533       1.0355578         14.107702           12.519501      0.83351468     -0.40131881       5.6245903        5.6245903       31.863207              31.863207
              1       21.386716      0.88302533       1.0370588         14.105731            12.51975      0.83417634     -0.40156005       5.6245903        5.6245903       31.524252              31.524252
              1       21.295994      0.88302533       1.0371293         14.105705           12.520165      0.83388152     -0.40178331       5.6245903        5.6245903       31.342807              31.342807
              1       21.030392      0.88302533       1.0366523         14.107282           12.521245      0.83739782     -0.41323138       5.6245903        5.6245903       30.811602              30.811602
              2       21.014617      0.88302533       1.0484383         14.109099           12.520061      0.83647878     -0.41429688       5.6245903        5.6245903       30.780054              30.780054
              1       21.535707      0.83034291       1.0484383         14.109099           12.520061      0.83647878     -0.41429688       5.6245903        5.6245903       31.822233              31.822233
              2        21.42183      0.83034291       1.0533223         14.108427           12.524855      0.84082369     -0.40953373       5.6245903        5.6245903        31.59448               31.59448
              4       21.400654      0.83034291       1.0504303         14.105901           12.525129      0.84009324     -0.40643457       5.6245903        5.6245903       31.552128              31.552128
              4       22.059324      0.83034291       1.0427954         14.115281           12.532637      0.83638435     -0.40781442       5.6245903        5.6245903       32.869468              32.869468
              4       21.465735      0.83034291       1.0380693         14.115313           12.528533      0.82900576     -0.39077844       5.6245903        5.6245903        31.68229               31.68229
              2       21.567834      0.83034291       1.0337231          14.11752           12.527059      0.82652403     -0.38929899       5.6245903        5.6245903       31.886487              31.886487
              2       23.698613      0.81021139       1.0337231          14.11752           12.527059      0.82652403     -0.38929899       5.6245903        5.6245903       36.148046              36.148046
              1        23.69433      0.81021139       1.0371858         14.117209           12.528407      0.82621649     -0.38804783       5.6245903        5.6245903       36.139479              36.139479
              1       23.544568      0.81021139       1.0360416         14.114129           12.522588      0.81896089     -0.37000121       5.6245903        5.6245903       35.839956              35.839956
              1       20.805822      0.86322911       1.0360416         14.114129           12.522588      0.81896089     -0.37000121       5.6245903        5.6245903       30.362464              30.362464
              4       20.369674      0.86322911       1.0135759         14.102518           12.533402      0.81807112     -0.36683734       5.6245903        5.6245903       29.490167              29.490167
              3       20.264067      0.86322911       1.0156356         14.106027           12.535339      0.81947747     -0.35419822       5.6245903        5.6245903       29.278954              29.278954
              1       20.227969      0.86322911       1.0181634         14.106819           12.534673      0.81889514     -0.35482178       5.6245903        5.6245903       29.206757              29.206757
              1       20.222828      0.86322911       1.0182973         14.106473           12.534478      0.81863388     -0.35422421       5.6245903        5.6245903       29.196475              29.196475
              1       20.200515      0.86322911       1.0138839          14.10476           12.530668      0.82167351     -0.35706928       5.6245903        5.6245903       29.151849              29.151849
              1       20.341106      0.86322911       1.0040149           14.1044           12.530432      0.81931666     -0.34969971       5.6245903        5.6245903       29.433031              29.433031
              2        20.34552      0.86322911       1.0164234         14.088747            12.52999      0.81687101     -0.33932517       5.6245903        5.6245903        29.44186               29.44186
              1       20.264176      0.86322911       1.0198166         14.090325           12.528343      0.81850185      -0.3325978       5.6245903        5.6245903       29.279172              29.279172
              1       21.989467      0.86322911       1.0109391         14.087185           12.542214      0.83261275     -0.32527002       5.6245903        5.6245903       32.729753              32.729753
              1       22.322264      0.86322911       1.0041054         14.085213            12.54006      0.79763911     -0.29896489       5.6245903        5.6245903       33.395347              33.395347
              3       22.521442      0.86322911       1.0042148         14.087745           12.542301      0.79753578     -0.29799295       5.6245903        5.6245903       33.793703              33.793703
              1       22.815758      0.87409824       1.0042148         14.087745           12.542301      0.79753578     -0.29799295       5.6245903        5.6245903       34.382335              34.382335
              2       22.039488      0.87409824      0.99898349         14.089588           12.540102      0.79818679     -0.29605736       5.6245903        5.6245903       32.829795              32.829795
              1       21.673217      0.87409824      0.99474087         14.090262           12.538329      0.79306074     -0.29517396       5.6245903        5.6245903       32.097254              32.097254
              1       21.692185      0.87409824       0.9848962         14.100275           12.544372      0.79394394     -0.30400566       5.6245903        5.6245903       32.135189              32.135189
              2       21.421901      0.87409824      0.99032217         14.106185           12.535548      0.79654873     -0.30635518       5.6245903        5.6245903       31.594621              31.594621
              2       20.927088      0.87409824       1.0095403         14.108583           12.538873      0.79158957     -0.30978727       5.6245903        5.6245903       30.604995              30.604995
              2       21.137002      0.87409824      0.99509774         14.108999            12.54297      0.79167231     -0.32078744       5.6245903        5.6245903       31.024823              31.024823
              3       21.211687      0.87409824      0.99339526         14.109035           12.544052      0.79264125     -0.31690564       5.6245903        5.6245903       31.174194              31.174194
              1       21.638672      0.87409824      0.99460258         14.107386           12.537246      0.80000818     -0.30542832       5.6245903        5.6245903       32.028163              32.028163
              1       21.930677      0.87409824      0.99072293         14.111233           12.540196      0.80511051     -0.30891302       5.6245903        5.6245903       32.612174              32.612174
              1       22.820498      0.87983992      0.99072293         14.111233           12.540196      0.80511051     -0.30891302       5.6245903        5.6245903       34.391815              34.391815
              1       22.686593      0.87983992       0.9767777         14.108062           12.539285      0.80499705     -0.31113853       5.6245903        5.6245903       34.124005              34.124005
              1       21.752086      0.87983992       0.9848321         14.103447            12.53616      0.80844104     -0.33089323       5.6245903        5.6245903       32.254991              32.254991
              1       21.754611      0.87983992       0.9847389         14.103631           12.535973      0.80836864     -0.33103509       5.6245903        5.6245903       32.260042              32.260042
              3       22.420513      0.87983992      0.99098322         14.100955           12.543835      0.81149748     -0.34683632       5.6245903        5.6245903       33.591846              33.591846
              1       22.667819      0.87983992      0.99749468         14.101247           12.544693      0.80986816     -0.34404344       5.6245903        5.6245903       34.086457              34.086457
              1       22.639026      0.87983992      0.99544224         14.104421           12.541279      0.79857323     -0.36274483       5.6245903        5.6245903       34.028871              34.028871
              1       22.024141      0.87983992       1.0064764         14.094986           12.532139      0.80059774     -0.36857973       5.6245903        5.6245903       32.799101              32.799101
              1       22.892677      0.87983992       1.0018568         14.088462            12.53273      0.79568637     -0.35020706       5.6245903        5.6245903       34.536174              34.536174
              1       20.944446      0.87983992       1.0014067          14.09263            12.52677      0.80089701     -0.33806192       5.6245903        5.6245903       30.639711              30.639711
              1       20.560805      0.87983992       1.0168192         14.087103           12.517551      0.79833048     -0.34359556       5.6245903        5.6245903       29.872429              29.872429
              1       20.516579      0.87983992       1.0074676         14.086053           12.514895      0.79810777     -0.34733384       5.6245903        5.6245903       29.783977              29.783977
              1       20.538134      0.87983992       1.0075286         14.084765            12.51528      0.79968394     -0.34751188       5.6245903        5.6245903       29.827087              29.827087
              1       20.172245      0.87537063       1.0075286         14.084765            12.51528      0.79968394     -0.34751188       5.6245903        5.6245903        29.09531               29.09531
              1       20.968882      0.87537063       1.0160934          14.09553           12.516303      0.79453755     -0.33206606       5.6245903        5.6245903       30.688584              30.688584
              1       20.178379      0.87537063       1.0421164           14.0975           12.509304      0.78959654     -0.35671731       5.6245903        5.6245903       29.107577              29.107577
              2       19.675506      0.87537063       1.0366588         14.091974           12.509042        0.777543     -0.35428231       5.6245903        5.6245903       28.101832              28.101832
              2       19.939391      0.87537063       1.0312638         14.095127           12.513709      0.77615871     -0.36315965       5.6245903        5.6245903       28.629602              28.629602
              1       20.022489      0.87537063       1.0319493         14.095745           12.514375      0.77657464      -0.3654249       5.6245903        5.6245903       28.795798              28.795798
              1       20.058137      0.87125101       1.0319493         14.095745           12.514375      0.77657464      -0.3654249       5.6245903        5.6245903       28.867094              28.867094
              2       19.851972      0.87125101       1.0288932         14.099375           12.516241      0.77938144     -0.35813041       5.6245903        5.6245903       28.454763              28.454763
              1       19.902626      0.87125101       1.0352729         14.105244           12.512802      0.77507944     -0.35700321       5.6245903        5.6245903       28.556072              28.556072
              3       19.959451      0.87125101       1.0200256         14.107034           12.514471      0.77025744     -0.36124014       5.6245903        5.6245903       28.669721              28.669721
              3        19.76393      0.87125101       1.0366935         14.090293           12.508055       0.7699941     -0.32530227       5.6245903        5.6245903       28.278679              28.278679
              2        19.82304      0.87125101       1.0414921         14.094569           12.516895      0.76392755     -0.31342419       5.6245903        5.6245903       28.396899              28.396899
              1       20.336221      0.87125101       1.0311729         14.100037           12.514309      0.76565721     -0.30475204       5.6245903        5.6245903       29.423261              29.423261
              1       20.157905      0.87125101       1.0489229         14.106843           12.523576      0.75837478     -0.28393213       5.6245903        5.6245903       29.066629              29.066629
              2       20.392485      0.87125101       1.0409846         14.102276           12.530662      0.76310994     -0.27718185       5.6245903        5.6245903        29.53579               29.53579
              1       20.392406      0.87125101       1.0438891         14.103343           12.530822      0.76543756     -0.27808313       5.6245903        5.6245903       29.535631              29.535631
              1        20.17928      0.86393775       1.0438891         14.103343           12.530822      0.76543756     -0.27808313       5.6245903        5.6245903        29.10938               29.10938
              1       19.936791      0.86393775       1.0271554         14.103055           12.522731      0.76503155     -0.29983988       5.6245903        5.6245903       28.624402              28.624402
              1       20.009632      0.86393775        1.030101         14.102371            12.51919      0.76257429     -0.29661834       5.6245903        5.6245903       28.770084              28.770084
              1       20.393134      0.86393775       1.0266154         14.099195           12.516771      0.76788387     -0.29056608       5.6245903        5.6245903       29.537087              29.537087
              1       20.003834      0.86393775       1.0228223         14.096132           12.518249      0.76580809     -0.28953075       5.6245903        5.6245903       28.758488              28.758488
              1       20.058657      0.86393775       1.0435855          14.08673           12.518766      0.76851244     -0.30597284       5.6245903        5.6245903       28.868133              28.868133
              3       19.778346      0.86393775       1.0321367         14.092407           12.518611      0.75944711     -0.28872942       5.6245903        5.6245903       28.307511              28.307511
              3       19.918436      0.86393775       1.0476016         14.100017           12.521908      0.75835494     -0.29066143       5.6245903        5.6245903       28.587692              28.587692
              5         19.9013      0.86393775       1.0464762         14.088085           12.507089      0.76255392      -0.2945078       5.6245903        5.6245903       28.553419              28.553419
              1       19.895504      0.85591042       1.0464762         14.088085           12.507089      0.76255392      -0.2945078       5.6245903        5.6245903       28.541827              28.541827
              2       20.229425      0.85591042       1.0677034         14.094403           12.516405      0.75787709     -0.30336239       5.6245903        5.6245903        29.20967               29.20967
              1       20.565576      0.85591042       1.0672438         14.092457           12.516653      0.75760567     -0.30840321       5.6245903        5.6245903       29.881971              29.881971
              1       20.542295      0.85591042       1.0850661         14.084902           12.512298      0.75425919     -0.29849658       5.6245903        5.6245903       29.835409              29.835409
              1       20.686615      0.85591042       1.0774924         14.086776           12.509674      0.74312181     -0.29881672       5.6245903        5.6245903       30.124049              30.124049
              1        20.20392      0.85591042        1.086036         14.092908           12.498718      0.74537508     -0.31170094       5.6245903        5.6245903       29.158659              29.158659
              1       20.781985      0.85591042       1.0939463         14.102762           12.502813      0.73611732     -0.32237259       5.6245903        5.6245903        30.31479               30.31479
              1       20.556444      0.85591042       1.1224936         14.101909           12.506967      0.73715865       -0.301597       5.6245903        5.6245903       29.863708              29.863708
              2       20.414656      0.85591042       1.1305343         14.103884           12.503863      0.74227543     -0.31086485       5.6245903        5.6245903       29.580132              29.580132
              1       19.967295      0.89288142       1.1514134         14.118364           12.504858      0.73135551     -0.32594923       5.6245903        5.6245903       28.685409              28.685409
              7       19.732051      0.89288142       1.2215823         14.059006           12.450456      0.70369144      -0.3629113       5.6245903        5.6245903       28.214921              28.214921
              1        20.29675      0.89288142       1.1801289         14.089146           12.479775      0.70149118     -0.33619528       5.6245903        5.6245903       29.344319              29.344319
              3       20.223574      0.89288142       1.2345891         14.108856            12.48455      0.68137492     -0.29482626       5.6245903        5.6245903       29.197967              29.197967
              2       20.156032      0.89288142       1.2346881         14.111816           12.481633      0.68541967     -0.31226709       5.6245903        5.6245903       29.062884              29.062884
              1       20.432966      0.89288142       1.1953631         14.075895           12.486481       0.6767546     -0.22193706       5.6245903        5.6245903       29.616752              29.616752
              1        20.47982      0.89288142       1.0732635         14.049995           12.474916      0.71435932     -0.24456218       5.6245903        5.6245903       29.710459              29.710459
              5       19.704515      0.89288142       1.0980648         13.990681           12.429213      0.75355278     -0.33180921       5.6245903        5.6245903       28.159849              28.159849
              1       19.313334      0.89288142       1.1079731         13.990718           12.424895      0.74566486     -0.33345664       5.6245903        5.6245903       27.377487              27.377487
              4       18.930959      0.84119812       1.0787853         13.970476           12.423504      0.76093027     -0.31236956       5.6245903        5.6245903       26.612737              26.612737
              1       18.487586      0.86430118       1.0918326         13.979525           12.424126      0.75410644     -0.32179574       5.6245903        5.6245903       25.725991              25.725991
              2       18.730035      0.86430118       1.1145016         13.983769           12.422423      0.74378431     -0.30873422       5.6245903        5.6245903       26.210889              26.210889
              3       19.773426      0.86430118       1.2341006         14.051517           12.459593      0.77038582     -0.31519859       5.6245903        5.6245903       28.297671              28.297671
              1        20.05994      0.86430118       1.2176717         14.058115           12.461708       0.7837804     -0.34612412       5.6245903        5.6245903         28.8707                28.8707
              3       19.402397      0.86430118       1.2130381         14.048312           12.454632      0.78431396     -0.36662563       5.6245903        5.6245903       27.555613              27.555613
              1        19.05481      0.86430118       1.1986863         14.041823           12.457147      0.79455639     -0.36773979       5.6245903        5.6245903       26.860439              26.860439
              3       19.090074      0.86430118       1.2960172         14.074434            12.47264      0.78578847     -0.36609435       5.6245903        5.6245903       26.930968              26.930968
              2       19.050671      0.86430118       1.2793612         14.071242           12.476085      0.80019993     -0.37803379       5.6245903        5.6245903       26.852162              26.852162
              1       20.019263      0.86430118       1.2860405          14.12764           12.517785      0.78529555      -0.3185329       5.6245903        5.6245903       28.789346              28.789346
              3       20.010348      0.86430118       1.2766437         14.128041           12.516867      0.78753967     -0.32712002       5.6245903        5.6245903       28.771516              28.771516
              1       19.957253      0.86430118       1.1824873         14.120102           12.517827      0.78524534     -0.34075225       5.6245903        5.6245903       28.665326              28.665326
              2        19.92297      0.86430118       1.1371192           14.0912           12.504622      0.83638826     -0.42948413       5.6245903        5.6245903       28.596759              28.596759
              1       21.247437      0.86430118        1.178696         14.114356           12.503028      0.82759932     -0.47328002       5.6245903        5.6245903       31.245694              31.245694
              2       21.484267      0.86430118       1.2400357         14.175554           12.531511      0.80375865     -0.40523685       5.6245903        5.6245903       31.719353              31.719353
              4       22.781187      0.86430118       1.3552149         14.136609           12.477155      0.78032346     -0.40480058       5.6245903        5.6245903       34.313194              34.313194
              1       21.054255      0.86430118       1.1446652          14.05368           12.451646      0.87491009     -0.50943458       5.6245903        5.6245903       30.859329              30.859329
              1       20.834202      0.86430118       1.1694866         14.052195           12.453801      0.88236665     -0.49923569       5.6245903        5.6245903       30.419223              30.419223
              3       19.761202      0.86430118        1.207457          13.98692           12.403381      0.86761755     -0.51233597       5.6245903        5.6245903       28.273224              28.273224
              1       18.427507      0.86430118       1.1731281         13.988978           12.424143      0.85645082     -0.47772056       5.6245903        5.6245903       25.605833              25.605833
              1       18.442136      0.86430118       1.1769342         13.988469           12.422575       0.8567586      -0.4811027       5.6245903        5.6245903       25.635091              25.635091
              2       19.384118      0.86430118       1.3224365          14.08481           12.481674      0.83645135     -0.42296348       5.6245903        5.6245903       27.519055              27.519055
              2       19.214639      0.86430118       1.3463075         14.081392           12.478084      0.82640385       -0.394595       5.6245903        5.6245903       27.180098              27.180098
              3       19.532496      0.86430118       1.3614996         14.066431           12.474795      0.82336117     -0.39822142       5.6245903        5.6245903        27.81581               27.81581
              1       19.164919      0.86430118       1.3784503          14.06671           12.465181      0.81328178      -0.4035556       5.6245903        5.6245903       27.080658              27.080658
              1        19.55194      0.86430118       1.3695774         14.063012           12.466084      0.81618776     -0.35051613       5.6245903        5.6245903       27.854699              27.854699
              1       18.714504      0.86430118       1.5184149         14.025334            12.43715      0.79194035     -0.30500333       5.6245903        5.6245903       26.179828              26.179828
              2        18.59607      0.86430118       1.5013367         14.010852           12.428536      0.80002205     -0.32043091       5.6245903        5.6245903       25.942959              25.942959
              2       19.439404      0.86430118       1.5077235         13.997742           12.415672      0.81711136     -0.33609947       5.6245903        5.6245903       27.629628              27.629628
              1       18.996492      0.80560379       1.4745745         13.974752           12.414092      0.83444848      -0.3121506       5.6245903        5.6245903       26.743803              26.743803
              1       18.586741      0.80560379       1.4054674         13.910592           12.376602      0.85865669     -0.39353204       5.6245903        5.6245903       25.924301              25.924301
              2       18.344508      0.80560379       1.4057763         13.907193           12.377324      0.85768634     -0.38240202       5.6245903        5.6245903       25.439835              25.439835
              1       18.711593      0.80560379       1.3886418         13.925551           12.402601      0.84275729     -0.33485414       5.6245903        5.6245903       26.174006              26.174006
              1        17.87461      0.80560379       1.3977298         13.928642           12.403158      0.83075257     -0.28768718       5.6245903        5.6245903       24.500039              24.500039
              2       18.374746      0.80560379       1.3648164          13.81449           12.352276      0.83284139      -0.2626871       5.6245903        5.6245903       25.500311              25.500311
              2       18.437517      0.80560379        1.280474         13.806332            12.32906      0.77164987     -0.27758704       5.6245903        5.6245903       25.625854              25.625854
              1       18.308491      0.80560379       1.2581808         13.837503           12.351929      0.75216305      -0.2237404       5.6245903        5.6245903       25.367801              25.367801
              1       18.117213      0.80560379       1.2086868         13.825284           12.350822      0.76302185     -0.23505103       5.6245903        5.6245903       24.985245              24.985245
              1       18.261747      0.80560379        1.203223          13.84037           12.345147      0.81190323     -0.31714158       5.6245903        5.6245903       25.274313              25.274313
              1         19.5497      0.88195463       1.2463417         13.870274           12.347201       0.7893519     -0.34829315       5.6245903        5.6245903       27.850219              27.850219
              1       18.269648      0.88195463       1.2408517         13.896974           12.366542      0.78833425     -0.37552758       5.6245903        5.6245903       25.290115              25.290115
              2       19.014734      0.88195463       1.1735624         13.840136           12.327723      0.82529328     -0.48328265       5.6245903        5.6245903       26.780288              26.780288
              3       19.268838      0.88195463       1.1722557         13.837958            12.32841      0.82858248     -0.48182514       5.6245903        5.6245903       27.288495              27.288495
              1       17.801756      0.85298723       1.1558966         13.826612            12.32763      0.83713842     -0.47000628       5.6245903        5.6245903       24.354332              24.354332
              1       18.053707      0.85298723        1.283591         13.840065           12.313111      0.83119772     -0.50315071       5.6245903        5.6245903       24.858234              24.858234
