#        weight    minuslogpost          sigma8        ygk_Ahmc ygk_LOWZ__0_lM1_0 ygk_LOWZ__0_lMmin_0   ygk_mass_bias       ygk_rhogy   minuslogprior minuslogprior__0            chi2 chi2__ygk_like.ygkLike
              7       616.51124       0.6843121       1.0180961         14.123883           12.711265      0.73830148     -0.49014208       5.6245903        5.6245903       1221.7733              1221.7733
              1       564.12945       0.6843121       1.0023155         14.131872            12.71028      0.73950126     -0.48010475       5.6245903        5.6245903       1117.0097              1117.0097
              2       548.33927       0.6843121       1.0092643         14.133938            12.70879      0.74184397     -0.47746021       5.6245903        5.6245903       1085.4294              1085.4294
              1       478.60342       0.6843121       1.0027573         14.147176           12.706311      0.73400598     -0.45053313       5.6245903        5.6245903       945.95765              945.95765
              1       472.43952       0.6843121       1.0207382         14.148756           12.702488      0.72306055     -0.46344694       5.6245903        5.6245903       933.62985              933.62985
              3       356.77354       0.6843121       1.0070682         14.142612           12.679276      0.72420628      -0.4618826       5.6245903        5.6245903        702.2979               702.2979
              2       336.00069       0.6843121       1.0370948         14.143394           12.673786      0.72598512     -0.44364344       5.6245903        5.6245903        660.7522               660.7522
              5       289.27834       0.6843121       1.0327919         14.139506           12.660374      0.72121991     -0.45018422       5.6245903        5.6245903        567.3075               567.3075
              6       246.43196       0.6843121       1.0334529         14.163625           12.662244       0.7214221     -0.42497677       5.6245903        5.6245903       481.61474              481.61474
              1       244.53489       0.6843121       1.0337345         14.163807           12.661798      0.72180718     -0.42494123       5.6245903        5.6245903        477.8206               477.8206
              1       242.75801       0.6843121       1.0368687         14.156688           12.657218      0.71931925      -0.4255781       5.6245903        5.6245903       474.26684              474.26684
              2       223.11161       0.6843121       1.0410259         14.162592           12.653117      0.71086432     -0.41902782       5.6245903        5.6245903       434.97404              434.97404
              2       221.46733      0.69386835       1.0410259         14.162592           12.653117      0.71086432     -0.41902782       5.6245903        5.6245903       431.68549              431.68549
              1       220.06857      0.70782761       1.0410259         14.162592           12.653117      0.71086432     -0.41902782       5.6245903        5.6245903       428.88796              428.88796
              2       174.05264      0.70782761       1.0303601         14.173754           12.644455      0.70980354     -0.40673736       5.6245903        5.6245903        336.8561               336.8561
              1       165.44403      0.70782761        1.019811         14.166976           12.636698      0.70086265     -0.41622634       5.6245903        5.6245903       319.63889              319.63889
              1       152.76995      0.70782761       1.0080655         14.158662           12.630967      0.71342826     -0.40803371       5.6245903        5.6245903       294.29072              294.29072
              1       134.02567      0.70782761       1.0159293         14.176536           12.626217      0.70255274     -0.43229662       5.6245903        5.6245903       256.80217              256.80217
              3       111.28443      0.70782761       1.0112343         14.174602           12.613312      0.70514112     -0.43405287       5.6245903        5.6245903       211.31967              211.31967
              2       100.19448      0.70782761      0.98014981         14.185558           12.616041      0.71365439     -0.42924211       5.6245903        5.6245903       189.13978              189.13978
              1       93.891499      0.70782761       0.9754476         14.179366           12.612422       0.7171556     -0.40211823       5.6245903        5.6245903       176.53382              176.53382
              2       93.246229      0.70782761       0.9719172         14.173674           12.608851      0.71638034     -0.40943326       5.6245903        5.6245903       175.24328              175.24328
              3        94.07149      0.70346768       0.9719172         14.173674           12.608851      0.71638034     -0.40943326       5.6245903        5.6245903        176.8938               176.8938
              1       91.350868      0.70346768      0.99111187         14.177066           12.601423      0.69418838     -0.42305788       5.6245903        5.6245903       171.45255              171.45255
              2       75.997306      0.70346768       1.0117403         14.181983           12.588902      0.70306078      -0.4195993       5.6245903        5.6245903       140.74543              140.74543
              1       76.093129      0.70296807       1.0117403         14.181983           12.588902      0.70306078      -0.4195993       5.6245903        5.6245903       140.93708              140.93708
              3       76.872703      0.70296807       1.0112018         14.187984           12.591456      0.70477339     -0.43111066       5.6245903        5.6245903       142.49623              142.49623
              2        76.44168      0.70296807       1.0063186         14.188624           12.591498      0.70557136     -0.43511886       5.6245903        5.6245903       141.63418              141.63418
              2       76.359291      0.70296807       1.0086197         14.194773           12.591619      0.69680507     -0.44096905       5.6245903        5.6245903        141.4694               141.4694
              1       72.413136      0.72677766       1.0086197         14.194773           12.591619      0.69680507     -0.44096905       5.6245903        5.6245903       133.57709              133.57709
              2       73.526213      0.71943976       1.0086197         14.194773           12.591619      0.69680507     -0.44096905       5.6245903        5.6245903       135.80325              135.80325
              1       70.345854      0.71943976      0.97054968         14.204611           12.599489      0.68811504     -0.39803546       5.6245903        5.6245903       129.44253              129.44253
              1       69.386381      0.71943976      0.97825818         14.212845           12.600085      0.68564841     -0.40118095       5.6245903        5.6245903       127.52358              127.52358
              1       67.798387      0.71943976      0.97823051          14.21298           12.598113      0.68528232     -0.40017958       5.6245903        5.6245903       124.34759              124.34759
              1       64.836075      0.71943976      0.98833193          14.21543           12.598172      0.69637797     -0.38452822       5.6245903        5.6245903       118.42297              118.42297
              1       62.776075      0.71943976      0.98008151         14.210184           12.595411      0.69781469     -0.37444175       5.6245903        5.6245903       114.30297              114.30297
              1       60.559395      0.71943976      0.97019821         14.210709           12.592022      0.69983323      -0.3862934       5.6245903        5.6245903       109.86961              109.86961
              1       60.736133      0.71943976      0.96749508           14.2104           12.591049      0.69405123     -0.38691952       5.6245903        5.6245903       110.22309              110.22309
              1       56.086215      0.71943976      0.94589692          14.22744            12.59293      0.69482194     -0.36751402       5.6245903        5.6245903       100.92325              100.92325
              6       34.430083      0.84485905      0.94589692          14.22744            12.59293      0.69482194     -0.36751402       5.6245903        5.6245903       57.610985              57.610985
              1        34.48886      0.84485905      0.94615049         14.227636           12.593151      0.69481999     -0.36745263       5.6245903        5.6245903       57.728539              57.728539
              1       28.031262      0.91085327      0.94615049         14.227636           12.593151      0.69481999     -0.36745263       5.6245903        5.6245903       44.813343              44.813343
              1       27.834799      0.91085327      0.95485543         14.230069           12.592857      0.69566728     -0.37016471       5.6245903        5.6245903       44.420418              44.420418
              2       27.725985      0.91085327      0.95309696         14.233403           12.592831      0.69117936     -0.36944113       5.6245903        5.6245903       44.202789              44.202789
              1       28.978443       0.8928663      0.95309696         14.233403           12.592831      0.69117936     -0.36944113       5.6245903        5.6245903       46.707706              46.707706
              5       28.634795       0.8928663      0.96249901         14.228655           12.589303      0.68714029     -0.35982401       5.6245903        5.6245903       46.020409              46.020409
              1       28.387994      0.89589796      0.96249901         14.228655           12.589303      0.68714029     -0.35982401       5.6245903        5.6245903       45.526807              45.526807
              1       27.688575      0.89589796      0.96683622         14.235719           12.588127      0.68575267     -0.36688427       5.6245903        5.6245903       44.127969              44.127969
              1       27.514002      0.89589796      0.96402051         14.234556           12.585748      0.68489338     -0.37100766       5.6245903        5.6245903       43.778823              43.778823
              1       27.441508      0.89589796      0.96361639         14.233918           12.586051      0.68540332     -0.36901179       5.6245903        5.6245903       43.633835              43.633835
              2       25.700534      0.89589796      0.95823353          14.23912           12.585363      0.68932538      -0.3670344       5.6245903        5.6245903       40.151887              40.151887
              3       25.593803      0.89589796      0.94715863         14.238664           12.584226      0.68573838     -0.36550495       5.6245903        5.6245903       39.938425              39.938425
              3       25.804097      0.89589796      0.95768856         14.241965           12.594932       0.6921101     -0.34528766       5.6245903        5.6245903       40.359014              40.359014
              1       25.664289      0.89779475      0.95768856         14.241965           12.594932       0.6921101     -0.34528766       5.6245903        5.6245903       40.079398              40.079398
              1       26.235774      0.89779475      0.95824746         14.242133           12.596032      0.69027187     -0.34570117       5.6245903        5.6245903       41.222368              41.222368
              1       26.685618      0.89779475      0.96181822         14.237767           12.595462       0.6896339     -0.34269929       5.6245903        5.6245903       42.122055              42.122055
              2       27.088971      0.89269519      0.96181822         14.237767           12.595462       0.6896339     -0.34269929       5.6245903        5.6245903       42.928762              42.928762
              2       26.425264      0.89269519       0.9614735         14.250526           12.595263      0.68277318     -0.34496606       5.6245903        5.6245903       41.601348              41.601348
              4       26.783384      0.89269519      0.96497768         14.250493           12.596167      0.68266711     -0.34529075       5.6245903        5.6245903       42.317587              42.317587
              1       26.610891      0.89269519      0.96840489         14.252158           12.597942      0.68104718     -0.33530492       5.6245903        5.6245903       41.972601              41.972601
              3       27.060724      0.96477193      0.96840489         14.252158           12.597942      0.68104718     -0.33530492       5.6245903        5.6245903       42.872268              42.872268
              2       26.417984      0.96477193      0.98556268         14.256684           12.594978      0.67612989     -0.33328352       5.6245903        5.6245903       41.586787              41.586787
              2       26.809461      0.96477193      0.97247278         14.254021           12.589089      0.66870829     -0.30507899       5.6245903        5.6245903        42.36974               42.36974
              1       26.849167      0.96477193      0.98096638         14.245695           12.592728      0.66640654     -0.30366597       5.6245903        5.6245903       42.449153              42.449153
              1       26.392956      0.96477193      0.98313593         14.241707           12.584495      0.66912778     -0.30817551       5.6245903        5.6245903       41.536732              41.536732
              2        26.45943      0.96477193       0.9847491         14.240967           12.587893        0.667394     -0.31407271       5.6245903        5.6245903        41.66968               41.66968
              1       27.848486      0.96477193      0.97084019         14.240657           12.596576      0.66503415     -0.29493485       5.6245903        5.6245903       44.447792              44.447792
              4       25.784746      0.91255882      0.97084019         14.240657           12.596576      0.66503415     -0.29493485       5.6245903        5.6245903       40.320312              40.320312
              2       25.690089      0.91255882      0.94933328         14.239495           12.598597      0.66800225     -0.29670029       5.6245903        5.6245903       40.130998              40.130998
              3       24.150113      0.91255882      0.95362197         14.236059           12.600904      0.67749264     -0.26551819       5.6245903        5.6245903       37.051046              37.051046
              1         23.4697      0.91255882      0.95444674         14.231346           12.596719      0.68194636     -0.25631465       5.6245903        5.6245903       35.690219              35.690219
              1        23.58046      0.91255882      0.95100698         14.233772           12.599752      0.68773995     -0.25673432       5.6245903        5.6245903       35.911739              35.911739
              4       26.227397      0.91255882        0.971834         14.227125           12.607619      0.68941626     -0.26115201       5.6245903        5.6245903       41.205613              41.205613
              2       26.327094      0.90367828        0.971834         14.227125           12.607619      0.68941626     -0.26115201       5.6245903        5.6245903       41.405008              41.405008
              1       24.547839      0.90367828      0.93634264         14.244117           12.609433      0.69184547     -0.28429951       5.6245903        5.6245903       37.846497              37.846497
              2       25.700938      0.90367828      0.91796785          14.23748           12.614502      0.69216539     -0.27388944       5.6245903        5.6245903       40.152696              40.152696
              1       24.635824      0.90367828      0.91719674         14.238999           12.612816      0.69342178     -0.26824965       5.6245903        5.6245903       38.022467              38.022467
              1          24.653      0.90367828      0.91621183         14.238383            12.61357      0.69451838     -0.26554636       5.6245903        5.6245903       38.056819              38.056819
              1       23.648764      0.90367828      0.92042712         14.240128           12.608918      0.70177623     -0.26900551       5.6245903        5.6245903       36.048348              36.048348
              1       24.303555      0.90367828      0.88824867         14.257989           12.612787      0.70419304     -0.27269892       5.6245903        5.6245903        37.35793               37.35793
              2       24.748624      0.90367828      0.89047949         14.254851           12.623675       0.7089846     -0.29467137       5.6245903        5.6245903       38.248067              38.248067
              2       24.215228      0.90367828      0.86192626         14.243106           12.615448       0.7092163     -0.30696684       5.6245903        5.6245903       37.181275              37.181275
              4       23.983259      0.90367828      0.85234952         14.241785           12.605481      0.70470187     -0.33788275       5.6245903        5.6245903       36.717338              36.717338
              3       24.038405      0.90367828      0.81340252         14.249721           12.613328      0.70915299     -0.33989513       5.6245903        5.6245903        36.82763               36.82763
              2       24.049384      0.90367828      0.82320508         14.249841           12.615085      0.70947389      -0.3307654       5.6245903        5.6245903       36.849588              36.849588
              1       23.932822      0.90367828      0.83007845         14.252462           12.613684      0.71187221     -0.33754107       5.6245903        5.6245903       36.616463              36.616463
              1       24.252418      0.90367828      0.82843355         14.266158           12.614016      0.70001358      -0.3350824       5.6245903        5.6245903       37.255655              37.255655
              1       24.604898      0.90367828      0.81683141           14.2667           12.613991      0.69875533     -0.35384758       5.6245903        5.6245903       37.960616              37.960616
              1       24.605623      0.90367828      0.81644383         14.266624             12.6154      0.70110993     -0.35425554       5.6245903        5.6245903       37.962066              37.962066
              5       24.416549      0.90367828      0.81740368         14.263944           12.612791      0.70256934     -0.35553649       5.6245903        5.6245903       37.583918              37.583918
              2       24.391738      0.90367828       0.8007413         14.259761           12.605006      0.71007498      -0.3558817       5.6245903        5.6245903       37.534296              37.534296
              1       24.723602      0.90367828       0.8002816         14.262233           12.605659       0.7119226     -0.35174372       5.6245903        5.6245903       38.198023              38.198023
              4       24.391808      0.90367828      0.79690171         14.262279           12.608583      0.71305526     -0.35609988       5.6245903        5.6245903       37.534436              37.534436
              1        24.77813      0.90367828      0.80810852         14.268546           12.608097      0.71692289     -0.36560871       5.6245903        5.6245903        38.30708               38.30708
              5       24.764659      0.90367828      0.81099282         14.263314           12.607461      0.72595058     -0.36118302       5.6245903        5.6245903       38.280138              38.280138
              1       24.828001      0.90367828      0.80784675         14.246358           12.604059      0.72574333     -0.32622964       5.6245903        5.6245903       38.406821              38.406821
              3       24.554601      0.90367828      0.83563415         14.233754           12.610149      0.71864544     -0.34598236       5.6245903        5.6245903       37.860021              37.860021
              4       23.448463      0.90367828      0.82917097          14.22617           12.595476      0.73583246     -0.34167388       5.6245903        5.6245903       35.647745              35.647745
              1       23.313178      0.90367828      0.86368654          14.22281           12.593908      0.73549149     -0.32947289       5.6245903        5.6245903       35.377175              35.377175
              1       22.987283      0.90367828      0.86449711         14.219648           12.586614      0.72859029     -0.33977073       5.6245903        5.6245903       34.725385              34.725385
              1       22.810303      0.90367828      0.86626723         14.218692           12.587445      0.72869047     -0.34199128       5.6245903        5.6245903       34.371425              34.371425
              3       22.891366      0.90367828       0.8614235         14.222945             12.5946      0.73040324      -0.3421587       5.6245903        5.6245903       34.533552              34.533552
              1       23.080143      0.90367828      0.83412863         14.218311           12.589392      0.74390578     -0.36129463       5.6245903        5.6245903       34.911105              34.911105
              1       23.216835      0.90367828      0.83312406         14.226975           12.585618      0.73689283     -0.38393841       5.6245903        5.6245903       35.184489              35.184489
              1       23.254738      0.90367828      0.83740559         14.235825           12.591964      0.73656181     -0.38973243       5.6245903        5.6245903       35.260296              35.260296
              3       23.653529      0.90367828      0.83790618         14.232659           12.597772      0.72373173     -0.38033314       5.6245903        5.6245903       36.057877              36.057877
              1       24.260383      0.90367828      0.83165414         14.231735           12.597217      0.72142004     -0.39249732       5.6245903        5.6245903       37.271585              37.271585
              2        25.01618      0.90367828      0.82779554         14.229605           12.601008      0.72366641     -0.39226555       5.6245903        5.6245903        38.78318               38.78318
              2       25.110896      0.90367828      0.82663655         14.227636           12.605005      0.72884346     -0.38295496       5.6245903        5.6245903       38.972611              38.972611
              1       25.511167      0.90367828      0.82350284         14.227578           12.606233       0.7274855     -0.38248296       5.6245903        5.6245903       39.773154              39.773154
              1       24.265386      0.90367828      0.80842216         14.230231           12.603946      0.73326049     -0.39103434       5.6245903        5.6245903       37.281591              37.281591
              3       24.310343      0.90367828      0.81555809         14.243816           12.610071      0.73410152     -0.39104017       5.6245903        5.6245903       37.371506              37.371506
              2       24.458022      0.90367828      0.81751347         14.242766           12.610321       0.7335639     -0.39006248       5.6245903        5.6245903       37.666864              37.666864
              1       23.491604      0.90367828      0.81555695         14.238262           12.602254      0.73647513     -0.39083383       5.6245903        5.6245903       35.734028              35.734028
              2       23.506131      0.90367828      0.79734041         14.239076           12.596979      0.72076774     -0.38005515       5.6245903        5.6245903       35.763081              35.763081
              4       23.534767      0.90367828      0.80983094         14.230026           12.580912      0.72095414     -0.40607968       5.6245903        5.6245903       35.820354              35.820354
              1       23.550414      0.90367828      0.81743678         14.233051           12.583048       0.7243249     -0.41181764       5.6245903        5.6245903       35.851647              35.851647
              3       23.532555      0.93260492      0.81743678         14.233051           12.583048       0.7243249     -0.41181764       5.6245903        5.6245903        35.81593               35.81593
              2       23.649807      0.93260492      0.80244843         14.236991           12.582677      0.72000964     -0.41655737       5.6245903        5.6245903       36.050434              36.050434
              2       23.364026      0.93260492       0.7990978         14.232172           12.580723       0.7214154     -0.42649467       5.6245903        5.6245903       35.478871              35.478871
              1       23.518207      0.93260492      0.79408792         14.235605           12.581902       0.7192463     -0.42310676       5.6245903        5.6245903       35.787233              35.787233
              4       23.734504      0.93260492      0.81476909         14.243338           12.587837        0.717154     -0.43749015       5.6245903        5.6245903       36.219828              36.219828
              1       24.665522      0.95687918      0.81476909         14.243338           12.587837        0.717154     -0.43749015       5.6245903        5.6245903       38.081863              38.081863
              1       24.554984      0.95687918      0.81657522         14.243034            12.58626      0.71562073     -0.43775211       5.6245903        5.6245903       37.860788              37.860788
              1       24.879029      0.95687918      0.81477178         14.241198           12.589091        0.712514     -0.43705699       5.6245903        5.6245903       38.508877              38.508877
              1       24.795811      0.95687918      0.81108824         14.239989           12.588062      0.71276994     -0.43804899       5.6245903        5.6245903       38.342442              38.342442
              2       25.610083      0.95687918      0.81277447         14.240661           12.589355       0.7124542     -0.45328197       5.6245903        5.6245903       39.970986              39.970986
              1       26.416712      0.95687918      0.81903029         14.240466           12.592068      0.73257449     -0.47418984       5.6245903        5.6245903       41.584244              41.584244
              1       25.167541      0.95687918      0.80127294         14.246494            12.59032      0.73376194     -0.47606398       5.6245903        5.6245903       39.085901              39.085901
              1        25.02823      0.95687918      0.79713052         14.243206           12.589193      0.73592691     -0.46943263       5.6245903        5.6245903        38.80728               38.80728
              2       25.069465      0.95687918      0.80049367          14.24617           12.590024       0.7373271     -0.46271546       5.6245903        5.6245903       38.889749              38.889749
              1       23.915394      0.92149875      0.80049367          14.24617           12.590024       0.7373271     -0.46271546       5.6245903        5.6245903       36.581607              36.581607
              2        23.64497      0.92149875      0.79016958         14.237549            12.59008      0.74861664     -0.46214079       5.6245903        5.6245903       36.040759              36.040759
              2       23.697584      0.92149875      0.80427474         14.243084           12.589276      0.75617987     -0.47059847       5.6245903        5.6245903       36.145988              36.145988
              1       23.953101      0.92149875      0.80578921         14.240947           12.579866      0.75498794     -0.47435798       5.6245903        5.6245903       36.657022              36.657022
              4       23.835035      0.92149875      0.81471123         14.238559           12.579856      0.75508993     -0.46536076       5.6245903        5.6245903       36.420889              36.420889
              1       23.606086      0.92149875      0.82175437         14.243295           12.591711      0.75606159     -0.45701541       5.6245903        5.6245903       35.962992              35.962992
              1       23.687588      0.92149875      0.82580406         14.241084           12.589793      0.75888131     -0.44582779       5.6245903        5.6245903       36.125996              36.125996
              1       23.740665      0.92149875      0.81956754          14.24065           12.590551       0.7597993     -0.44431843       5.6245903        5.6245903        36.23215               36.23215
              1       23.691713      0.92149875      0.81938604         14.238774           12.588093      0.75812527     -0.44545191       5.6245903        5.6245903       36.134246              36.134246
              3       24.038094      0.92149875       0.7986118         14.249374           12.587876      0.75057748     -0.46582418       5.6245903        5.6245903       36.827007              36.827007
              2       24.500392      0.92149875      0.80761059         14.246126           12.594262       0.7462581     -0.47563276       5.6245903        5.6245903       37.751603              37.751603
              2       24.066453      0.92149875      0.78982095          14.25121           12.591155      0.74720769     -0.45705676       5.6245903        5.6245903       36.883726              36.883726
              2       24.055416      0.92149875      0.79724615         14.253716           12.595212      0.74987586     -0.45052098       5.6245903        5.6245903       36.861652              36.861652
              1       24.178593      0.92149875      0.79404132         14.252616           12.594755      0.75592142     -0.45392775       5.6245903        5.6245903       37.108005              37.108005
              2       24.551391      0.92149875      0.77576955         14.263567           12.606503      0.75340803     -0.47504128       5.6245903        5.6245903       37.853602              37.853602
              2       24.706388      0.92149875      0.78585378         14.265787           12.604509      0.74084166     -0.47026686       5.6245903        5.6245903       38.163596              38.163596
              1       24.194068      0.92149875       0.8127805          14.26085           12.596717      0.74818455     -0.45367222       5.6245903        5.6245903       37.138955              37.138955
              1       25.258271      0.92149875      0.81201345         14.268197           12.596197       0.7499673     -0.44781512       5.6245903        5.6245903       39.267362              39.267362
              2       24.208078      0.92149875      0.81676433         14.266457           12.608753      0.74993608     -0.43395996       5.6245903        5.6245903       37.166975              37.166975
              1       24.206056      0.92149875      0.81368639         14.266699           12.608864      0.74932406     -0.43419084       5.6245903        5.6245903       37.162932              37.162932
              1       25.890316      0.92149875       0.8146909         14.273895           12.602058       0.7491571     -0.42860579       5.6245903        5.6245903       40.531452              40.531452
              1       25.832538      0.89694559       0.8146909         14.273895           12.602058       0.7491571     -0.42860579       5.6245903        5.6245903       40.415895              40.415895
              2       25.188376      0.89694559      0.82202585          14.28007           12.611697      0.74288389     -0.41552183       5.6245903        5.6245903       39.127571              39.127571
              2       24.938537      0.89694559      0.82415898         14.280914           12.618529      0.74613197     -0.42171369       5.6245903        5.6245903       38.627894              38.627894
              1       24.765613      0.89694559      0.81496357         14.278415           12.618075      0.75224681     -0.41541532       5.6245903        5.6245903       38.282045              38.282045
              1        24.58973      0.90616007      0.81496357         14.278415           12.618075      0.75224681     -0.41541532       5.6245903        5.6245903        37.93028               37.93028
              1       24.453708      0.90616007      0.81464013         14.270245           12.620413      0.74915066     -0.41615624       5.6245903        5.6245903       37.658236              37.658236
              1       24.458264      0.90616007      0.81435607         14.270267           12.620407      0.74910609     -0.41636397       5.6245903        5.6245903       37.667348              37.667348
              1       24.319342      0.90616007      0.81598309         14.270485           12.618135      0.74928239     -0.41658936       5.6245903        5.6245903       37.389504              37.389504
              1       25.387855      0.90616007      0.79739366         14.262019           12.613637      0.73788943     -0.43776021       5.6245903        5.6245903       39.526529              39.526529
              1       23.956975      0.90616007      0.78288494         14.239206           12.609399      0.75205014     -0.41541003       5.6245903        5.6245903        36.66477               36.66477
              2       24.216743      0.90616007      0.79067612         14.236554           12.609675      0.74491117     -0.40287704       5.6245903        5.6245903       37.184305              37.184305
              1       23.695719      0.90616007      0.78498254         14.238331           12.608688      0.74442932     -0.39884472       5.6245903        5.6245903       36.142257              36.142257
              1       23.619467      0.90616007      0.78303444         14.235567           12.601555      0.73246389     -0.39903974       5.6245903        5.6245903       35.989753              35.989753
              1       23.448677      0.90616007      0.80515781         14.238307           12.593638      0.73565386     -0.39986427       5.6245903        5.6245903       35.648174              35.648174
              1       23.233994      0.90616007      0.80856927         14.232987           12.594156      0.73638513     -0.38760043       5.6245903        5.6245903       35.218808              35.218808
              1       23.440576      0.90616007      0.80675715         14.234446           12.593387      0.73656761     -0.38447911       5.6245903        5.6245903       35.631972              35.631972
              1       23.554253      0.89491953      0.80675715         14.234446           12.593387      0.73656761     -0.38447911       5.6245903        5.6245903       35.859326              35.859326
              1       23.501444      0.89491953      0.81148357          14.23652           12.596357        0.734116     -0.38211225       5.6245903        5.6245903       35.753708              35.753708
              1       23.364676      0.91049254      0.81148357          14.23652           12.596357        0.734116     -0.38211225       5.6245903        5.6245903       35.480172              35.480172
              3       23.481808      0.91049254      0.80820531         14.239702           12.597643      0.73808042     -0.38987183       5.6245903        5.6245903       35.714436              35.714436
              2       23.316047      0.91049254      0.82386425          14.23753           12.589987      0.73542092      -0.4105637       5.6245903        5.6245903       35.382913              35.382913
              2       24.516315      0.91049254       0.8186155          14.22243           12.596132      0.73931312     -0.41810428       5.6245903        5.6245903       37.783449              37.783449
              3       23.742182      0.91049254      0.82408235         14.220711           12.592426      0.74133638     -0.41603565       5.6245903        5.6245903       36.235183              36.235183
              2        25.09573      0.91049254      0.83482283         14.221517           12.593196      0.73986893     -0.43048703       5.6245903        5.6245903       38.942279              38.942279
              1       23.734312      0.91049254      0.79898183         14.237471           12.590127      0.73101637     -0.39278919       5.6245903        5.6245903       36.219443              36.219443
              1       23.901545      0.91049254      0.79562523           14.2403           12.598024      0.74260137     -0.38731615       5.6245903        5.6245903       36.553909              36.553909
              1       23.479294      0.91049254       0.8170813         14.233793           12.604246      0.73805762       -0.358144       5.6245903        5.6245903       35.709408              35.709408
              1        23.68165      0.91049254      0.80881429         14.226822           12.599869      0.74146911     -0.35242313       5.6245903        5.6245903        36.11412               36.11412
              1       23.446926      0.91049254      0.80535825         14.225457           12.602172      0.74015429      -0.3538834       5.6245903        5.6245903       35.644672              35.644672
              1       23.839451      0.91049254      0.76721427         14.210602           12.606041      0.74719426     -0.34440441       5.6245903        5.6245903       36.429721              36.429721
              2       23.804587      0.91049254      0.76733113         14.207624           12.604925       0.7412774     -0.34320573       5.6245903        5.6245903       36.359994              36.359994
              3       24.456038      0.91049254      0.77375733         14.200038           12.601224      0.74454215     -0.36855383       5.6245903        5.6245903       37.662896              37.662896
              2       23.925524      0.91049254      0.77887854         14.193963           12.595678      0.73825866     -0.35740865       5.6245903        5.6245903       36.601867              36.601867
              1       24.831711      0.91049254      0.77631411         14.198549           12.598871      0.72933511     -0.36000023       5.6245903        5.6245903       38.414241              38.414241
              2        23.44965      0.91049254      0.76692075          14.19956           12.592791      0.72884022     -0.36669847       5.6245903        5.6245903       35.650118              35.650118
              1       23.467327      0.91049254      0.76349367         14.199155           12.593431      0.72894697     -0.36449293       5.6245903        5.6245903       35.685474              35.685474
              1       24.133511      0.91049254      0.79188511         14.203797             12.5982      0.73527643      -0.3663764       5.6245903        5.6245903       37.017842              37.017842
              1       23.028113      0.91049254      0.79128785           14.2118           12.594844      0.73303112     -0.36065044       5.6245903        5.6245903       34.807045              34.807045
              1       24.831368      0.93350062      0.79128785           14.2118           12.594844      0.73303112     -0.36065044       5.6245903        5.6245903       38.413556              38.413556
              2       24.801748      0.93350062      0.79108005         14.211959           12.594621      0.73323271     -0.36176593       5.6245903        5.6245903       38.354316              38.354316
              4        24.11588      0.93350062      0.80448302         14.207856           12.587132      0.72658383     -0.36541739       5.6245903        5.6245903        36.98258               36.98258
              1       24.289136      0.93350062      0.80316844         14.210657           12.587344      0.72516912     -0.35947033       5.6245903        5.6245903       37.329091              37.329091
              3       23.974956      0.93350062      0.81247007          14.20803           12.587286      0.71914623     -0.35818921       5.6245903        5.6245903       36.700731              36.700731
              1       22.965857      0.91759359      0.81247007          14.20803           12.587286      0.71914623     -0.35818921       5.6245903        5.6245903       34.682533              34.682533
              1       23.261978      0.91759359      0.81723926         14.219826           12.589066      0.71482364      -0.3394941       5.6245903        5.6245903       35.274775              35.274775
              1       22.936755      0.91759359      0.81043872         14.213194           12.583524      0.70221276     -0.33057237       5.6245903        5.6245903        34.62433               34.62433
              1       22.872844      0.91759359      0.81313649          14.21349           12.583314      0.70141539     -0.33266615       5.6245903        5.6245903       34.496508              34.496508
              2       23.179916      0.91759359      0.83219359         14.205475           12.588874       0.7032639     -0.31770607       5.6245903        5.6245903       35.110651              35.110651
              2       22.926385      0.91759359      0.82394014          14.20695           12.586613      0.70441008     -0.32348106       5.6245903        5.6245903       34.603589              34.603589
              1       23.191433      0.91759359      0.84069396         14.194483           12.582882      0.71775095     -0.34372882       5.6245903        5.6245903       35.133686              35.133686
              3       23.431992      0.92233565      0.84069396         14.194483           12.582882      0.71775095     -0.34372882       5.6245903        5.6245903       35.614804              35.614804
              1       23.562246      0.92233565      0.84820309         14.204895           12.589036      0.71507338     -0.32709698       5.6245903        5.6245903       35.875311              35.875311
              3       23.474166      0.92233565       0.8555291         14.206714           12.587419      0.71883271     -0.33014478       5.6245903        5.6245903       35.699151              35.699151
              1       23.415172      0.92233565      0.85501623         14.206928           12.587197      0.71889642     -0.33008007       5.6245903        5.6245903       35.581163              35.581163
              1       23.389918      0.92233565      0.85913147         14.209399           12.582855      0.71192007     -0.32271163       5.6245903        5.6245903       35.530655              35.530655
              1       23.521848      0.92233565      0.85769927         14.208812           12.581962      0.71248933     -0.32107472       5.6245903        5.6245903       35.794516              35.794516
              2       23.737479      0.92233565      0.86777868         14.207963           12.581628      0.71483531     -0.31746681       5.6245903        5.6245903       36.225778              36.225778
              1       23.022944      0.91396055      0.86777868         14.207963           12.581628      0.71483531     -0.31746681       5.6245903        5.6245903       34.796708              34.796708
              2       22.880257      0.91396055      0.86857596         14.206544           12.580741      0.71432528     -0.32003187       5.6245903        5.6245903       34.511333              34.511333
              1       22.761301      0.91396055      0.87105653         14.205923           12.581733       0.7154641     -0.32438333       5.6245903        5.6245903       34.273421              34.273421
              2       22.300072      0.91396055       0.8427563         14.198179            12.57279      0.71102142     -0.34889945       5.6245903        5.6245903       33.350963              33.350963
              1        22.48174      0.91396055      0.83303269         14.194928           12.577743      0.71512808     -0.34377058       5.6245903        5.6245903       33.714299              33.714299
              1       22.465037      0.91396055      0.83722672         14.191139           12.572433      0.71963296     -0.33934253       5.6245903        5.6245903       33.680893              33.680893
              2        22.74186      0.91396055      0.83481994         14.193095            12.57427      0.71829529     -0.32847378       5.6245903        5.6245903        34.23454               34.23454
              1       22.365504      0.91396055        0.852523           14.1928           12.574427      0.70940928     -0.32882215       5.6245903        5.6245903       33.481828              33.481828
              2       22.774554      0.91396055      0.85791909         14.206062           12.583308      0.71194222     -0.34192964       5.6245903        5.6245903       34.299928              34.299928
              2       23.118624      0.89135815      0.85791909         14.206062           12.583308      0.71194222     -0.34192964       5.6245903        5.6245903       34.988068              34.988068
              1       22.852139      0.89135815      0.86799441         14.207867           12.588107      0.71042762     -0.31226156       5.6245903        5.6245903       34.455097              34.455097
              3       23.514172      0.89135815      0.83529405         14.222469           12.585281      0.70018799     -0.30497268       5.6245903        5.6245903       35.779164              35.779164
              3       23.238128      0.89135815      0.81336207          14.20863           12.581793      0.70129054     -0.29167472       5.6245903        5.6245903       35.227075              35.227075
              2       22.769328      0.89135815      0.82701206         14.208753           12.588064        0.701458     -0.28351824       5.6245903        5.6245903       34.289475              34.289475
              1       22.746161      0.89135815      0.84649078         14.205959           12.589126       0.7173209     -0.32051424       5.6245903        5.6245903       34.243142              34.243142
              1       22.417421      0.89135815      0.86850234         14.189857           12.576467      0.71068194     -0.31690067       5.6245903        5.6245903       33.585662              33.585662
              1       22.418617      0.89135815      0.87252714         14.190373            12.57556      0.70896682     -0.31688251       5.6245903        5.6245903       33.588054              33.588054
              2       22.380417      0.89135815       0.8639313         14.183071           12.568582      0.70538891      -0.3273347       5.6245903        5.6245903       33.511654              33.511654
              2       22.668246      0.89135815       0.8665651         14.181174           12.569808      0.70571356     -0.32791555       5.6245903        5.6245903       34.087312              34.087312
              3       22.323918      0.89135815      0.86954702          14.18166           12.567876        0.708624     -0.33055094       5.6245903        5.6245903       33.398655              33.398655
              2       22.106436      0.89135815       0.8724708          14.18386           12.559484      0.70290884      -0.3254586       5.6245903        5.6245903       32.963691              32.963691
              1       22.229059      0.89135815      0.87434432         14.187871           12.563802      0.69908565     -0.32216867       5.6245903        5.6245903       33.208937              33.208937
              1       23.211118      0.89135815      0.87333663         14.196929           12.561493      0.70657015     -0.31885938       5.6245903        5.6245903       35.173056              35.173056
              2       25.153554      0.89135815      0.87133791         14.199446           12.556334      0.70237471     -0.30546707       5.6245903        5.6245903       39.057928              39.057928
              1       25.303169      0.88157493      0.87133791         14.199446           12.556334      0.70237471     -0.30546707       5.6245903        5.6245903       39.357158              39.357158
              4       25.450828      0.88157493      0.91851094         14.211575           12.557061       0.6989049     -0.31077364       5.6245903        5.6245903       39.652476              39.652476
              3       25.544446      0.88157493      0.90749808         14.218009           12.556895      0.67704146      -0.3202031       5.6245903        5.6245903       39.839712              39.839712
              1        24.33221      0.88157493      0.88867206         14.205395           12.558219      0.67702879      -0.3326207       5.6245903        5.6245903       37.415239              37.415239
              2       25.192256      0.88157493      0.88223842         14.202603           12.550354      0.67516306     -0.31487062       5.6245903        5.6245903       39.135332              39.135332
              2       25.042452       0.8835608      0.88223842         14.202603           12.550354      0.67516306     -0.31487062       5.6245903        5.6245903       38.835723              38.835723
              2       25.248345       0.8835608      0.87626619         14.203027            12.54993      0.67452852      -0.3173465       5.6245903        5.6245903       39.247509              39.247509
              2       25.069443       0.8835608      0.87347461          14.20244           12.551454      0.67745208     -0.31505652       5.6245903        5.6245903       38.889705              38.889705
              1       25.325723      0.87873556      0.87074959         14.200551           12.551324      0.67887728     -0.31308779       5.6245903        5.6245903       39.402265              39.402265
              3       23.523793      0.87873556      0.78452172         14.183733           12.560217      0.69694392     -0.33691855       5.6245903        5.6245903       35.798405              35.798405
              1        23.73124      0.87873556      0.77360539         14.179157           12.555644      0.69056717     -0.33515158       5.6245903        5.6245903         36.2133                36.2133
              1       24.202931      0.87873556      0.74624966         14.177275           12.553327      0.69433817     -0.37972648       5.6245903        5.6245903       37.156682              37.156682
              1       26.046481      0.87873556      0.69228831         14.205557           12.567862      0.71370989     -0.39935942       5.6245903        5.6245903       40.843782              40.843782
              2       26.063693      0.87873556      0.69209666         14.204853           12.567216      0.71398954     -0.40018196       5.6245903        5.6245903       40.878206              40.878206
              2        25.77971      0.87873556      0.67918409         14.201174            12.56797      0.71712159     -0.39897815       5.6245903        5.6245903        40.31024               40.31024
              1       25.347019      0.87873556      0.70192307         14.184231           12.557029       0.7074484     -0.36803595       5.6245903        5.6245903       39.444856              39.444856
              1       25.432363      0.87873556      0.69808804         14.190322           12.561801      0.69728268     -0.35302141       5.6245903        5.6245903       39.615545              39.615545
              1       24.635873      0.87873556      0.75829565         14.245099           12.615393      0.69381425     -0.25878081       5.6245903        5.6245903       38.022566              38.022566
              3       24.444168      0.90136762      0.77107695         14.253963           12.616002      0.68712954     -0.26801481       5.6245903        5.6245903       37.639156              37.639156
              3       23.900103      0.90136762      0.74392952          14.23888           12.602052      0.70525221     -0.33657843       5.6245903        5.6245903       36.551026              36.551026
              1       23.939907      0.91460261      0.75140388         14.244063           12.602408      0.70134307     -0.34197838       5.6245903        5.6245903       36.630633              36.630633
              6       22.987973      0.91460261      0.80515989         14.207309           12.567693      0.69313221     -0.34792103       5.6245903        5.6245903       34.726765              34.726765
              2       22.676824      0.91460261      0.85073935         14.131348           12.508027      0.66725157     -0.30364257       5.6245903        5.6245903       34.104467              34.104467
              2       22.467497      0.91460261      0.78281714         14.081514           12.484581      0.79299667     -0.48622647       5.6245903        5.6245903       33.685814              33.685814
              2       21.009039      0.91460261      0.83804775           14.1078           12.508538      0.78414567     -0.47276132       5.6245903        5.6245903       30.768898              30.768898
              2       21.349128      0.91460261      0.83254402         14.129721            12.52178       0.7847858     -0.46852677       5.6245903        5.6245903       31.449076              31.449076
              2       21.206959      0.91460261      0.84363518         14.125469           12.526175      0.76656032     -0.43292761       5.6245903        5.6245903       31.164737              31.164737
              1       21.748868      0.91460261      0.63864778         14.102856           12.529667      0.77199021     -0.47439134       5.6245903        5.6245903       32.248556              32.248556
              4       22.410685      0.91460261      0.65341173         14.149663           12.560208      0.75324075     -0.44305056       5.6245903        5.6245903       33.572189              33.572189
              4       23.299124      0.91460261      0.50156906         14.157447            12.58014      0.78776688     -0.45772806       5.6245903        5.6245903       35.349067              35.349067
              1       25.284238      0.94054032       0.5162172         14.167606           12.580838       0.7801058     -0.46831079       5.6245903        5.6245903       39.319295              39.319295
              2       24.433983      0.94054032      0.50205254         14.156796           12.564692      0.77523771      -0.4861933       5.6245903        5.6245903       37.618785              37.618785
              1       25.278946      0.94054032      0.42408887          14.13308           12.564441      0.79120845     -0.48866964       5.6245903        5.6245903       39.308712              39.308712
              1       24.971317      0.94054032      0.48094442         14.085225           12.531422       0.7871791     -0.47209185       5.6245903        5.6245903       38.693453              38.693453
              2       25.042938      0.94054032      0.48106082         14.086293           12.532477      0.78482209     -0.46691895       5.6245903        5.6245903       38.836695              38.836695
              2       23.018789      0.94054032      0.45753441          14.07636           12.494329      0.78849629     -0.56881871       5.6245903        5.6245903       34.788398              34.788398
              2       22.762922      0.91890336      0.44531509         14.067886           12.493747      0.79488708     -0.55999071       5.6245903        5.6245903       34.276663              34.276663
              1        22.87137      0.91890336      0.43237012         14.018864           12.462979      0.85044163     -0.62496233       5.6245903        5.6245903       34.493559              34.493559
              1       22.974742      0.91890336      0.44524555         14.023814           12.463977      0.84920259     -0.62173232       5.6245903        5.6245903       34.700304              34.700304
              2       23.199093      0.91890336      0.45243551         13.992908           12.452137      0.87978397     -0.62136403       5.6245903        5.6245903       35.149005              35.149005
              2       25.690731      0.94659602      0.46807475         14.003754           12.452883      0.87160454     -0.63266279       5.6245903        5.6245903       40.132282              40.132282
              2       26.003403      0.94659602      0.44018564         13.982535           12.429111      0.88527486     -0.67736929       5.6245903        5.6245903       40.757626              40.757626
              1       25.844964      0.94659602      0.80111866         14.033169           12.410948      0.81857863     -0.61008525       5.6245903        5.6245903       40.440747              40.440747
              3       24.958742      0.94659602      0.80292154         14.029799           12.407421      0.81489312     -0.61688456       5.6245903        5.6245903       38.668303              38.668303
              1       25.010689      0.94659602      0.80632126         13.922152           12.353568      0.88239641     -0.68108625       5.6245903        5.6245903       38.772197              38.772197
              1        24.41665      0.94659602      0.80393583         13.919066           12.352661      0.87714112     -0.66700953       5.6245903        5.6245903       37.584119              37.584119
              2       23.853442      0.94659602      0.82848705         13.926421           12.338031      0.86448335     -0.68038145       5.6245903        5.6245903       36.457704              36.457704
              6       24.042915      0.94659602      0.82000823          13.92146           12.335789      0.86847822      -0.6809557       5.6245903        5.6245903       36.836649              36.836649
              2       24.717501      0.94659602       0.8486868          13.90952           12.315231      0.87630029     -0.70783924       5.6245903        5.6245903       38.185821              38.185821
              1       24.712557      0.94649842      0.84863168         13.909482           12.315228      0.87632911     -0.70779942       5.6245903        5.6245903       38.175934              38.175934
              4       23.852615      0.94649842      0.87101615         13.908396           12.301173      0.83026595     -0.69150822       5.6245903        5.6245903        36.45605               36.45605
              1       23.891554      0.95760612      0.87728915         13.912746           12.301472      0.82698514     -0.69604022       5.6245903        5.6245903       36.533927              36.533927
              1       23.628235      0.95760612      0.93683986         13.896089           12.284558      0.81940356     -0.71513057       5.6245903        5.6245903       36.007289              36.007289
