#        weight    minuslogpost          sigma8        ygk_Ahmc ygk_LOWZ__0_lM1_0 ygk_LOWZ__0_lMmin_0   ygk_mass_bias       ygk_rhogy   minuslogprior minuslogprior__0            chi2 chi2__ygk_like.ygkLike
              1       25.483212      0.90303008       1.0323029         14.102024           12.594641      0.76232785     -0.51630408       5.6245903        5.6245903       39.717243              39.717243
              1       25.327207      0.90303008        1.031875          14.10186           12.593717       0.7635894     -0.51504638       5.6245903        5.6245903       39.405234              39.405234
              4       25.234603      0.90303008       1.0266405         14.107485           12.597974      0.76514964     -0.50764257       5.6245903        5.6245903       39.220025              39.220025
              1       25.152903       0.9087681       1.0266405         14.107485           12.597974      0.76514964     -0.50764257       5.6245903        5.6245903       39.056625              39.056625
              1       25.222355       0.9087681        1.030803         14.105254           12.591752      0.75808862     -0.49593484       5.6245903        5.6245903       39.195529              39.195529
              2       25.559155       0.9087681       1.0267783         14.100176           12.589393      0.76496525      -0.4867992       5.6245903        5.6245903       39.869129              39.869129
              1       28.703973       0.9087681       1.0231033         14.106079           12.581048      0.76769821     -0.49213952       5.6245903        5.6245903       46.158765              46.158765
              2       28.542113       0.9087681       1.0133872         14.105209           12.581127      0.76602176     -0.49322465       5.6245903        5.6245903       45.835046              45.835046
              1       24.937539       0.9087681       1.0234859         14.105627           12.596024      0.75290391     -0.48682441       5.6245903        5.6245903       38.625898              38.625898
              3        24.63259       0.9087681       1.0464933         14.101353           12.598128      0.75972617     -0.48567161       5.6245903        5.6245903       38.015999              38.015999
              2       24.305031       0.9087681       1.0374878         14.088485           12.597924      0.75881324     -0.47368989       5.6245903        5.6245903       37.360881              37.360881
              1        24.38899      0.90346229       1.0374878         14.088485           12.597924      0.75881324     -0.47368989       5.6245903        5.6245903         37.5288                37.5288
              3       24.215065      0.90346229       1.0594512         14.090949           12.592679      0.74727592     -0.46536452       5.6245903        5.6245903        37.18095               37.18095
              1       24.791604      0.90346229       1.0614827         14.084919           12.574111      0.74876283      -0.5021336       5.6245903        5.6245903       38.334027              38.334027
              1       24.745172      0.90606396       1.0614827         14.084919           12.574111      0.74876283      -0.5021336       5.6245903        5.6245903       38.241164              38.241164
              1       25.214148      0.90606396       1.0716124         14.089545           12.575085      0.75910681     -0.49449766       5.6245903        5.6245903       39.179114              39.179114
              2       24.812107      0.90606396       1.0724878         14.087849           12.576856       0.7630005     -0.51355055       5.6245903        5.6245903       38.375033              38.375033
              1       24.991688      0.90606396        1.065634         14.089636           12.576765      0.76392958     -0.51377623       5.6245903        5.6245903       38.734195              38.734195
              1       24.611094      0.90606396       1.0531452         14.075671           12.588207      0.76968873      -0.5004152       5.6245903        5.6245903       37.973008              37.973008
              1       24.069209      0.90606396       1.0506741         14.070704           12.578511      0.76546582     -0.50130038       5.6245903        5.6245903       36.889238              36.889238
              1        24.64546      0.90606396       1.0759471         14.070473           12.577854      0.76406531     -0.51118107       5.6245903        5.6245903        38.04174               38.04174
              3       23.977488      0.90606396        1.081155         14.071592           12.575968      0.76564563     -0.49835961       5.6245903        5.6245903       36.705796              36.705796
              2       24.149085      0.90606396       1.0803279         14.071341           12.572211      0.77502488     -0.50477098       5.6245903        5.6245903       37.048989              37.048989
              3       24.227761      0.90606396        1.094891         14.075215           12.577235      0.78042211     -0.51303833       5.6245903        5.6245903       37.206341              37.206341
              2       24.738166      0.90606396       1.1050197         14.088045            12.57685      0.76391907     -0.51517778       5.6245903        5.6245903       38.227151              38.227151
              1       25.450335      0.90606396       1.1152362         14.085927           12.584985      0.76857823     -0.51782571       5.6245903        5.6245903       39.651489              39.651489
              3       24.563504      0.90606396       1.1234318         14.096075           12.586479      0.76873971     -0.49917897       5.6245903        5.6245903       37.877827              37.877827
