#        weight    minuslogpost          sigma8        ygk_Ahmc ygk_LOWZ__0_lM1_0 ygk_LOWZ__0_lMmin_0   ygk_mass_bias       ygk_rhogy   minuslogprior minuslogprior__0            chi2 chi2__ygk_like.ygkLike
              1       25.403933      0.86123847       1.0227417         14.032227           12.543646      0.74289561     -0.44713008       5.6245903        5.6245903       39.558685              39.558685
              1       26.555308      0.84572553       1.0227417         14.032227           12.543646      0.74289561     -0.44713008       5.6245903        5.6245903       41.861436              41.861436
              1       26.551623      0.84572553       1.0201986         14.030856           12.542947      0.74322968     -0.44944587       5.6245903        5.6245903       41.854066              41.854066
              2       27.010204      0.84572553       1.0353219         14.037458           12.544264      0.75264793     -0.47783914       5.6245903        5.6245903       42.771228              42.771228
              2       26.136679      0.84572553        1.048534         14.031593           12.547656      0.75518996     -0.46762593       5.6245903        5.6245903       41.024178              41.024178
              1       26.092331      0.84572553       1.0503217          14.03057           12.545843      0.76128669     -0.47595035       5.6245903        5.6245903       40.935482              40.935482
              1       23.582278      0.89122959       1.0503217          14.03057           12.545843      0.76128669     -0.47595035       5.6245903        5.6245903       35.915376              35.915376
              1       23.620916      0.89122959       1.0400726         14.030549           12.548452      0.76490602     -0.46981095       5.6245903        5.6245903       35.992651              35.992651
              1       23.551957      0.89122959       1.0354121         14.030195           12.547216      0.75728832     -0.47006307       5.6245903        5.6245903       35.854734              35.854734
              1        23.55972      0.89122959       1.0238082         14.024594           12.544657      0.75975187     -0.47164271       5.6245903        5.6245903       35.870259              35.870259
              3       23.331184      0.89122959       1.0145213         14.028463           12.551255       0.7601448     -0.49860148       5.6245903        5.6245903       35.413188              35.413188
              1       23.391128      0.89122959       1.0185152         14.026422           12.551149      0.75966812     -0.50128026       5.6245903        5.6245903       35.533075              35.533075
              2       23.386557      0.89122959       1.0248609          14.02533           12.550234      0.75887641     -0.50092874       5.6245903        5.6245903       35.523934              35.523934
              1       23.936124      0.88190294       1.0248609          14.02533           12.550234      0.75887641     -0.50092874       5.6245903        5.6245903       36.623068              36.623068
              1       24.959464      0.88190294       1.0265295         14.030495           12.550746       0.7529877     -0.51460224       5.6245903        5.6245903       38.669747              38.669747
              2       25.298605      0.88190294       1.0305123          14.03372           12.557525      0.74997031     -0.50303032       5.6245903        5.6245903       39.348029              39.348029
              1       25.650722      0.88190294       1.0276605          14.00857           12.558987       0.7608384     -0.48178232       5.6245903        5.6245903       40.052264              40.052264
              1       25.346643      0.88190294        1.031795         14.008941           12.557787      0.76422276     -0.48606459       5.6245903        5.6245903       39.444106              39.444106
              1       25.791389      0.87765178        1.031795         14.008941           12.557787      0.76422276     -0.48606459       5.6245903        5.6245903       40.333597              40.333597
              1       24.536554      0.87765178       1.0260579         14.009165           12.554256      0.76475427     -0.48588796       5.6245903        5.6245903       37.823927              37.823927
              1       26.086374      0.87765178       1.0296224         14.004515           12.551638      0.75984112     -0.49665592       5.6245903        5.6245903       40.923566              40.923566
              1       24.416291      0.87765178       1.0398841         14.005228           12.547373      0.75811162     -0.48718774       5.6245903        5.6245903       37.583401              37.583401
              2       24.371898      0.87765178       1.0379027           14.0019           12.549837      0.76089325     -0.47887541       5.6245903        5.6245903       37.494616              37.494616
              1       23.568655      0.88725696       1.0379027           14.0019           12.549837      0.76089325     -0.47887541       5.6245903        5.6245903       35.888129              35.888129
              1       22.475498      0.88725696       1.0163009         14.008925            12.54979      0.75247493      -0.4614476       5.6245903        5.6245903       33.701815              33.701815
              1        22.49351      0.88725696       1.0156019         14.009461           12.550253      0.75304662     -0.46206963       5.6245903        5.6245903       33.737839              33.737839
              1       22.389848      0.88725696         1.03727         14.018719           12.550271      0.75550498      -0.4453885       5.6245903        5.6245903       33.530516              33.530516
              1       22.460071      0.88725696       1.0331911         14.016756           12.555282      0.75049458     -0.44889248       5.6245903        5.6245903       33.670962              33.670962
              1       22.115485      0.88725696      0.99908634         14.001253           12.547065      0.75718296     -0.45971365       5.6245903        5.6245903       32.981789              32.981789
              4       22.388654      0.88725696       0.9919593         14.007232           12.546895      0.75781937     -0.46942284       5.6245903        5.6245903       33.528128              33.528128
              1       22.381169      0.88725696      0.99212867         14.006993           12.546918      0.75804109     -0.46955614       5.6245903        5.6245903       33.513157              33.513157
              1       22.811987      0.88725696       1.0165289         14.007904           12.540632      0.75807407     -0.44919925       5.6245903        5.6245903       34.374793              34.374793
              1       22.188046      0.88725696       1.0252075         14.007782           12.544656       0.7550587     -0.45459017       5.6245903        5.6245903       33.126912              33.126912
              1       22.315966      0.88725696       1.0265442         14.009441           12.543941      0.75624633     -0.45738044       5.6245903        5.6245903       33.382751              33.382751
              1       26.168488      0.83819927       1.0265442         14.009441           12.543941      0.75624633     -0.45738044       5.6245903        5.6245903       41.087796              41.087796
              1       26.045568      0.83819927       1.0260807         14.011562           12.548066      0.75898436     -0.45212672       5.6245903        5.6245903       40.841955              40.841955
              1       24.566824      0.83819927       1.0342438          13.99418           12.531376      0.75072255     -0.41556704       5.6245903        5.6245903       37.884468              37.884468
              1       24.562557      0.83819927       1.0342267         13.994142           12.531397      0.75073958      -0.4155801       5.6245903        5.6245903       37.875934              37.875934
              5       22.971993      0.86325418       1.0342267         13.994142           12.531397      0.75073958      -0.4155801       5.6245903        5.6245903       34.694806              34.694806
              2       22.972885      0.86325418       1.0342701         13.994119           12.531366      0.75072345     -0.41561069       5.6245903        5.6245903       34.696589              34.696589
              2       24.576986      0.86325418       1.0364288         13.999788           12.527851      0.74691088     -0.40694003       5.6245903        5.6245903       37.904792              37.904792
              4         23.9863      0.86325418       1.0461215         14.002304            12.53044       0.7470651     -0.41146429       5.6245903        5.6245903       36.723419              36.723419
              1       24.212866      0.86325418        1.056665         14.008566           12.531444      0.74657914     -0.42141746       5.6245903        5.6245903       37.176551              37.176551
              2       22.948087      0.86325418       1.0546343         14.009671           12.541987      0.74449959     -0.41612887       5.6245903        5.6245903       34.646994              34.646994
              2       23.714772      0.90571437       1.0546343         14.009671           12.541987      0.74449959     -0.41612887       5.6245903        5.6245903       36.180364              36.180364
              1       22.530128      0.90571437       1.0598925         13.996819           12.550126      0.75403712     -0.45140771       5.6245903        5.6245903       33.811076              33.811076
              2       22.789161      0.90571437       1.0517328          13.99987           12.555476      0.75733933     -0.44856108       5.6245903        5.6245903       34.329142              34.329142
              1       22.497115      0.90571437       1.0734097         14.007927           12.550797      0.77055201     -0.44710081       5.6245903        5.6245903       33.745049              33.745049
              3       23.483639      0.91484705       1.0734097         14.007927           12.550797      0.77055201     -0.44710081       5.6245903        5.6245903       35.718098              35.718098
              1       23.573099      0.91484705       1.1018098         14.010258           12.558679      0.76043191     -0.45795706       5.6245903        5.6245903       35.897017              35.897017
              1       22.973472      0.91484705       1.0996989         14.023524           12.560445       0.7599921     -0.44532243       5.6245903        5.6245903       34.697763              34.697763
              1       23.009671      0.91484705       1.0996667         14.026869           12.556699      0.76099242     -0.45714349       5.6245903        5.6245903       34.770162              34.770162
              1       22.888292      0.91484705       1.0971116         14.023592           12.555887      0.76224844     -0.46552829       5.6245903        5.6245903       34.527403              34.527403
              2       22.992987      0.88592708       1.0971116         14.023592           12.555887      0.76224844     -0.46552829       5.6245903        5.6245903       34.736793              34.736793
              5        23.11519      0.88592708       1.0948477         14.032808           12.547889      0.76620621      -0.4737731       5.6245903        5.6245903         34.9812                34.9812
              1       23.117273      0.89293076       1.0948477         14.032808           12.547889      0.76620621      -0.4737731       5.6245903        5.6245903       34.985366              34.985366
              1       22.448274      0.89293076        1.107901         14.021216           12.553482      0.77237731     -0.47141907       5.6245903        5.6245903       33.647368              33.647368
              1       22.756835      0.89293076       1.1105699         14.022345           12.555867      0.77106046     -0.47283756       5.6245903        5.6245903       34.264488              34.264488
              1       22.406163      0.89293076       1.1025264         14.024277           12.560791      0.77279358     -0.45514647       5.6245903        5.6245903       33.563145              33.563145
              2       22.120969      0.89293076       1.0908915         14.022987           12.560791       0.7689506     -0.42625557       5.6245903        5.6245903       32.992757              32.992757
              1       22.885675      0.89293076       1.0885971         14.027477           12.557662      0.77071355     -0.42543984       5.6245903        5.6245903       34.522169              34.522169
              1       22.492108      0.89293076       1.0741633         14.039348           12.569697      0.75832807     -0.43572197       5.6245903        5.6245903       33.735036              33.735036
              1       22.525819      0.89293076       1.0823602          14.03918           12.562837      0.74941766     -0.43719212       5.6245903        5.6245903       33.802458              33.802458
              2       22.514094      0.89293076       1.1283009         14.050049           12.572543      0.75141797     -0.41568506       5.6245903        5.6245903       33.779007              33.779007
              2       23.123021      0.89293076       1.1436816         14.064542           12.583578         0.75971     -0.38597438       5.6245903        5.6245903       34.996862              34.996862
              1        23.58825      0.89293076       1.1564763         14.057258           12.578285      0.75958065     -0.37037693       5.6245903        5.6245903       35.927319              35.927319
              1        23.24077      0.89293076       1.1600766         14.045049           12.589421      0.77355074     -0.38055796       5.6245903        5.6245903       35.232358              35.232358
              1       22.939592      0.89293076       1.1708284         14.047932           12.585278      0.77705034     -0.38950037       5.6245903        5.6245903       34.630004              34.630004
              1        23.48162      0.89293076       1.1713579         14.044121           12.587439      0.77243988     -0.39306077       5.6245903        5.6245903       35.714059              35.714059
              1       23.448847      0.89293076       1.1851391         14.044773           12.586157      0.77184947     -0.39385268       5.6245903        5.6245903       35.648513              35.648513
              1       23.626089      0.89293076       1.1720748         14.072255           12.576528      0.74072283     -0.37560037       5.6245903        5.6245903       36.002998              36.002998
              1       24.969923      0.90544817       1.1720748         14.072255           12.576528      0.74072283     -0.37560037       5.6245903        5.6245903       38.690665              38.690665
              1       23.545195      0.90544817       1.1718234         14.087478           12.589628      0.74328941     -0.42231502       5.6245903        5.6245903       35.841209              35.841209
              1       23.587284      0.90544817       1.1727066         14.087919           12.591735      0.74336739     -0.41936366       5.6245903        5.6245903       35.925387              35.925387
              1       23.609595      0.90544817       1.1689776         14.087132           12.592462      0.74188614     -0.41756866       5.6245903        5.6245903        35.97001               35.97001
              1       23.792015      0.90544817       1.1813568         14.086775           12.593954      0.73711898      -0.4106311       5.6245903        5.6245903       36.334849              36.334849
              3       23.913016      0.90544817       1.1761866         14.102448           12.595124      0.73090103     -0.41628206       5.6245903        5.6245903       36.576852              36.576852
              1       24.950917      0.90544817       1.1776403         14.102158           12.603075       0.7325134     -0.42134086       5.6245903        5.6245903       38.652654              38.652654
              1       23.993342      0.90544817       1.2318058         14.103648           12.594771       0.7434102       -0.395258       5.6245903        5.6245903       36.737503              36.737503
              1       23.941144      0.90544817       1.2320203         14.102608           12.594321      0.74348349     -0.39616196       5.6245903        5.6245903       36.633108              36.633108
