#        weight    minuslogpost          sigma8        ygk_Ahmc ygk_LOWZ__0_lM1_0 ygk_LOWZ__0_lMmin_0   ygk_mass_bias       ygk_rhogy   minuslogprior minuslogprior__0            chi2 chi2__ygk_like.ygkLike
              2        31.40273      0.88521381       1.0199423          14.28843           12.701502      0.76320644     -0.44555071       5.6245903        5.6245903       51.556279              51.556279
              1       31.390102      0.88521381       1.0195802         14.287295           12.700513      0.76181599     -0.44339115       5.6245903        5.6245903       51.531023              51.531023
              3        31.50224      0.88521381       1.0148338         14.291971           12.710859       0.7628739     -0.44969585       5.6245903        5.6245903         51.7553                51.7553
              1       31.387767      0.88521381       1.0146609          14.29181           12.711086      0.76411771     -0.44771882       5.6245903        5.6245903       51.526353              51.526353
              1       31.600868      0.88521381       1.0201232         14.292887           12.707206      0.77321547     -0.46800156       5.6245903        5.6245903       51.952556              51.952556
              2       31.602558      0.88521381       1.0256888         14.293262           12.707813      0.77303369     -0.46721377       5.6245903        5.6245903       51.955936              51.955936
              1       31.533442      0.88521381       1.0235435         14.292435            12.70732      0.77321743     -0.46629841       5.6245903        5.6245903       51.817703              51.817703
              2       31.533786      0.88521381       1.0608709         14.281686           12.688791      0.75901573     -0.44615899       5.6245903        5.6245903       51.818392              51.818392
              1       31.704852      0.89884962       1.0608709         14.281686           12.688791      0.75901573     -0.44615899       5.6245903        5.6245903       52.160524              52.160524
              1          31.768      0.89884962       1.0610719         14.281689           12.688454      0.75939129     -0.44670407       5.6245903        5.6245903       52.286819              52.286819
              1       30.393878      0.89884962       1.0560864         14.277892           12.696206       0.7667011      -0.4522515       5.6245903        5.6245903       49.538575              49.538575
              2       31.416988      0.89884962       1.0455444         14.280677           12.696298      0.76908127     -0.43734289       5.6245903        5.6245903       51.584796              51.584796
              2       31.183845      0.89884962       1.0480575         14.280708           12.697566      0.76856986     -0.43529361       5.6245903        5.6245903       51.118509              51.118509
              1       30.079767      0.89884962       1.0484518         14.256845           12.690043      0.76778606     -0.41649742       5.6245903        5.6245903       48.910354              48.910354
              1       30.545599      0.89884962       1.0350931         14.251944           12.684069      0.77028147     -0.42638436       5.6245903        5.6245903       49.842018              49.842018
              1       29.862141      0.88863842       1.0350931         14.251944           12.684069      0.77028147     -0.42638436       5.6245903        5.6245903       48.475102              48.475102
              1       29.911276      0.88863842       1.0355467         14.252405           12.684132      0.77107791     -0.42725941       5.6245903        5.6245903       48.573371              48.573371
              1       29.585329      0.88863842       1.0281767         14.251465            12.68806      0.77373779     -0.42224687       5.6245903        5.6245903       47.921477              47.921477
              1       28.789787      0.88863842       1.0343482          14.24665            12.69024      0.77459603     -0.42544143       5.6245903        5.6245903       46.330394              46.330394
              2       28.782153      0.88863842       1.0324413         14.247332           12.692012      0.77306763      -0.4300456       5.6245903        5.6245903       46.315125              46.315125
              1       28.737148      0.88863842       1.0308211         14.246627           12.693538      0.77384809     -0.42954144       5.6245903        5.6245903       46.225116              46.225116
              1       28.759295      0.88863842       1.0338525         14.248013           12.695631      0.77167908     -0.42394219       5.6245903        5.6245903        46.26941               46.26941
              2       28.500837      0.88863842       1.0206293         14.238702           12.691887       0.7624713     -0.41622917       5.6245903        5.6245903       45.752494              45.752494
              3       28.676996      0.88863842       1.0255565         14.236595           12.692683      0.76197833     -0.41876359       5.6245903        5.6245903       46.104811              46.104811
              1       28.783792      0.88863842      0.99552318         14.238301           12.684059      0.75584255     -0.41855883       5.6245903        5.6245903       46.318403              46.318403
              1       28.899322      0.88863842      0.99938318         14.227098           12.685582      0.74585028     -0.42018061       5.6245903        5.6245903       46.549463              46.549463
              1        29.08399      0.88863842       0.9953125         14.228563           12.690676      0.74416756     -0.40975986       5.6245903        5.6245903         46.9188                46.9188
              1       29.125842      0.88863842       1.0219469         14.242516           12.681004      0.72914528     -0.39799962       5.6245903        5.6245903       47.002503              47.002503
              3       28.957785      0.88863842        1.029454         14.241185           12.683273      0.72669248     -0.39041324       5.6245903        5.6245903       46.666389              46.666389
              2       29.711281      0.88863842       1.0483209         14.256563           12.684659      0.73148205     -0.39376295       5.6245903        5.6245903       48.173382              48.173382
              3       29.860918      0.88863842       1.0396746         14.258414           12.687562      0.73516435     -0.38262011       5.6245903        5.6245903       48.472655              48.472655
              1       28.908948      0.88863842       1.0271498         14.248559           12.695666      0.72544762     -0.36243167       5.6245903        5.6245903       46.568716              46.568716
              2       28.900493      0.88863842       1.0348143         14.250036           12.696636      0.72493831     -0.35732891       5.6245903        5.6245903       46.551805              46.551805
              2       29.152769      0.88863842       1.0276205         14.256016           12.700852      0.72508935     -0.35659518       5.6245903        5.6245903       47.056358              47.056358
              1       28.982238      0.88863842       1.0211598         14.251506           12.699378      0.72370947     -0.35357475       5.6245903        5.6245903       46.715296              46.715296
              2       29.182586      0.88863842       1.0133259         14.254775           12.697287      0.72750772     -0.34795155       5.6245903        5.6245903       47.115992              47.115992
              1       29.261015      0.88863842        1.003698         14.257241           12.699649      0.72433259     -0.35500606       5.6245903        5.6245903        47.27285               47.27285
              1       29.321956      0.88863842       1.0051381         14.259531           12.701969      0.71966219     -0.34225368       5.6245903        5.6245903       47.394731              47.394731
              2       29.182827      0.88863842       1.0275232         14.263743           12.712066       0.7276533     -0.31662174       5.6245903        5.6245903       47.116474              47.116474
              5        29.45842      0.88863842       1.0429144         14.255366           12.713446      0.72289784     -0.32080244       5.6245903        5.6245903        47.66766               47.66766
              1       30.596987      0.88863842       1.0516084         14.242227           12.717004      0.72102766     -0.30178276       5.6245903        5.6245903       49.944793              49.944793
              1       28.513178      0.88863842       1.0721289          14.23984            12.70812      0.73357524     -0.30617754       5.6245903        5.6245903       45.777176              45.777176
              2       28.075098      0.88863842       1.0672009         14.236756           12.701035      0.72977119     -0.30864317       5.6245903        5.6245903       44.901016              44.901016
              2        29.11659      0.88863842       1.0665398         14.231966           12.704362      0.73014813     -0.32391633       5.6245903        5.6245903       46.983999              46.983999
              1       28.891757      0.88863842       1.0736978         14.221894           12.694893      0.72887139     -0.33785533       5.6245903        5.6245903       46.534334              46.534334
              2       27.626606      0.88863842       1.0772986         14.224463           12.686396      0.73878963      -0.3239779       5.6245903        5.6245903       44.004032              44.004032
              1       28.123315      0.88863842       1.0649813         14.224002           12.682457      0.73404863     -0.31653256       5.6245903        5.6245903        44.99745               44.99745
              1       27.685782      0.88863842       1.0661247         14.219769           12.684633      0.73455187     -0.30980421       5.6245903        5.6245903       44.122384              44.122384
              1       27.708606      0.88863842       1.0599858         14.216988           12.682309      0.73289545     -0.30840069       5.6245903        5.6245903       44.168032              44.168032
              2       27.576413       0.8863804       1.0599858         14.216988           12.682309      0.73289545     -0.30840069       5.6245903        5.6245903       43.903646              43.903646
              1       27.501173       0.8863804       1.0578473          14.21944           12.680985      0.72944162     -0.32338776       5.6245903        5.6245903       43.753166              43.753166
              1       27.409233       0.8863804       1.0706549          14.21705           12.677377      0.72673011     -0.32300565       5.6245903        5.6245903       43.569286              43.569286
              1       27.782262       0.8863804       1.0692178         14.223369           12.678975      0.71776141     -0.31096099       5.6245903        5.6245903       44.315344              44.315344
              4       27.213629       0.8863804       1.0651182         14.214228           12.680209      0.72142851     -0.31498934       5.6245903        5.6245903       43.178077              43.178077
              3       27.173752       0.8863804        1.067499         14.213193           12.679551      0.72032553     -0.31284028       5.6245903        5.6245903       43.098323              43.098323
              1        27.50838       0.8863804       1.0599252         14.212552           12.671507       0.7199506     -0.32147301       5.6245903        5.6245903       43.767579              43.767579
              2       27.734493       0.8863804        1.050374         14.211175           12.671018      0.71795166     -0.31051476       5.6245903        5.6245903       44.219806              44.219806
