#        weight    minuslogpost          sigma8        ygk_Ahmc ygk_LOWZ__0_lM1_0 ygk_LOWZ__0_lMmin_0   ygk_mass_bias       ygk_rhogy   minuslogprior minuslogprior__0            chi2 chi2__ygk_like.ygkLike
              4        48.73823      0.75009495      0.95672123         14.226768           12.631309      0.78214736     -0.48016368       5.6245903        5.6245903        86.22728               86.22728
              1       46.885912      0.76203404      0.95672123         14.226768           12.631309      0.78214736     -0.48016368       5.6245903        5.6245903       82.522644              82.522644
              2       46.686643      0.76203404      0.95000508         14.222372           12.630693      0.78027149     -0.48427386       5.6245903        5.6245903       82.124106              82.124106
              3        46.82062      0.76203404      0.94390858         14.223988           12.631528      0.77889055     -0.47920661       5.6245903        5.6245903        82.39206               82.39206
              1       47.456903      0.76203404      0.93242647         14.225957           12.630432      0.78057881     -0.48697098       5.6245903        5.6245903       83.664626              83.664626
              1        45.58562      0.76203404      0.89275085         14.220698            12.63972      0.77997062     -0.43940635       5.6245903        5.6245903        79.92206               79.92206
              1       45.624745      0.76203404       0.8939725         14.222773           12.640638      0.78172887     -0.43809682       5.6245903        5.6245903       80.000309              80.000309
              6       45.584066      0.76203404      0.89407177         14.222263           12.640349      0.78244242     -0.43797729       5.6245903        5.6245903       79.918952              79.918952
              3       44.651469      0.76203404      0.89828741         14.223518           12.647672      0.78125953     -0.42926462       5.6245903        5.6245903       78.053758              78.053758
              1       44.448309      0.76203404      0.89901017         14.221903           12.646901       0.7818506     -0.42461875       5.6245903        5.6245903       77.647437              77.647437
              1       43.653028      0.76203404      0.87758053         14.226935           12.656775       0.7918922      -0.4128453       5.6245903        5.6245903       76.056875              76.056875
              2       43.963264      0.76203404      0.89073055         14.236181           12.665057      0.77950399     -0.39023675       5.6245903        5.6245903       76.677347              76.677347
              2       45.390807      0.76203404      0.88573529         14.242816           12.657173      0.77993346     -0.38569031       5.6245903        5.6245903       79.532433              79.532433
              2       44.064549      0.76203404      0.86622866         14.258219           12.679774      0.78125586     -0.34582767       5.6245903        5.6245903       76.879917              76.879917
              1       42.820564      0.76203404      0.87059506         14.250961           12.681769      0.78739548     -0.33781086       5.6245903        5.6245903       74.391947              74.391947
              1       40.295286      0.77792479      0.87059506         14.250961           12.681769      0.78739548     -0.33781086       5.6245903        5.6245903       69.341391              69.341391
              2       40.871305      0.77792479      0.86976858          14.25428           12.680381      0.79293686     -0.34093321       5.6245903        5.6245903       70.493429              70.493429
              2        41.06172      0.77792479      0.87514746         14.252771           12.677891      0.79231426     -0.33283532       5.6245903        5.6245903       70.874258              70.874258
              1       38.118256      0.77792479      0.87718717         14.228946           12.686274      0.79677442     -0.34026603       5.6245903        5.6245903       64.987332              64.987332
              2       36.028493      0.78868393      0.87718717         14.228946           12.686274      0.79677442     -0.34026603       5.6245903        5.6245903       60.807805              60.807805
              2       35.997458      0.78868393      0.87463849         14.230193           12.680884      0.81445161     -0.33883792       5.6245903        5.6245903       60.745735              60.745735
              1       35.455552      0.78868393      0.87458043         14.228019           12.682648      0.81565382     -0.33924377       5.6245903        5.6245903       59.661923              59.661923
              1       35.556906      0.78868393       0.8542604         14.223456           12.682156      0.80752419     -0.34349291       5.6245903        5.6245903       59.864631              59.864631
              1       35.488172      0.78868393      0.85409289         14.225069            12.68515       0.8062389     -0.34116782       5.6245903        5.6245903       59.727164              59.727164
              1       36.447272      0.78868393      0.86781221         14.224574           12.687291      0.80058107     -0.36234191       5.6245903        5.6245903       61.645363              61.645363
              1       36.202706      0.78868393      0.87882357         14.219347           12.685424      0.79508154      -0.3495955       5.6245903        5.6245903       61.156232              61.156232
              1       36.244138      0.78868393      0.87891605         14.218791           12.685829      0.79509235     -0.34956544       5.6245903        5.6245903       61.239095              61.239095
              1       35.290931      0.87538581      0.87891605         14.218791           12.685829      0.79509235     -0.34956544       5.6245903        5.6245903       59.332681              59.332681
              1       31.859936      0.87538581      0.91257198          14.22252           12.689261      0.78573518     -0.34901904       5.6245903        5.6245903       52.470692              52.470692
              1       31.753557      0.87538581      0.92064287         14.215286           12.679204      0.78615418     -0.36730659       5.6245903        5.6245903       52.257933              52.257933
              2       28.634395      0.87538581      0.88038419          14.21746           12.686109      0.75277686     -0.40676351       5.6245903        5.6245903       46.019609              46.019609
              1       28.190724      0.88719763      0.88038419          14.21746           12.686109      0.75277686     -0.40676351       5.6245903        5.6245903       45.132268              45.132268
              1       28.774287      0.88719763      0.90975178            14.209           12.671261      0.75336058     -0.40462122       5.6245903        5.6245903       46.299394              46.299394
              1       28.735534      0.88719763      0.89083109         14.202094           12.665217      0.74925282     -0.41742387       5.6245903        5.6245903       46.221886              46.221886
              1       27.194832      0.88719763      0.88921138         14.191333           12.671073      0.74924232     -0.40285708       5.6245903        5.6245903       43.140484              43.140484
              1       27.170664      0.88719763      0.89296885         14.190569           12.673101      0.74719495     -0.40796469       5.6245903        5.6245903       43.092147              43.092147
              1       27.385786      0.88719763       0.8923168         14.194047           12.670805      0.73467882     -0.39410539       5.6245903        5.6245903       43.522392              43.522392
              1       27.343988      0.89958235       0.8923168         14.194047           12.670805      0.73467882     -0.39410539       5.6245903        5.6245903       43.438795              43.438795
              1       27.119239      0.89958235      0.86483554         14.187333           12.673583      0.72851543     -0.40550241       5.6245903        5.6245903       42.989298              42.989298
              1       27.118822      0.89958235       0.8556724         14.191274           12.682172      0.72780413      -0.3827825       5.6245903        5.6245903       42.988463              42.988463
              1       27.300681      0.89958235      0.84751741         14.196601           12.680713      0.73237859     -0.38698938       5.6245903        5.6245903        43.35218               43.35218
              1       27.305936      0.89958235      0.84726762         14.196334           12.680466      0.73261185     -0.38650232       5.6245903        5.6245903       43.362692              43.362692
              3         27.6527      0.89958235       0.8460733         14.197895           12.677667       0.7299044     -0.38417373       5.6245903        5.6245903        44.05622               44.05622
              2       27.151834      0.89958235      0.87636134         14.178973           12.681016      0.74383499     -0.34351743       5.6245903        5.6245903       43.054487              43.054487
              1       27.227973      0.89958235      0.85719497          14.18035            12.69145      0.73896375     -0.32343577       5.6245903        5.6245903       43.206765              43.206765
              2       27.298134      0.89958235      0.87647554         14.187216           12.691021      0.73091193     -0.31383973       5.6245903        5.6245903       43.347087              43.347087
              1       27.172477      0.89958235      0.88028225         14.181564            12.69143      0.73090782     -0.30895453       5.6245903        5.6245903       43.095774              43.095774
              1       30.691866      0.89958235      0.86701039         14.185307           12.684702      0.73205057     -0.27902731       5.6245903        5.6245903       50.134552              50.134552
              2       29.136859      0.89958235       0.8423922         14.186502           12.710832      0.70660551     -0.26315558       5.6245903        5.6245903       47.024537              47.024537
              2        29.01447      0.89958235      0.81388215         14.178938           12.707852      0.70824774     -0.27494504       5.6245903        5.6245903        46.77976               46.77976
              4       30.297903      0.89958235      0.80931328         14.186359            12.71088      0.68970187     -0.26738404       5.6245903        5.6245903       49.346626              49.346626
              2       28.070177      0.89958235      0.80619012         14.205692           12.708826      0.69609816     -0.27912621       5.6245903        5.6245903       44.891173              44.891173
              1       28.095006      0.89958235        0.806583         14.205111           12.709224      0.69517579     -0.27522996       5.6245903        5.6245903       44.940831              44.940831
              1       27.892971      0.89958235      0.80814879         14.204581           12.705681      0.69288912     -0.27641949       5.6245903        5.6245903       44.536761              44.536761
              1       29.843323      0.92331186      0.80814879         14.204581           12.705681      0.69288912     -0.27641949       5.6245903        5.6245903       48.437466              48.437466
              1       30.367782      0.92331186      0.80876044         14.207028           12.704999      0.69322444     -0.27442598       5.6245903        5.6245903       49.486383              49.486383
              2       29.049009      0.92331186      0.78857073         14.212915           12.710148      0.68143079     -0.28215493       5.6245903        5.6245903       46.848838              46.848838
              2       29.180949      0.92331186      0.80083369         14.219621           12.714507      0.67011815     -0.29592337       5.6245903        5.6245903       47.112717              47.112717
              1       29.470896      0.92331186      0.80464101         14.222593           12.718937      0.67204734     -0.28747344       5.6245903        5.6245903       47.692612              47.692612
              6       29.901442      0.92331186      0.80143795         14.220294           12.720467      0.66915564     -0.28336378       5.6245903        5.6245903       48.553704              48.553704
              1       30.185759      0.93686461      0.80143795         14.220294           12.720467      0.66915564     -0.28336378       5.6245903        5.6245903       49.122338              49.122338
              3       31.712005      0.93686461      0.81013357         14.212206           12.723566      0.66853546     -0.28553034       5.6245903        5.6245903       52.174829              52.174829
              1       32.259287      0.93686461      0.80847665         14.210671           12.724821       0.6686639     -0.28479886       5.6245903        5.6245903       53.269394              53.269394
              2       32.545621      0.93686461      0.81130128         14.209742           12.724602      0.66653078      -0.2831927       5.6245903        5.6245903       53.842061              53.842061
              1       32.354671      0.93686461      0.81122003         14.204764           12.719997      0.66712063     -0.29395648       5.6245903        5.6245903       53.460161              53.460161
              1       31.807368      0.93686461       0.8224672         14.195162           12.718613       0.6837816     -0.27065913       5.6245903        5.6245903       52.365555              52.365555
              2       31.216014      0.92526334       0.8224672         14.195162           12.718613       0.6837816     -0.27065913       5.6245903        5.6245903       51.182848              51.182848
              2       29.710048      0.92526334      0.81702213          14.20071           12.714535      0.68825601      -0.2726526       5.6245903        5.6245903       48.170915              48.170915
              2       30.002276      0.92526334      0.80343761         14.198551           12.716681      0.68893091     -0.27107466       5.6245903        5.6245903       48.755371              48.755371
              1       31.143706      0.89448498      0.80343761         14.198551           12.716681      0.68893091     -0.27107466       5.6245903        5.6245903       51.038232              51.038232
              2       31.091962      0.89448498      0.80263626         14.198402           12.716589      0.68894426     -0.27087809       5.6245903        5.6245903       50.934743              50.934743
              1       29.546103      0.89448498      0.79094579         14.211596            12.71885      0.69252877       -0.275284       5.6245903        5.6245903       47.843026              47.843026
              6       28.489263      0.89448498      0.79405364         14.210955           12.715988      0.70023566     -0.27200766       5.6245903        5.6245903       45.729346              45.729346
              2       28.782325      0.89448498       0.7971947         14.209636            12.71683      0.69913463     -0.27308686       5.6245903        5.6245903        46.31547               46.31547
              2       29.344185      0.89448498      0.79790899         14.210006           12.720144      0.70108073     -0.27487464       5.6245903        5.6245903        47.43919               47.43919
              2       28.623816      0.89448498      0.77540034         14.222959           12.718689      0.70290556     -0.27598909       5.6245903        5.6245903       45.998452              45.998452
              1       29.287605      0.89448498      0.77870227         14.221391            12.70976      0.71507447     -0.28919679       5.6245903        5.6245903        47.32603               47.32603
              1       30.914767      0.89448498       0.7804233         14.221197            12.70254      0.71653222     -0.28903036       5.6245903        5.6245903       50.580354              50.580354
              2       30.418838      0.89448498       0.7704993         14.218498           12.699721      0.70499676     -0.28409651       5.6245903        5.6245903       49.588496              49.588496
              2       30.126617      0.89448498      0.77191931         14.218715           12.699631      0.70426582     -0.28780892       5.6245903        5.6245903       49.004053              49.004053
              1       30.211935      0.89448498      0.77027352         14.218982           12.699567       0.7044937     -0.28854954       5.6245903        5.6245903       49.174689              49.174689
              1       30.410307      0.89448498      0.76961477         14.220087           12.702987      0.70683133     -0.27965953       5.6245903        5.6245903       49.571433              49.571433
              2        29.07597      0.89448498      0.77710378         14.219682           12.707786      0.71231152     -0.29205019       5.6245903        5.6245903       46.902759              46.902759
              1       28.939616      0.89448498      0.77512352         14.218928           12.708266      0.71225563     -0.29250277       5.6245903        5.6245903       46.630052              46.630052
              1       28.292032      0.89448498      0.78212193         14.216088           12.711004      0.70831283     -0.29063553       5.6245903        5.6245903       45.334884              45.334884
              1       28.612452      0.89448498      0.79206051         14.201189           12.701805      0.71844874     -0.27899663       5.6245903        5.6245903       45.975723              45.975723
              1       29.278029      0.89448498      0.75691665         14.212708           12.702007      0.70355098     -0.28363947       5.6245903        5.6245903       47.306878              47.306878
              4       29.034517      0.89448498      0.74880824         14.219867           12.716832      0.71380394     -0.28023115       5.6245903        5.6245903       46.819853              46.819853
              1       28.711664      0.89448498       0.7075032         14.195486           12.719038        0.717362     -0.25483712       5.6245903        5.6245903       46.174147              46.174147
              1        27.66862      0.89448498      0.68756329         14.183561           12.702329      0.70098956     -0.27439818       5.6245903        5.6245903       44.088059              44.088059
              4       28.061329      0.89448498      0.71478205         14.169837           12.706028      0.68719463     -0.23513321       5.6245903        5.6245903       44.873477              44.873477
