#        weight    minuslogpost          sigma8        ygk_Ahmc ygk_LOWZ__0_lM1_0 ygk_LOWZ__0_lMmin_0   ygk_mass_bias       ygk_rhogy   minuslogprior minuslogprior__0            chi2 chi2__ygk_like.ygkLike
              1       15.843413      0.77927624       1.4899668         13.107945           11.902573      0.49935232     -0.20446535       4.7409248        4.7409248       22.204977              22.204977
              2       16.175506      0.77927624       1.4878161         13.105925           11.906243      0.50227039     -0.20463981       4.7409248        4.7409248       22.869163              22.869163
              1       15.828432      0.77927624       1.4885384         13.107492           11.900768      0.50093738      -0.2087494       4.7409248        4.7409248       22.175015              22.175015
              1       15.710512      0.77467169       1.4885384         13.107492           11.900768      0.50093738      -0.2087494       4.7409248        4.7409248       21.939174              21.939174
              1       15.687395      0.77467169       1.4870756          13.10742           11.901819      0.50073631     -0.21036948       4.7409248        4.7409248        21.89294               21.89294
              1       15.677409      0.77467169       1.4757103         13.101821           11.894988      0.49518643     -0.20360039       4.7409248        4.7409248       21.872968              21.872968
              1         15.6727      0.77467169       1.4758037         13.111973           11.898324      0.48428397     -0.20062095       4.7409248        4.7409248        21.86355               21.86355
              1       15.716139      0.77467169       1.4753182         13.112725            11.89815      0.48498343     -0.20041541       4.7409248        4.7409248       21.950428              21.950428
              1       15.680367      0.77467169       1.4806069         13.110696           11.900148      0.48251245      -0.1954182       4.7409248        4.7409248       21.878885              21.878885
              2        16.16842      0.77467169       1.4798742         13.108002           11.904118      0.48401852     -0.19657912       4.7409248        4.7409248       22.854991              22.854991
              1       15.707991      0.77467169       1.4949485         13.109726           11.901935      0.49223692     -0.20689645       4.7409248        4.7409248       21.934132              21.934132
              1       15.744817      0.77467169       1.4947017         13.117853           11.906589      0.49782633     -0.20243176       4.7409248        4.7409248       22.007784              22.007784
              1        15.89138      0.76718454       1.4947017         13.117853           11.906589      0.49782633     -0.20243176       4.7409248        4.7409248       22.300911              22.300911
              3       17.377504      0.76718454       1.4981681         13.116965           11.907579      0.51763515     -0.20091052       4.7409248        4.7409248       25.273158              25.273158
              2       16.527849      0.76718454       1.4959933         13.126277           11.920249      0.51736185     -0.19519671       4.7409248        4.7409248       23.573848              23.573848
              1       15.903207      0.76718454       1.4954812         13.121163           11.922439      0.51686224     -0.19193472       4.7409248        4.7409248       22.324564              22.324564
              1       15.949395      0.76718454        1.496246         13.125264           11.926159      0.51923634     -0.19417293       4.7409248        4.7409248        22.41694               22.41694
              1       15.885836      0.76718454       1.4954455          13.13042           11.924458      0.51113624     -0.19641787       4.7409248        4.7409248       22.289822              22.289822
              2       15.714947      0.76718454       1.5069948         13.132738           11.928308      0.50764421     -0.18552934       4.7409248        4.7409248       21.948044              21.948044
              2       16.109222      0.75242354       1.5069948         13.132738           11.928308      0.50764421     -0.18552934       4.7409248        4.7409248       22.736594              22.736594
              2        16.19121      0.75242354       1.5103336         13.130301           11.927759      0.51487751     -0.18548235       4.7409248        4.7409248       22.900571              22.900571
              2       15.913572      0.75242354       1.5143234         13.124854           11.924765      0.51112355     -0.20855089       4.7409248        4.7409248       22.345293              22.345293
              1       16.361694      0.75242354        1.522291         13.131615           11.922172      0.50952447      -0.2081722       4.7409248        4.7409248       23.241538              23.241538
              1       17.921347       0.7381176        1.522291         13.131615           11.922172      0.50952447      -0.2081722       4.7409248        4.7409248       26.360845              26.360845
              2       18.236976       0.7381176        1.521935         13.128945           11.918586      0.50864685     -0.20543832       4.7409248        4.7409248       26.992102              26.992102
              1       18.976761       0.7381176       1.5222808         13.129366           11.918389      0.51660183      -0.2026878       4.7409248        4.7409248       28.471673              28.471673
              2         17.6666       0.7381176       1.5298427         13.129391            11.92306       0.5141888     -0.19632738       4.7409248        4.7409248        25.85135               25.85135
              4       15.901442      0.76152101       1.5298427         13.129391            11.92306       0.5141888     -0.19632738       4.7409248        4.7409248       22.321035              22.321035
              2       15.819272      0.76152101       1.5280808         13.129239           11.925542      0.51817653     -0.19982238       4.7409248        4.7409248       22.156695              22.156695
              3       15.908959      0.76152101       1.5117855         13.124031           11.927168      0.50920379     -0.20046538       4.7409248        4.7409248       22.336068              22.336068
              1       15.691428      0.76152101       1.5158971         13.134705           11.928976      0.50884314     -0.20171537       4.7409248        4.7409248       21.901006              21.901006
              2       15.714585      0.76152101       1.5157672         13.134813           11.928189       0.5090683     -0.20241651       4.7409248        4.7409248        21.94732               21.94732
              1       15.694639      0.76152101       1.5170183         13.133229           11.933898      0.51845891     -0.20628271       4.7409248        4.7409248       21.907429              21.907429
              1       16.027376      0.76152101       1.5242127         13.124495           11.933748      0.52792107     -0.21143946       4.7409248        4.7409248       22.572902              22.572902
              1       15.784983      0.76152101       1.5163412         13.125395           11.931359      0.53056935     -0.21901625       4.7409248        4.7409248       22.088116              22.088116
