#        weight    minuslogpost          sigma8        ygk_Ahmc ygk_LOWZ__0_lM1_0 ygk_LOWZ__0_lMmin_0   ygk_mass_bias       ygk_rhogy   minuslogprior minuslogprior__0            chi2 chi2__ygk_like.ygkLike
              2       16.323985      0.76396647       1.4678894         13.146808           11.930001      0.49136782     -0.18306345       4.7409248        4.7409248        23.16612               23.16612
              2       16.450419      0.76396647       1.4706873         13.142107           11.925396      0.49346898     -0.18731371       4.7409248        4.7409248       23.418988              23.418988
              1       16.919495      0.75837079       1.4706873         13.142107           11.925396      0.49346898     -0.18731371       4.7409248        4.7409248       24.357141              24.357141
              4       17.052958      0.75837079       1.4763669          13.14196           11.924216      0.49504392     -0.19081609       4.7409248        4.7409248       24.624067              24.624067
              5       15.992162      0.75837079       1.4862824          13.12763           11.920109      0.49940996     -0.19920987       4.7409248        4.7409248       22.502474              22.502474
              1       16.080104      0.75837079       1.4786396         13.115661           11.915448      0.49039689     -0.19021249       4.7409248        4.7409248       22.678358              22.678358
              2       16.296181      0.75837079       1.4802947         13.122017           11.911995      0.48952398     -0.18172271       4.7409248        4.7409248       23.110513              23.110513
              2       16.222693      0.75837079        1.479608         13.120648           11.911165      0.48203763     -0.18167199       4.7409248        4.7409248       22.963536              22.963536
              1       16.716703      0.75837079       1.4793032          13.12915           11.925055      0.47896418     -0.18264457       4.7409248        4.7409248       23.951557              23.951557
              1       16.844377      0.75837079        1.478486          13.12819           11.925748      0.47914578     -0.18146653       4.7409248        4.7409248       24.206904              24.206904
              3        17.24124      0.77446295        1.478486          13.12819           11.925748      0.47914578     -0.18146653       4.7409248        4.7409248       25.000631              25.000631
              1       16.052961      0.77446295       1.4609935         13.114823           11.909933      0.47934144     -0.18492815       4.7409248        4.7409248       22.624072              22.624072
              2        16.38337      0.77446295       1.4568034         13.117926           11.912415      0.47561884     -0.18728509       4.7409248        4.7409248       23.284891              23.284891
              1       16.191506      0.77446295       1.4463341         13.101496           11.898443      0.47130556      -0.1773364       4.7409248        4.7409248       22.901163              22.901163
              1       16.691902      0.77446295        1.446435         13.098848           11.898202      0.47099408      -0.1820781       4.7409248        4.7409248       23.901954              23.901954
              2       16.347027      0.77446295         1.44632         13.099252           11.897262      0.47218249     -0.18233662       4.7409248        4.7409248       23.212204              23.212204
              4       16.602375      0.77446295       1.4314137         13.102325            11.90271      0.47348262     -0.18473295       4.7409248        4.7409248         23.7229                23.7229
              1       16.852797      0.77446295       1.4362318         13.094792           11.900049      0.47917701      -0.1877445       4.7409248        4.7409248       24.223744              24.223744
              1        16.59997      0.77446295       1.4370396         13.095035           11.899081      0.47897535     -0.18658463       4.7409248        4.7409248       23.718091              23.718091
              4       16.813912      0.77446295       1.4398066         13.095758           11.896994      0.47415135     -0.19124351       4.7409248        4.7409248       24.145975              24.145975
              3       15.856951      0.77446295       1.4471352         13.095365           11.895437      0.48291993     -0.18722716       4.7409248        4.7409248       22.232052              22.232052
              1       15.936455      0.77446295       1.4505225         13.105467           11.891772      0.48340614     -0.19490231       4.7409248        4.7409248        22.39106               22.39106
              1       17.375262      0.75773401       1.4505225         13.105467           11.891772      0.48340614     -0.19490231       4.7409248        4.7409248       25.268674              25.268674
              1       17.042483      0.75773401       1.4489633         13.103843           11.891941      0.48139144     -0.19406858       4.7409248        4.7409248       24.603117              24.603117
              3       17.185285      0.75773401       1.4401465         13.098034           11.889865      0.49144152     -0.19716734       4.7409248        4.7409248       24.888721              24.888721
