#        weight    minuslogpost          sigma8        ygk_Ahmc ygk_LOWZ__3_lM1_0 ygk_LOWZ__3_lMmin_0   ygk_mass_bias       ygk_rhogy   minuslogprior minuslogprior__0            chi2 chi2__ygk_like.ygkLike
              6       320.68356      0.84814567       1.0411399         13.379093           11.956681      0.74366641     -0.52415997       5.6245903        5.6245903       630.11794              630.11794
              2       318.93842      0.84814567       1.0399608         13.378376           11.956825      0.74366061     -0.52409492       5.6245903        5.6245903       626.62766              626.62766
              5       289.13177      0.84814567       1.0411642         13.369838            11.96154      0.74252141     -0.51607696       5.6245903        5.6245903       567.01437              567.01437
              5       277.65098      0.84814567       1.0570459         13.360371           11.954539      0.74949195     -0.53835804       5.6245903        5.6245903       544.05277              544.05277
              2       274.13134      0.84814567       1.0292251         13.370994           11.962331       0.7449815      -0.5424611       5.6245903        5.6245903       537.01349              537.01349
              2       265.10752      0.84814567      0.99464344         13.360141           11.965147      0.73310902     -0.50557223       5.6245903        5.6245903       518.96587              518.96587
              4       260.07293      0.84814567       0.9863526         13.364442           11.962224      0.72260815     -0.52090827       5.6245903        5.6245903       508.89668              508.89668
              2       246.43302      0.84814567      0.99303158         13.364357           11.969835      0.72727489      -0.5121898       5.6245903        5.6245903       481.61686              481.61686
              1       232.91185      0.84814567      0.99484001         13.366809           11.972904      0.72698923     -0.52358303       5.6245903        5.6245903       454.57451              454.57451
              1       229.87401      0.84814567      0.97258828         13.369348           11.977842      0.72499498     -0.51940943       5.6245903        5.6245903       448.49884              448.49884
              1       131.96753      0.84814567      0.97705326         13.344449           11.989594      0.70668492     -0.52563197       5.6245903        5.6245903       252.68588              252.68588
              1       126.22672      0.84814567      0.95214672         13.325311           11.986919      0.73166666     -0.55144433       5.6245903        5.6245903       241.20426              241.20426
              2       123.45096      0.84814567      0.95890307         13.303496           11.968678      0.71572054     -0.53700219       5.6245903        5.6245903       235.65275              235.65275
              1       115.91632      0.84814567      0.95509796         13.300256           11.975852      0.71460349     -0.52348624       5.6245903        5.6245903       220.58347              220.58347
              3       111.80145      0.84814567      0.95843941         13.300285           11.976874      0.71338716     -0.52508874       5.6245903        5.6245903       212.35372              212.35372
              2        103.6021      0.84814567      0.94690234         13.290378           11.974568      0.71469664     -0.53433225       5.6245903        5.6245903       195.95501              195.95501
              1       89.604552      0.84814567      0.95564977         13.288815            11.96319      0.68356125     -0.54483656       5.6245903        5.6245903       167.95992              167.95992
              2        81.66813      0.84814567      0.96920236         13.296793           11.967172      0.68713308     -0.59790451       5.6245903        5.6245903       152.08708              152.08708
              2       61.725977      0.84814567       1.0019089         13.284388            11.97588      0.68658766     -0.59454514       5.6245903        5.6245903       112.20277              112.20277
              2       60.499189      0.84814567       1.0009019         13.280329           11.975282      0.67738012     -0.58937457       5.6245903        5.6245903        109.7492               109.7492
              2       59.662286      0.84814567        1.020331         13.281169           11.975212      0.67624847     -0.59104739       5.6245903        5.6245903       108.07539              108.07539
              3        60.78925      0.84814567       1.0206021         13.279294           11.984853      0.67616148     -0.59303996       5.6245903        5.6245903       110.32932              110.32932
              2       62.114565      0.84814567       1.0066376         13.275986           11.985276      0.67274101     -0.58924221       5.6245903        5.6245903       112.97995              112.97995
              1       62.269956      0.84814567      0.99790627         13.279659           11.987301      0.67584338     -0.59827643       5.6245903        5.6245903       113.29073              113.29073
              1       62.717882      0.84814567      0.99814201         13.278727           11.987143      0.67603447     -0.59989849       5.6245903        5.6245903       114.18658              114.18658
              2       62.866427      0.84814567       1.0117263         13.277577           11.987995      0.67363754      -0.5882715       5.6245903        5.6245903       114.48367              114.48367
              1       63.349557      0.84814567       1.0399253         13.278518           11.980458      0.67387318     -0.61844236       5.6245903        5.6245903       115.44993              115.44993
              3       60.072729      0.84814567       1.0441279         13.278154           11.978972      0.68646044     -0.61268162       5.6245903        5.6245903       108.89628              108.89628
              4       60.133907      0.84814567       1.0472444          13.27528           11.977461       0.6937294     -0.61381082       5.6245903        5.6245903       109.01863              109.01863
              4       60.230208      0.84814567       1.0381716         13.271662           11.972406       0.6920248     -0.61885713       5.6245903        5.6245903       109.21124              109.21124
              2        60.60813      0.84814567       1.0352235         13.270927           11.968395      0.69158196     -0.62269149       5.6245903        5.6245903       109.96708              109.96708
              3       62.276979      0.84814567      0.99781981         13.277327           11.971235      0.69260907     -0.61120302       5.6245903        5.6245903       113.30478              113.30478
              5       62.040619      0.84814567       1.0086596         13.268022           11.975799      0.70033575     -0.60339487       5.6245903        5.6245903       112.83206              112.83206
              1       61.698702      0.84814567       1.0088739         13.266091           11.973346       0.7001552     -0.60873558       5.6245903        5.6245903       112.14822              112.14822
