#        weight    minuslogpost          sigma8        ygk_Ahmc ygk_LOWZ__3_lM1_0 ygk_LOWZ__3_lMmin_0   ygk_mass_bias       ygk_rhogy   minuslogprior minuslogprior__0            chi2 chi2__ygk_like.ygkLike
              1       101.14367      0.80330914       1.0347103         13.430843           12.079725      0.79232648     -0.53292361       5.6245903        5.6245903       191.03815              191.03815
              1       88.133042      0.80330914       1.0437049         13.436303           12.088427       0.7951692     -0.54845341       5.6245903        5.6245903        165.0169               165.0169
              2       87.387639      0.80330914       1.0442654         13.430888           12.081354      0.78728742     -0.57736882       5.6245903        5.6245903        163.5261               163.5261
              1       66.760336      0.80330914       1.0351538         13.423349           12.092311      0.77964552     -0.57428668       5.6245903        5.6245903       122.27149              122.27149
              1       66.589716      0.80330914       1.0280767         13.423907           12.093643      0.77931134     -0.57241194       5.6245903        5.6245903       121.93025              121.93025
              2       65.594821      0.80578719       1.0280767         13.423907           12.093643      0.77931134     -0.57241194       5.6245903        5.6245903       119.94046              119.94046
              1       64.318049      0.80578719       1.0328223         13.430754           12.099053       0.7783546     -0.57870843       5.6245903        5.6245903       117.38692              117.38692
              1        64.36749      0.80578719       1.0370759         13.429367           12.097977      0.75769345     -0.57267362       5.6245903        5.6245903        117.4858               117.4858
              4       57.269605      0.80578719       1.0459449          13.42405           12.107227      0.75908404     -0.55816954       5.6245903        5.6245903       103.29003              103.29003
              1       61.455308      0.80578719       1.0736646         13.429162           12.100791      0.75573875     -0.58334277       5.6245903        5.6245903       111.66144              111.66144
              2       57.732616      0.80578719       1.0849207         13.433009           12.110733      0.77037136     -0.58576827       5.6245903        5.6245903       104.21605              104.21605
              1       58.159251      0.80578719       1.0791637         13.428704           12.114853      0.77779458     -0.58678872       5.6245903        5.6245903       105.06932              105.06932
              2       56.962804      0.80578719       1.0705269         13.429536           12.111637      0.77864049     -0.57942807       5.6245903        5.6245903       102.67643              102.67643
              5       57.489767      0.80578719       1.0713918         13.429159           12.116215      0.77639973     -0.56921179       5.6245903        5.6245903       103.73035              103.73035
              3       57.979093      0.80578719       1.0697788         13.428667           12.115802      0.78360271     -0.56159176       5.6245903        5.6245903       104.70901              104.70901
              2       57.883945      0.80578719       1.0759796         13.434871           12.110115      0.78877892     -0.57948165       5.6245903        5.6245903       104.51871              104.51871
              3       57.431786      0.80578719       1.0776107         13.440753           12.118463       0.7886057     -0.58664349       5.6245903        5.6245903       103.61439              103.61439
              4       57.870395      0.80578719       1.0841934         13.444549           12.117572      0.79026481     -0.57698844       5.6245903        5.6245903       104.49161              104.49161
              1       58.835643      0.80578719       1.0607515         13.450639           12.131441      0.79043839     -0.58521424       5.6245903        5.6245903       106.42211              106.42211
              4        58.40908      0.80578719       1.0588881         13.451727           12.129493      0.78802441     -0.59002708       5.6245903        5.6245903       105.56898              105.56898
              2       58.248277      0.80578719       1.0542663         13.453031           12.129536      0.78229746     -0.58562054       5.6245903        5.6245903       105.24737              105.24737
              1       58.500253      0.80578719       1.0489581         13.454207           12.132188      0.78384447     -0.58464108       5.6245903        5.6245903       105.75132              105.75132
              2       59.288976      0.80578719       1.0558662         13.464975           12.130157      0.78498673     -0.58412716       5.6245903        5.6245903       107.32877              107.32877
              8       59.157919      0.80578719       1.0552504         13.463658           12.129579      0.78496013     -0.58292051       5.6245903        5.6245903       107.06666              107.06666
              2       58.824157      0.80578719       1.0576792         13.456533           12.127068      0.77610679     -0.54650012       5.6245903        5.6245903       106.39913              106.39913
              1       58.137786      0.80578719       1.0569727         13.452712           12.123468      0.77231615     -0.55412164       5.6245903        5.6245903       105.02639              105.02639
              4       57.908215      0.80578719       1.0568448         13.452612            12.12419      0.77188372     -0.55441286       5.6245903        5.6245903       104.56725              104.56725
             10         57.1763      0.80578719       1.0617003         13.447916           12.122706      0.76446518     -0.55352156       5.6245903        5.6245903       103.10342              103.10342
              3       57.940504      0.80578719       1.0771525         13.452924           12.120485      0.76124752     -0.54780837       5.6245903        5.6245903       104.63183              104.63183
              2       57.609267      0.80578719       1.0813789         13.450727           12.119291       0.7621145     -0.55143808       5.6245903        5.6245903       103.96935              103.96935
              5       57.392589      0.80578719       1.0766108         13.454808           12.124389       0.7663309     -0.55755488       5.6245903        5.6245903         103.536                103.536
              3       57.048283      0.80578719       1.0790062         13.449272           12.122219      0.77214589     -0.56539919       5.6245903        5.6245903       102.84738              102.84738
              2       56.965003      0.80578719       1.0959751         13.436669           12.113874       0.7716228      -0.5789343       5.6245903        5.6245903       102.68083              102.68083
              3       57.107622      0.80578719         1.09222         13.436659           12.112768      0.77245512     -0.58100421       5.6245903        5.6245903       102.96606              102.96606
              1        56.98785      0.80578719       1.0966654          13.43928           12.114271      0.77067665     -0.57743617       5.6245903        5.6245903       102.72652              102.72652
              9       57.611696      0.80578719       1.0769275         13.443289           12.120857      0.76987419     -0.57732185       5.6245903        5.6245903       103.97421              103.97421
              1       57.619519      0.80578719       1.0762637         13.443258           12.121107      0.76977078     -0.57687341       5.6245903        5.6245903       103.98986              103.98986
              2       60.965622      0.80578719        1.083495         13.444922           12.132253      0.77787103     -0.54886628       5.6245903        5.6245903       110.68206              110.68206
              3       59.790124      0.80578719       1.0816296         13.446349           12.131305      0.77347073     -0.54212378       5.6245903        5.6245903       108.33107              108.33107
