#        weight    minuslogpost          sigma8        ygk_Ahmc ygk_LOWZ__0_lM1_0 ygk_LOWZ__0_lMmin_0  ygk_LOWZ__0_wz   ygk_mass_bias       ygk_rhogy   minuslogprior minuslogprior__0            chi2 chi2__ygk_like.ygkLike
              2       26.141667      0.84373949       1.0152031         13.929793           12.473224       0.9805569      0.76748132     -0.49807508       4.7082995        4.7082995       42.866735              42.866735
              2       26.565424      0.84373949       1.0073809         13.924278           12.467631      0.98552126      0.77013631       -0.508188       4.7082995        4.7082995       43.714249              43.714249
              1       26.388293      0.84708973       1.0073809         13.924278           12.467631      0.98552126      0.77013631       -0.508188       4.7082995        4.7082995       43.359987              43.359987
              1       26.309509      0.84708973       1.0131842          13.91911           12.465445      0.98471652      0.77398272     -0.50240569       4.7082995        4.7082995        43.20242               43.20242
              1        24.29711      0.84708973       1.0021679         13.913216           12.468526      0.98434603      0.76949347     -0.49710499       4.7082995        4.7082995       39.177621              39.177621
              1        24.30636      0.84708973      0.99492021          13.91739            12.47504      0.98669441      0.77738848      -0.4779005       4.7082995        4.7082995        39.19612               39.19612
              1       24.624749      0.84708973      0.99307962          13.91761           12.474541      0.98645561       0.7779099     -0.47823765       4.7082995        4.7082995       39.832898              39.832898
              1       25.290089      0.84708973       0.9941007         13.918654           12.473224      0.98660223      0.77693335       -0.477448       4.7082995        4.7082995       41.163578              41.163578
              1       27.450195      0.81032763       0.9941007         13.918654           12.473224      0.98660223      0.77693335       -0.477448       4.7082995        4.7082995        45.48379               45.48379
              2       26.571541      0.81032763      0.99515415         13.923866           12.479336      0.98857676      0.77537903     -0.48242963       4.7082995        4.7082995       43.726483              43.726483
              2       26.841897      0.81032763      0.99178911         13.927675           12.481648      0.98714144      0.77635551     -0.47129551       4.7082995        4.7082995       44.267195              44.267195
              2       26.880249      0.81032763      0.99140493         13.927606           12.481532      0.98732972      0.77663165     -0.47071126       4.7082995        4.7082995       44.343899              44.343899
              1        25.87141      0.81032763      0.98761519         13.918552           12.479908      0.98337613      0.77920823     -0.47409113       4.7082995        4.7082995       42.326221              42.326221
              2       24.003832      0.87455289      0.98761519         13.918552           12.479908      0.98337613      0.77920823     -0.47409113       4.7082995        4.7082995       38.591064              38.591064
              1       23.022624      0.87455289       0.9729515          13.91922           12.487295      0.98317374      0.78205567     -0.46440579       4.7082995        4.7082995       36.628648              36.628648
              2       23.417791      0.87455289      0.97702165         13.919471           12.487402      0.98302075      0.78410695     -0.46113072       4.7082995        4.7082995       37.418983              37.418983
              1       23.855889       0.8794203      0.97702165         13.919471           12.487402      0.98302075      0.78410695     -0.46113072       4.7082995        4.7082995       38.295179              38.295179
              1       21.442771       0.8794203      0.98062697         13.917059           12.492103      0.98284497      0.78296597     -0.46083263       4.7082995        4.7082995       33.468943              33.468943
              1       21.526285       0.8794203       0.9869961          13.91674           12.491384      0.98349314      0.78505642     -0.46127967       4.7082995        4.7082995       33.635971              33.635971
              1       21.218789       0.8794203      0.98778025         13.917236           12.491253      0.98395076      0.78341401     -0.46481493       4.7082995        4.7082995       33.020978              33.020978
              1       20.021084       0.8794203      0.97289311         13.905931           12.489692      0.98743352      0.78562249      -0.4670735       4.7082995        4.7082995        30.62557               30.62557
