#        weight    minuslogpost          sigma8        ygk_Ahmc ygk_LOWZ__0_lM1_0 ygk_LOWZ__0_lMmin_0  ygk_LOWZ__0_wz   ygk_mass_bias       ygk_rhogy   minuslogprior minuslogprior__0            chi2 chi2__ygk_like.ygkLike
              1         70.3702      0.69421583       1.0276249         14.151765           12.524326       1.0004647      0.74750527     -0.50957446       4.7082995        4.7082995        131.3238               131.3238
              3       69.673288      0.69421583       1.0308544         14.145355           12.521628       1.0002302      0.75067852     -0.52017876       4.7082995        4.7082995       129.92998              129.92998
              1       67.968711      0.69421583        1.034249         14.143663           12.524734      0.99919525      0.75749663     -0.50948442       4.7082995        4.7082995       126.52082              126.52082
              2       68.147031      0.69421583       1.0341413         14.143724           12.524452      0.99908045      0.75748369     -0.50932841       4.7082995        4.7082995       126.87746              126.87746
              1       65.438169      0.69421583       1.0349153         14.132036           12.524197      0.99927449      0.74800422     -0.49202863       4.7082995        4.7082995       121.45974              121.45974
              2         65.5389      0.69421583       1.0457348         14.134616           12.524135       1.0002618      0.74943306     -0.48871759       4.7082995        4.7082995        121.6612               121.6612
              3       66.998977      0.69421583       1.0556324         14.134047             12.5217      0.99298437      0.76392143       -0.490229       4.7082995        4.7082995       124.58135              124.58135
              1       56.903024      0.69421583       1.0705979         14.120643           12.536294      0.99438531      0.76711681     -0.51223644       4.7082995        4.7082995       104.38945              104.38945
              3       57.486402      0.69421583       1.0857896         14.113658           12.528748      0.99277702       0.7579156     -0.51280676       4.7082995        4.7082995        105.5562               105.5562
              1       55.138195      0.69421583       1.1049561          14.10742           12.531725      0.99388652      0.75893403      -0.5292362       4.7082995        4.7082995       100.85979              100.85979
              1       56.076255      0.69421583       1.0983614         14.111535           12.530423      0.99282935      0.76911272     -0.54338374       4.7082995        4.7082995       102.73591              102.73591
              1       55.584345      0.69421583       1.1143791         14.113415           12.531424      0.98887199      0.77220407     -0.53274213       4.7082995        4.7082995       101.75209              101.75209
              1       54.870774      0.69421583       1.1104475         14.108154           12.531105       0.9884077       0.7743682     -0.52981721       4.7082995        4.7082995       100.32495              100.32495
              1       54.630914      0.69421583       1.1197211         14.110632           12.532455      0.99359865      0.78517988     -0.51033786       4.7082995        4.7082995       99.845229              99.845229
              4       54.526326      0.69421583       1.1204232         14.107979           12.531019      0.99440654      0.78852313     -0.52035111       4.7082995        4.7082995       99.636054              99.636054
              1       54.561229      0.69421583       1.1318611         14.106207           12.528687      0.99526211      0.78708965     -0.51652204       4.7082995        4.7082995       99.705859              99.705859
              1       54.384534      0.69421583       1.1355924         14.109087           12.530553      0.99572885       0.7929859     -0.51156603       4.7082995        4.7082995       99.352469              99.352469
              1       55.946315      0.69421583       1.1426065         14.112343           12.526133      0.99243552      0.79440154     -0.51674069       4.7082995        4.7082995       102.47603              102.47603
              1       53.919949      0.69421583       1.1250705         14.103159           12.529318      0.98576244      0.79734549     -0.50317048       4.7082995        4.7082995       98.423299              98.423299
              1       50.389383      0.73374004       1.1250705         14.103159           12.529318      0.98576244      0.79734549     -0.50317048       4.7082995        4.7082995       91.362168              91.362168
              1       48.800413      0.73374004        1.116677         14.097835           12.530679        0.987528      0.79214303     -0.50348825       4.7082995        4.7082995       88.184226              88.184226
