#        weight    minuslogpost          sigma8        ygk_Ahmc ygk_LOWZ__3_lM1_0 ygk_LOWZ__3_lMmin_0  ygk_LOWZ__3_wz   ygk_mass_bias       ygk_rhogy   minuslogprior minuslogprior__0            chi2 chi2__ygk_like.ygkLike
              2       52.963113       0.8033225       1.2429649         13.270652           11.969624       1.0340261      0.75192592     -0.55167144       4.7082995        4.7082995       96.509627              96.509627
              7        54.17816       0.8033225       1.2403769          13.27194           11.967565       1.0334754      0.74932199     -0.54857141       4.7082995        4.7082995       98.939722              98.939722
              3        53.50333       0.8033225       1.2321008         13.276074           11.971604       1.0329987      0.75866298     -0.54432647       4.7082995        4.7082995        97.59006               97.59006
              1        52.13888       0.8033225       1.2274323         13.273723           11.974715       1.0316302      0.76029736     -0.54868607       4.7082995        4.7082995       94.861161              94.861161
              2       53.876526       0.8033225       1.2360533         13.269468           11.967917        1.028389       0.7558931     -0.55576786       4.7082995        4.7082995       98.336454              98.336454
              1       53.326313      0.81498186       1.2360533         13.269468           11.967917        1.028389       0.7558931     -0.55576786       4.7082995        4.7082995       97.236027              97.236027
              4       52.802596      0.81498186       1.2347341         13.269768            11.97156       1.0262179      0.74868663     -0.55035891       4.7082995        4.7082995       96.188593              96.188593
              1       52.616916      0.81498186       1.2376581         13.271812           11.971624       1.0266199      0.75036895     -0.55467998       4.7082995        4.7082995       95.817233              95.817233
              4       52.776989      0.81498186       1.2383971         13.267345           11.965598       1.0290037      0.75171512     -0.55447148       4.7082995        4.7082995       96.137378              96.137378
              1        52.64486      0.81498186       1.2356137         13.269144           11.965739       1.0293234      0.75071849     -0.55614107       4.7082995        4.7082995       95.873121              95.873121
              3       52.726823      0.81498186         1.23759         13.269859           11.966086        1.030439      0.75407096     -0.55930163       4.7082995        4.7082995       96.037048              96.037048
              1       51.919219      0.81498186       1.2402465         13.267372           11.965707       1.0300255      0.74937781     -0.56413532       4.7082995        4.7082995       94.421839              94.421839
              1        51.93104      0.81498186       1.2401993         13.267096           11.964631       1.0303798      0.74910208     -0.56385645       4.7082995        4.7082995       94.445481              94.445481
              4        51.96353      0.81498186       1.2465308         13.274065            11.97086       1.0329715      0.74225132     -0.55918537       4.7082995        4.7082995        94.51046               94.51046
              1       52.953188      0.81498186       1.2502424         13.277992           11.965355       1.0321003      0.74038352     -0.56544743       4.7082995        4.7082995       96.489777              96.489777
              1       52.488791      0.81498186       1.2440277         13.278091           11.969126       1.0294201       0.7521978     -0.57357694       4.7082995        4.7082995       95.560983              95.560983
              1       52.432556      0.81498186        1.242045         13.282395             11.9724       1.0302224       0.7502075     -0.57503554       4.7082995        4.7082995       95.448512              95.448512
              1       52.386687      0.81498186       1.2398335         13.280692           11.971711       1.0301913      0.74840253     -0.57624411       4.7082995        4.7082995       95.356775              95.356775
              2       52.639967      0.81498186       1.2420625         13.280756           11.969596       1.0322192      0.75164204     -0.57763579       4.7082995        4.7082995       95.863336              95.863336
              4       52.539701      0.81498186       1.2416217         13.282062           11.970922       1.0326193      0.75185808     -0.57615116       4.7082995        4.7082995       95.662802              95.662802
              2       52.237761      0.81498186       1.2416049         13.280716           11.971759       1.0331576      0.75023441     -0.57638953       4.7082995        4.7082995       95.058923              95.058923
              3       55.380036      0.81498186       1.2457383         13.283951           11.966558       1.0289022      0.75613946     -0.57973576       4.7082995        4.7082995       101.34347              101.34347
              1       53.973055      0.81498186       1.2396419          13.27495            11.96417       1.0287112      0.76135021     -0.58154101       4.7082995        4.7082995       98.529511              98.529511
              1       54.362148      0.81498186       1.2304962          13.28113           11.974617        1.026547      0.76844063     -0.57339105       4.7082995        4.7082995       99.307697              99.307697
              1       56.405687      0.81498186       1.2250792         13.285846           11.971518        1.027194      0.76762486     -0.57728809       4.7082995        4.7082995       103.39477              103.39477
              7       56.080596      0.81498186       1.2232982         13.293757           11.976689       1.0262997      0.76355792     -0.58110977       4.7082995        4.7082995       102.74459              102.74459
              1       55.945988      0.81498186       1.2275125         13.294979           11.977798       1.0251626      0.76253335      -0.5807778       4.7082995        4.7082995       102.47538              102.47538
              2        53.04631      0.81498186       1.2287603         13.293496           11.983408       1.0260303      0.76383389     -0.58731712       4.7082995        4.7082995        96.67602               96.67602
              1       53.239904      0.81655829       1.2287603         13.293496           11.983408       1.0260303      0.76383389     -0.58731712       4.7082995        4.7082995       97.063209              97.063209
              1       54.283311      0.81655829       1.2302215         13.297613           11.985933       1.0272903       0.7699675     -0.58354092       4.7082995        4.7082995       99.150024              99.150024
              1       53.320123      0.81655829       1.2290879         13.299229           11.990231       1.0285799      0.76390067     -0.58057319       4.7082995        4.7082995       97.223646              97.223646
              5       53.360432      0.81655829       1.2303302         13.297855           11.989753       1.0290406      0.76382212     -0.58006856       4.7082995        4.7082995       97.304265              97.304265
              1       53.910714      0.81655829       1.2388003         13.310569           11.996816       1.0301815      0.77035183     -0.58855694       4.7082995        4.7082995        98.40483               98.40483
              1       55.263927      0.81655829       1.2302139         13.316095           11.995774       1.0338694        0.774424     -0.58348461       4.7082995        4.7082995       101.11125              101.11125
              2       55.238506      0.81655829       1.2323189         13.317825           11.995223       1.0343045      0.77123633     -0.58133725       4.7082995        4.7082995       101.06041              101.06041
              1       55.419797      0.81655829       1.2312193         13.318485            11.99463       1.0347423      0.77087621     -0.58189131       4.7082995        4.7082995         101.423                101.423
              1       55.423342      0.81655829       1.2318481         13.314893           11.991048       1.0352722      0.76864028     -0.57951174       4.7082995        4.7082995       101.43008              101.43008
              2       54.726296      0.81655829       1.2303714           13.3162           11.994319        1.035697      0.76636648     -0.57495138       4.7082995        4.7082995       100.03599              100.03599
              1       54.524615      0.81576468       1.2303714           13.3162           11.994319        1.035697      0.76636648     -0.57495138       4.7082995        4.7082995       99.632632              99.632632
              1        54.33713      0.81576468       1.2306224         13.316153           11.994554       1.0356906      0.76569797     -0.57535457       4.7082995        4.7082995        99.25766               99.25766
              5       54.398143      0.81576468       1.2305392         13.316321           11.994442       1.0357769      0.76584068     -0.57552167       4.7082995        4.7082995       99.379686              99.379686
              2       54.952657      0.81576468       1.2315856         13.322122           12.010005       1.0306978      0.77470859     -0.58950313       4.7082995        4.7082995       100.48871              100.48871
              1       53.945285      0.81576468       1.2316433         13.317833           12.000016        1.029689      0.76968473     -0.58552656       4.7082995        4.7082995       98.473971              98.473971
              1       53.624726      0.81576468       1.2572711         13.320846           12.005472       1.0302645      0.75818492     -0.58255888       4.7082995        4.7082995       97.832854              97.832854
              3       53.488586      0.81576468       1.2574097         13.321388           12.005017       1.0300911      0.75813308     -0.58345991       4.7082995        4.7082995       97.560573              97.560573
              2       54.133198      0.81576468       1.2583217         13.317808           12.003335       1.0325778      0.75813557     -0.58761339       4.7082995        4.7082995       98.849798              98.849798
              1        53.86954      0.81576468       1.2575953          13.31746           12.002661       1.0321492      0.75951371     -0.58741082       4.7082995        4.7082995       98.322481              98.322481
              1       53.657774      0.81404428       1.2575953          13.31746           12.002661       1.0321492      0.75951371     -0.58741082       4.7082995        4.7082995       97.898949              97.898949
              1       54.594262      0.81404428       1.2500699         13.315528           12.004097       1.0326521      0.75699211     -0.58912966       4.7082995        4.7082995       99.771924              99.771924
              3       53.473192      0.81404428       1.2479011         13.316032           11.994802       1.0355904      0.75595506     -0.58107089       4.7082995        4.7082995       97.529785              97.529785
              1       53.183603      0.81404428       1.2480753         13.314801           11.996111       1.0359649      0.75697027     -0.58016061       4.7082995        4.7082995       96.950608              96.950608
              2        53.77305      0.81404428       1.2484224          13.32307           12.002221        1.035821      0.75573411     -0.58436934       4.7082995        4.7082995         98.1295                98.1295
              3       53.952677      0.81404428       1.2490416         13.325167           12.001336       1.0367019      0.75348101     -0.58101129       4.7082995        4.7082995       98.488756              98.488756
              1       53.888848       0.8188957       1.2490416         13.325167           12.001336       1.0367019      0.75348101     -0.58101129       4.7082995        4.7082995       98.361097              98.361097
              1       54.022975       0.8188957       1.2416864         13.326284            11.99885       1.0350828      0.74899092     -0.58136585       4.7082995        4.7082995       98.629352              98.629352
              4       54.043442       0.8188957       1.2483904         13.326829           11.998618       1.0352711      0.74586702     -0.57926665       4.7082995        4.7082995       98.670286              98.670286
              1       54.130581      0.81817922       1.2483904         13.326829           11.998618       1.0352711      0.74586702     -0.57926665       4.7082995        4.7082995       98.844562              98.844562
              5       53.783094      0.81817922       1.2466088         13.330872           12.004441       1.0353777      0.74838404     -0.57029469       4.7082995        4.7082995       98.149588              98.149588
              5       54.907069      0.81817922       1.2346315         13.305346           11.991406       1.0322228       0.7609032     -0.56454769       4.7082995        4.7082995       100.39754              100.39754
              2       54.490165      0.81817922       1.2325594         13.308951           11.991875       1.0330336      0.76064442     -0.56885849       4.7082995        4.7082995        99.56373               99.56373
              1       53.432438      0.81817922       1.2453775         13.308997           11.988107       1.0328367      0.75208351     -0.57510918       4.7082995        4.7082995       97.448277              97.448277
              2       53.828624      0.82039307       1.2453775         13.308997           11.988107       1.0328367      0.75208351     -0.57510918       4.7082995        4.7082995       98.240649              98.240649
              1       53.872499      0.82039307       1.2465494         13.310185           11.989218       1.0337558      0.75202982     -0.57347451       4.7082995        4.7082995       98.328399              98.328399
              1        54.41693      0.82039307       1.2490938         13.311292            11.98674       1.0339682      0.75184007     -0.57318427       4.7082995        4.7082995        99.41726               99.41726
              1       54.481317      0.82039307       1.2527223         13.316321           11.990878       1.0296823      0.74874249     -0.57125226       4.7082995        4.7082995       99.546036              99.546036
              1       54.557475      0.82039307       1.2581589         13.314019           11.994267       1.0293602      0.75661125     -0.57458093       4.7082995        4.7082995       99.698352              99.698352
              4       54.711877      0.82039307       1.2574359         13.310667           11.991347       1.0281316      0.75713279      -0.5744414       4.7082995        4.7082995       100.00715              100.00715
              2       53.235059      0.82039307       1.2580215          13.28902           11.980093       1.0285553       0.7480861     -0.58913455       4.7082995        4.7082995       97.053519              97.053519
              1       53.058585      0.82039307       1.2588773         13.290554           11.979917       1.0280352      0.74779305     -0.59113772       4.7082995        4.7082995       96.700572              96.700572
              1       53.116487      0.82039307       1.2512026         13.292313           11.976936        1.028443      0.75160527     -0.59402629       4.7082995        4.7082995       96.816375              96.816375
              1       53.966874      0.82039307       1.2499505         13.291436           11.983326        1.029415      0.75133016     -0.59733364       4.7082995        4.7082995       98.517149              98.517149
              1       53.641335      0.82039307       1.2508362         13.293139           11.982049       1.0308983      0.75001836     -0.59775428       4.7082995        4.7082995       97.866071              97.866071
              1       54.510729      0.82039307       1.2588644         13.290342           11.981018       1.0322902      0.76356629     -0.60061508       4.7082995        4.7082995       99.604858              99.604858
              2       54.089554      0.82039307       1.2599293         13.291004           11.979842       1.0304881      0.76464466     -0.60304497       4.7082995        4.7082995        98.76251               98.76251
              2       53.595915      0.82039307       1.2581503         13.289907           11.977509       1.0294071      0.76149615     -0.59938054       4.7082995        4.7082995       97.775231              97.775231
              2       53.932605      0.82039307       1.2554417         13.289677           11.979306       1.0289795      0.76363681      -0.5985688       4.7082995        4.7082995        98.44861               98.44861
              1       53.663063      0.82039307         1.25255         13.294487           11.979221       1.0291392      0.76139179     -0.60022147       4.7082995        4.7082995       97.909527              97.909527
              2       53.196134      0.82039307       1.2442126         13.290012            11.97595       1.0280906      0.74764108     -0.59788328       4.7082995        4.7082995        96.97567               96.97567
              1        53.14334      0.82039307       1.2354824         13.284932           11.976659       1.0257013      0.75522413     -0.59984403       4.7082995        4.7082995       96.870081              96.870081
              6       53.264407      0.82039307       1.2453074         13.284272           11.975264       1.0189652      0.75315031     -0.59910313       4.7082995        4.7082995       97.112216              97.112216
              1       53.274205      0.82039307       1.2450024         13.284216           11.975238       1.0189818      0.75335429     -0.59895298       4.7082995        4.7082995       97.131811              97.131811
              2       53.294681      0.82039307       1.2472332         13.276107           11.968658       1.0204912      0.75512587      -0.6020346       4.7082995        4.7082995       97.172764              97.172764
              2       53.506793      0.82039307       1.2436261         13.278614           11.971006       1.0223292      0.75581547     -0.61023079       4.7082995        4.7082995       97.596986              97.596986
              1       54.151011      0.82039307       1.2465465         13.271721           11.971891       1.0251569      0.75539216     -0.60340696       4.7082995        4.7082995       98.885422              98.885422
              2       54.637673      0.82039307        1.247117         13.269949           11.956737       1.0228583      0.74628165     -0.59808889       4.7082995        4.7082995       99.858748              99.858748
              1       54.211611      0.82282758        1.247117         13.269949           11.956737       1.0228583      0.74628165     -0.59808889       4.7082995        4.7082995       99.006623              99.006623
              1       53.732616      0.82282758       1.2436516         13.265859           11.956309       1.0222433       0.7480209     -0.59898033       4.7082995        4.7082995       98.048633              98.048633
              1         53.5539      0.82282758       1.2436411         13.265705           11.956739       1.0221367      0.74752556     -0.59894251       4.7082995        4.7082995       97.691202              97.691202
              3       53.506757      0.82282758       1.2443562         13.265314           11.956647       1.0220716      0.74760079     -0.59945825       4.7082995        4.7082995       97.596914              97.596914
              3        52.74979      0.82282758       1.2467089         13.261467           11.955522        1.022363      0.74123921     -0.59298816       4.7082995        4.7082995       96.082981              96.082981
              1       52.846554      0.82282758       1.2415281          13.26716           11.965374       1.0209194      0.74105573     -0.58578014       4.7082995        4.7082995       96.276508              96.276508
              1       52.846567      0.82282758        1.240437         13.271889           11.962977       1.0215284      0.73781869     -0.58634294       4.7082995        4.7082995       96.276536              96.276536
              3       53.237463      0.82282758       1.2335217         13.272221           11.963262       1.0198606      0.73932248     -0.59090376       4.7082995        4.7082995       97.058326              97.058326
              1       53.444035      0.82282758       1.2309311         13.261235            11.96514       1.0178126      0.72943671     -0.58623623       4.7082995        4.7082995        97.47147               97.47147
              2       53.236806      0.82282758       1.2350781         13.258168           11.954396       1.0159652       0.7309472     -0.58869884       4.7082995        4.7082995       97.057012              97.057012
              1       53.084202      0.82282758       1.2358119         13.257944           11.955147       1.0157206      0.73126668     -0.58911642       4.7082995        4.7082995       96.751806              96.751806
              1       52.912994      0.82282758       1.2378648         13.260437            11.95816       1.0146469      0.73127494     -0.58735077       4.7082995        4.7082995       96.409389              96.409389
              3       53.423532      0.82282758       1.2377056         13.261802           11.956629       1.0145713      0.72848963     -0.58675593       4.7082995        4.7082995       97.430466              97.430466
              1        53.20724      0.82282758       1.2398166         13.255611           11.960638       1.0167337      0.72440581     -0.57906987       4.7082995        4.7082995       96.997881              96.997881
              1       53.863421      0.82282758       1.2194377         13.247944           11.960844       1.0105212      0.72500889     -0.56851173       4.7082995        4.7082995       98.310243              98.310243
              4       53.917746      0.82282758       1.2183705         13.248843           11.961686        1.010885      0.72496836     -0.56859469       4.7082995        4.7082995       98.418892              98.418892
              1       53.177494      0.82282758       1.2268139         13.248203           11.956407       1.0095101      0.72806678     -0.56916948       4.7082995        4.7082995       96.938389              96.938389
              4       53.857573      0.82282758       1.2259524         13.255243           11.956139       1.0092625      0.73050342     -0.57036511       4.7082995        4.7082995       98.298547              98.298547
              1        53.97063      0.82282758       1.2334826         13.256467           11.954629       1.0099159      0.72784765     -0.56909654       4.7082995        4.7082995       98.524661              98.524661
              1       54.225383      0.82282758       1.2295799         13.251745           11.964218       1.0100117      0.71365708     -0.55998176       4.7082995        4.7082995       99.034168              99.034168
              2       52.987232      0.82282758       1.2276451         13.257294           11.961596       1.0100508      0.71722127     -0.54963119       4.7082995        4.7082995       96.557865              96.557865
              1       53.158423      0.81701968       1.2276451         13.257294           11.961596       1.0100508      0.71722127     -0.54963119       4.7082995        4.7082995       96.900247              96.900247
              3       53.486822      0.81701968       1.2270529         13.251032           11.955919       1.0100933      0.71687185     -0.54770347       4.7082995        4.7082995       97.557045              97.557045
              1       53.387887      0.81701968       1.2287303         13.251277           11.956699       1.0101697      0.71369455     -0.54592126       4.7082995        4.7082995       97.359176              97.359176
              1       52.942763      0.81701968       1.2315331         13.241866           11.955652       1.0078492       0.7157218     -0.54256979       4.7082995        4.7082995       96.468927              96.468927
              3       53.019512      0.81701968       1.2324043         13.243105           11.954515       1.0073798      0.71602796     -0.54239162       4.7082995        4.7082995       96.622426              96.622426
              3       52.906036      0.81701968       1.2358278         13.239884           11.952698       1.0078889      0.71687068      -0.5455716       4.7082995        4.7082995       96.395473              96.395473
              2       52.954954      0.81701968       1.2355814         13.239879           11.952697       1.0076294      0.71662491     -0.54615582       4.7082995        4.7082995       96.493308              96.493308
              3       54.326932      0.81701968       1.2346267         13.232175           11.952554       1.0076825      0.70702321     -0.54179066       4.7082995        4.7082995       99.237264              99.237264
              1       54.109322      0.81701968        1.234574         13.232143           11.951472       1.0076661      0.70671155     -0.54193188       4.7082995        4.7082995       98.802045              98.802045
              4       54.297831      0.81701968       1.2389406         13.228308           11.950014         1.00936      0.71348775     -0.54771649       4.7082995        4.7082995       99.179063              99.179063
              2       53.364565      0.81701968       1.2493545         13.232861           11.949471       1.0066534      0.71383908     -0.54727859       4.7082995        4.7082995       97.312532              97.312532
              2       53.153104      0.81701968       1.2472283         13.232045           11.946371       1.0077412      0.71415069     -0.55100846       4.7082995        4.7082995       96.889609              96.889609
              1       53.740747      0.81701968       1.2483402         13.234167           11.944334       1.0073785      0.71096657     -0.55134052       4.7082995        4.7082995       98.064895              98.064895
              3       53.634095      0.81701968       1.2544161         13.228768           11.942102       1.0057162      0.71244963     -0.55467497       4.7082995        4.7082995        97.85159               97.85159
              2        53.97709      0.81701968       1.2531931         13.229373           11.939439        1.005353      0.71830496     -0.55360714       4.7082995        4.7082995        98.53758               98.53758
              1       53.130374      0.81701968       1.2386874          13.23443           11.946745       1.0077172      0.71917549     -0.55461451       4.7082995        4.7082995        96.84415               96.84415
              1        53.10373      0.81701968       1.2415426         13.231955           11.949989       1.0099831      0.72143788     -0.54944011       4.7082995        4.7082995       96.790862              96.790862
              3       53.121144      0.81701968        1.239385         13.231073           11.949267       1.0089703      0.71947284     -0.54458828       4.7082995        4.7082995       96.825689              96.825689
              2       53.316762      0.81701968       1.2440209         13.235515           11.953064        1.013067      0.72131239     -0.54732224       4.7082995        4.7082995       97.216925              97.216925
              1       53.249787      0.81701968       1.2462977         13.237552           11.954265        1.011561      0.72130822     -0.55258975       4.7082995        4.7082995       97.082976              97.082976
              2       52.641825      0.81701968       1.2475604         13.239381           11.952194       1.0115346      0.71958481      -0.5517603       4.7082995        4.7082995       95.867051              95.867051
              3       52.610344      0.81701968       1.2451852         13.240581           11.951829       1.0117408      0.71904888      -0.5527742       4.7082995        4.7082995       95.804089              95.804089
              1       52.603447      0.81709959       1.2451852         13.240581           11.951829       1.0117408      0.71904888      -0.5527742       4.7082995        4.7082995       95.790294              95.790294
              8       52.433385      0.81709959       1.2478002         13.236109           11.947681       1.0128317       0.7210158     -0.54997511       4.7082995        4.7082995       95.450171              95.450171
              4       52.497991      0.81709959       1.2474693         13.237216            11.94677       1.0129055      0.72074295     -0.55079776       4.7082995        4.7082995       95.579382              95.579382
              3       52.364694      0.81709959       1.2524818         13.238015           11.944912       1.0164822      0.72626176     -0.54918227       4.7082995        4.7082995        95.31279               95.31279
              1       52.182177      0.81709959       1.2575998         13.250322           11.953839       1.0156227      0.72890542     -0.55801876       4.7082995        4.7082995       94.947754              94.947754
              1       52.203041      0.81675384       1.2575998         13.250322           11.953839       1.0156227      0.72890542     -0.55801876       4.7082995        4.7082995       94.989484              94.989484
              2       53.538297      0.81675384       1.2635803         13.257272           11.953988       1.0147824      0.72244609     -0.54614696       4.7082995        4.7082995       97.659995              97.659995
              1       53.641461      0.82270512       1.2635803         13.257272           11.953988       1.0147824      0.72244609     -0.54614696       4.7082995        4.7082995       97.866324              97.866324
              1       52.622355      0.82270512       1.2624614         13.258631           11.954621       1.0154504      0.71868936     -0.55431797       4.7082995        4.7082995       95.828111              95.828111
              1       52.868611      0.82270512       1.2506556         13.245736           11.951779        1.013396      0.72432905     -0.55870917       4.7082995        4.7082995       96.320623              96.320623
              1       52.795738      0.82270512       1.2503227         13.246004           11.950695       1.0134417      0.72395891     -0.55850935       4.7082995        4.7082995       96.174876              96.174876
              1       52.729697      0.82270512       1.2479581         13.246864           11.952624       1.0126231      0.72121851     -0.55705148       4.7082995        4.7082995       96.042795              96.042795
              2       54.003978      0.82270512       1.2553146         13.248369           11.948405       1.0067006      0.72124036     -0.56117148       4.7082995        4.7082995       98.591357              98.591357
              1       54.015407      0.82336751       1.2553146         13.248369           11.948405       1.0067006      0.72124036     -0.56117148       4.7082995        4.7082995       98.614214              98.614214
              1       53.399662      0.82336751       1.2533386         13.245926             11.9495       1.0074924      0.72105607     -0.55936278       4.7082995        4.7082995       97.382725              97.382725
              4       53.608022      0.82336751        1.253212         13.242962           11.949222       1.0061361      0.72283254     -0.55944532       4.7082995        4.7082995       97.799446              97.799446
              2       53.112079      0.82336751       1.2558937         13.238591           11.948259        1.007248      0.72062203     -0.56510356       4.7082995        4.7082995       96.807558              96.807558
              5       53.223629      0.82336751       1.2579084         13.239208           11.950097       1.0075373      0.71951685     -0.56447362       4.7082995        4.7082995        97.03066               97.03066
              3       53.717634      0.82336751       1.2575988          13.23991           11.950241       1.0044411      0.71007506     -0.57227149       4.7082995        4.7082995       98.018669              98.018669
              5       52.760516      0.82336751       1.2611201         13.241153           11.947043       1.0078552      0.71067601      -0.5602841       4.7082995        4.7082995       96.104434              96.104434
              1       52.860716      0.82336751       1.2621424         13.241446           11.945318        1.007784      0.71156793     -0.56079876       4.7082995        4.7082995       96.304833              96.304833
              2       52.853958      0.82336751       1.2633014         13.247523           11.947778       1.0096211      0.71365577     -0.56124993       4.7082995        4.7082995       96.291316              96.291316
              3       52.853267      0.82336751       1.2633014         13.247518           11.947772       1.0096255      0.71365371     -0.56123946       4.7082995        4.7082995       96.289935              96.289935
              1       52.810083      0.82336751       1.2603434         13.246199           11.946743       1.0106667       0.7137909     -0.56508113       4.7082995        4.7082995       96.203567              96.203567
              1       52.820013      0.82336751       1.2611098           13.2466            11.94717       1.0101682      0.71413462     -0.56412275       4.7082995        4.7082995       96.223427              96.223427
              5       52.615953      0.82336751       1.2631925           13.2469           11.948194       1.0109159       0.7177843     -0.56524766       4.7082995        4.7082995       95.815306              95.815306
              2       52.415343      0.82336751       1.2597913         13.252065           11.953091       1.0125868       0.7170432     -0.56117114       4.7082995        4.7082995       95.414087              95.414087
              2       53.066448      0.82336751        1.263865         13.259488           11.953416       1.0125193      0.71258352     -0.55932823       4.7082995        4.7082995       96.716298              96.716298
              2       54.887304      0.82336751       1.2577089         13.264922           11.954265       1.0132423      0.71869409     -0.55280221       4.7082995        4.7082995       100.35801              100.35801
              3       55.928019      0.82336751       1.2492647         13.268534           11.954336       1.0134278      0.71414815     -0.55965686       4.7082995        4.7082995       102.43944              102.43944
              1        52.75627      0.82336751       1.2520227         13.260064           11.959132       1.0103246      0.71005062     -0.56332627       4.7082995        4.7082995       96.095941              96.095941
              1       53.714685      0.82336751       1.2448979         13.254661           11.964007       1.0095279      0.71517633     -0.55135052       4.7082995        4.7082995       98.012772              98.012772
              1       53.321024      0.82336751       1.2386284         13.264954            11.96601       1.0046987       0.7174702     -0.55424144       4.7082995        4.7082995       97.225448              97.225448
              1       53.094226      0.82336751       1.2368127          13.26861           11.973467        1.006075      0.70957367     -0.55275524       4.7082995        4.7082995       96.771852              96.771852
              3       52.831603      0.82336751       1.2412733         13.270446           11.971152       1.0049329      0.70692481     -0.54767197       4.7082995        4.7082995       96.246606              96.246606
              1       52.856561      0.82336751       1.2378408         13.266666           11.967721       1.0056525      0.70626787     -0.54952245       4.7082995        4.7082995       96.296522              96.296522
              2       54.103148      0.82336751       1.2356072         13.257989           11.969839       1.0000464      0.71031695     -0.54664389       4.7082995        4.7082995       98.789697              98.789697
              1       54.012465      0.82336751       1.2386349         13.259651           11.966324        0.999721      0.71913236      -0.5530589       4.7082995        4.7082995       98.608331              98.608331
              6       53.909846      0.82336751       1.2246533         13.267622           11.977374      0.99773364       0.7158301     -0.56755449       4.7082995        4.7082995       98.403092              98.403092
              3       53.837894      0.82336751       1.2235957          13.26796           11.977285       0.9971451      0.71555328     -0.56763399       4.7082995        4.7082995       98.259189              98.259189
              1       53.688562      0.82336751       1.2240584         13.268682           11.977036        0.996727       0.7147603     -0.56547614       4.7082995        4.7082995       97.960526              97.960526
              1       53.595783      0.82336751       1.2245075         13.269827           11.976455       0.9961902       0.7149076     -0.56661843       4.7082995        4.7082995       97.774966              97.774966
              2       53.703743      0.82336751       1.2205428         13.276884           11.977613      0.99756925      0.71734747     -0.56543103       4.7082995        4.7082995       97.990887              97.990887
              4       54.078715      0.82336751       1.2131733         13.273949           11.981039      0.99478992      0.72150841     -0.56430962       4.7082995        4.7082995       98.740832              98.740832
              2       54.322866      0.82336751       1.2116277         13.276964           11.980746      0.99440178      0.71901867     -0.55888952       4.7082995        4.7082995       99.229132              99.229132
              1       54.353609      0.82356798       1.2116277         13.276964           11.980746      0.99440178      0.71901867     -0.55888952       4.7082995        4.7082995       99.290618              99.290618
              4       55.069019      0.82356798       1.2270574          13.27544           11.986103      0.98994523      0.71914571     -0.55528847       4.7082995        4.7082995       100.72144              100.72144
              1       55.094065      0.82356798       1.2219964         13.276724           11.987139      0.99117575      0.71999737     -0.55490403       4.7082995        4.7082995       100.77153              100.77153
              1       55.205817      0.82356798       1.2222453         13.280725           11.989275       0.9901087      0.72596145     -0.56260816       4.7082995        4.7082995       100.99504              100.99504
              3       54.561633      0.82356798        1.224516          13.28323           11.986323      0.99182786      0.72463194     -0.56456955       4.7082995        4.7082995       99.706667              99.706667
              1       54.530826      0.82356798       1.2202601         13.281684            11.98297      0.99058598      0.71921609     -0.56955669       4.7082995        4.7082995       99.645053              99.645053
              1       54.277328      0.82356798       1.2200039         13.278889           11.984114      0.99044271      0.72191158     -0.57076139       4.7082995        4.7082995       99.138057              99.138057
              2       54.180857      0.82356798       1.2248192         13.278364           11.982112      0.99134129      0.72210978     -0.57269491       4.7082995        4.7082995       98.945116              98.945116
              1       54.337405      0.82356798       1.2253393         13.278592           11.981457      0.99085294      0.72276111     -0.57213483       4.7082995        4.7082995       99.258212              99.258212
              2       54.335527      0.82356798       1.2316932         13.293723            11.99732      0.98739322      0.72466245     -0.58670023       4.7082995        4.7082995       99.254455              99.254455
              3       54.328123      0.82356798        1.231572         13.293739           11.997149      0.98737209      0.72464783     -0.58689234       4.7082995        4.7082995       99.239647              99.239647
              1       54.359928      0.82137895        1.231572         13.293739           11.997149      0.98737209      0.72464783     -0.58689234       4.7082995        4.7082995       99.303257              99.303257
              1       55.470183      0.82137895       1.2246398         13.292632           11.992312       0.9850687      0.71930406     -0.58301368       4.7082995        4.7082995       101.52377              101.52377
              1       55.679015      0.82137895       1.2260794         13.294362           11.992224      0.98556712       0.7175515       -0.580621       4.7082995        4.7082995       101.94143              101.94143
              1       56.361782      0.82137895        1.215088          13.28236           11.998114      0.99032921      0.72895828     -0.56295608       4.7082995        4.7082995       103.30696              103.30696
              1       56.333185      0.82137895       1.2156559         13.276756           11.993904      0.99281505      0.72419975     -0.56612182       4.7082995        4.7082995       103.24977              103.24977
              1        54.34085      0.82137895       1.2115314         13.285949           11.992034      0.99298145      0.73304759     -0.57104327       4.7082995        4.7082995       99.265101              99.265101
              2       54.000532      0.81560788       1.2115314         13.285949           11.992034      0.99298145      0.73304759     -0.57104327       4.7082995        4.7082995       98.584464              98.584464
              3       54.490625      0.81560788       1.2284896         13.294911           11.999039      0.98634609      0.73617314      -0.5669586       4.7082995        4.7082995       99.564651              99.564651
              4       54.375201      0.81560788        1.223035         13.302228           12.004798      0.98761704      0.73355838     -0.55533866       4.7082995        4.7082995       99.333803              99.333803
              3       54.353599      0.81560788       1.2266413         13.301297           12.001297      0.99005481      0.73018518     -0.55389461       4.7082995        4.7082995       99.290598              99.290598
              1       54.055465      0.81560788        1.219972         13.294078           12.000008      0.99143851       0.7341293     -0.55040506       4.7082995        4.7082995       98.694332              98.694332
              1       53.453113      0.81560788       1.2176779         13.290271           11.996954      0.99278086      0.72506923     -0.55528459       4.7082995        4.7082995       97.489627              97.489627
              4       54.284018      0.81173402       1.2176779         13.290271           11.996954      0.99278086      0.72506923     -0.55528459       4.7082995        4.7082995       99.151436              99.151436
              2       53.544664      0.81173402       1.2406503         13.286549           11.989493      0.99974594      0.71844943     -0.53424472       4.7082995        4.7082995       97.672729              97.672729
              2       53.238258      0.81173402       1.2387296         13.287134            11.99143       1.0005523      0.71840764     -0.53525134       4.7082995        4.7082995       97.059917              97.059917
              1       54.262296      0.81173402       1.2387697         13.296084           11.993712       1.0002754      0.72159612     -0.52726122       4.7082995        4.7082995       99.107992              99.107992
              1       54.237241      0.81173402       1.2358882           13.2949           11.993689      0.99966585      0.72020067      -0.5254888       4.7082995        4.7082995       99.057883              99.057883
              5       53.242355      0.81173402       1.2350351         13.295624           12.000064      0.99576918      0.72502372     -0.53088622       4.7082995        4.7082995        97.06811               97.06811
              1       56.257084      0.81173402       1.2320113         13.311142           11.999101       1.0055663      0.71082914     -0.51886037       4.7082995        4.7082995       103.09757              103.09757
              1       57.057654      0.81173402       1.2305522         13.312132           11.998329       1.0057581      0.71357082     -0.51830731       4.7082995        4.7082995       104.69871              104.69871
              1       57.807726      0.81173402       1.2261093         13.306377           11.993586       1.0059483      0.71138579     -0.51592584       4.7082995        4.7082995       106.19885              106.19885
              1       58.158823      0.81110159       1.2261093         13.306377           11.993586       1.0059483      0.71138579     -0.51592584       4.7082995        4.7082995       106.90105              106.90105
              1       56.276104      0.81110159       1.2246446          13.30421           11.994315       1.0079504      0.71210307     -0.52278658       4.7082995        4.7082995       103.13561              103.13561
              1       55.829988      0.81192855       1.2246446          13.30421           11.994315       1.0079504      0.71210307     -0.52278658       4.7082995        4.7082995       102.24338              102.24338
              1        56.06795      0.81192855       1.2150617         13.299512           11.992354       1.0071129      0.70914707     -0.52451145       4.7082995        4.7082995        102.7193               102.7193
              2       54.898403      0.81192855        1.214541         13.297615           12.004106       1.0070089      0.70387029     -0.52045027       4.7082995        4.7082995       100.38021              100.38021
              2       57.256106      0.81192855       1.2085834         13.304929           12.009388        1.012984      0.70410861     -0.53181595       4.7082995        4.7082995       105.09561              105.09561
              5       58.506677      0.81192855       1.2067508         13.299171           12.011845       1.0142369      0.71376794     -0.52909969       4.7082995        4.7082995       107.59675              107.59675
              1       54.816016      0.81192855       1.2031988          13.30449           12.008552       1.0137465      0.71233183     -0.52891352       4.7082995        4.7082995       100.21543              100.21543
              1       53.104166      0.81192855       1.2107722         13.312531           12.004057       1.0146623      0.73003849     -0.54200976       4.7082995        4.7082995       96.791733              96.791733
              1       53.024191      0.81192855       1.2094612         13.312716            12.00569       1.0152925      0.72848248      -0.5450433       4.7082995        4.7082995       96.631782              96.631782
              1       53.260073      0.81192855       1.2106737         13.312549           12.005229       1.0150425      0.72889606     -0.54727218       4.7082995        4.7082995       97.103547              97.103547
              1       52.786081      0.81192855       1.2096896         13.309966           12.006816         1.01479      0.73004338     -0.54755323       4.7082995        4.7082995       96.155564              96.155564
              3       53.013548      0.81192855       1.2028036         13.314172           12.006606        1.015299      0.73368995     -0.55124976       4.7082995        4.7082995       96.610496              96.610496
              3       52.372867      0.81192855       1.2086643         13.319802           12.013747       1.0150586      0.74191107     -0.54826419       4.7082995        4.7082995       95.329136              95.329136
              1       54.308505      0.81192855       1.2026217         13.311857           12.016396       1.0176111      0.74402821     -0.54411454       4.7082995        4.7082995       99.200412              99.200412
              2       54.317887      0.81192855       1.1932789         13.316799           12.019977       1.0150816      0.75380545     -0.54580789       4.7082995        4.7082995       99.219175              99.219175
              3       54.309976      0.81192855       1.1945851         13.316585           12.018544         1.01528      0.75609045     -0.54532948       4.7082995        4.7082995       99.203352              99.203352
              1       53.944644      0.81192855       1.1995093         13.321245           12.014691       1.0181694       0.7583011     -0.54553469       4.7082995        4.7082995       98.472688              98.472688
              1       54.382854      0.81192855       1.1953675         13.324518           12.022394       1.0205659      0.75485384     -0.54146294       4.7082995        4.7082995       99.349109              99.349109
              1       54.218749      0.81192855        1.199445         13.322626           12.022111       1.0207003      0.74817267      -0.5414089       4.7082995        4.7082995       99.020899              99.020899
              1       53.903294      0.81192855        1.200333         13.342423           12.023576       1.0162903      0.74244056     -0.54781809       4.7082995        4.7082995        98.38999               98.38999
              2       53.731253      0.81401931        1.200333         13.342423           12.023576       1.0162903      0.74244056     -0.54781809       4.7082995        4.7082995       98.045908              98.045908
              2       53.519784      0.81401931       1.2057416         13.342751           12.027326       1.0152216      0.74539213     -0.54324422       4.7082995        4.7082995        97.62297               97.62297
              1       53.544706      0.81401931       1.2019829         13.341748           12.031772       1.0113948      0.74371636     -0.54386078       4.7082995        4.7082995       97.672814              97.672814
              2       52.702748      0.81401931       1.1967462         13.330341            12.02154       1.0113689      0.73622537      -0.5457965       4.7082995        4.7082995       95.988897              95.988897
              2        52.88771      0.81401931       1.1901985         13.329318           12.023715       1.0126118      0.73890989     -0.54404135       4.7082995        4.7082995        96.35882               96.35882
              2       53.010407      0.81401931       1.1903301         13.327177           12.022126       1.0120687         0.74621     -0.55159168       4.7082995        4.7082995       96.604215              96.604215
              1       52.699365      0.81401931       1.1904871         13.331473           12.021954        1.014637      0.74139222     -0.55643514       4.7082995        4.7082995       95.982131              95.982131
              2       52.785985      0.81401931        1.190863         13.331189           12.023805       1.0139242      0.74105507     -0.55876709       4.7082995        4.7082995       96.155371              96.155371
              4        53.39657      0.81401931       1.1841896         13.334831           12.029953       1.0133738      0.73700556     -0.55376863       4.7082995        4.7082995       97.376542              97.376542
              1       53.236428      0.81401931       1.1882969         13.329215           12.025545       1.0134857      0.73689334     -0.53999016       4.7082995        4.7082995       97.056257              97.056257
              2       52.908511      0.81401931       1.1892659         13.332341           12.024242       1.0145033      0.72860451     -0.53954083       4.7082995        4.7082995       96.400424              96.400424
              1       52.816084      0.81401931       1.2053377         13.330219            12.01653       1.0188828      0.73380607     -0.54784366       4.7082995        4.7082995       96.215569              96.215569
              1       53.324271      0.81401931       1.2116978         13.330276           12.023045       1.0173437      0.73238097     -0.54756577       4.7082995        4.7082995       97.231943              97.231943
              1       53.274942      0.81401931       1.2117246         13.330554           12.023077       1.0173693      0.73250991     -0.54745011       4.7082995        4.7082995       97.133286              97.133286
              9       54.019547      0.81401931       1.1990716         13.325685           12.018531       1.0230127      0.73252171     -0.55569419       4.7082995        4.7082995       98.622495              98.622495
              2       53.079865      0.81401931       1.1955717         13.323858           12.011818       1.0209238      0.73075334     -0.55055084       4.7082995        4.7082995       96.743131              96.743131
              1       53.532323      0.81401931       1.1891602         13.320473           12.009639       1.0207969      0.73114514     -0.55914721       4.7082995        4.7082995       97.648048              97.648048
              1       56.178321      0.81401931       1.1944649         13.321746           12.003534       1.0219103      0.72466592     -0.56245537       4.7082995        4.7082995       102.94004              102.94004
              2       56.222325      0.81401931       1.1943592         13.321878           12.003548       1.0219285      0.72460147     -0.56243692       4.7082995        4.7082995       103.02805              103.02805
              2       55.880089      0.81401931       1.1982474          13.31964           12.002747       1.0233872      0.72504131     -0.56489461       4.7082995        4.7082995       102.34358              102.34358
              1       59.189993      0.81401931        1.193042          13.31004           12.012204       1.0238378      0.72318148     -0.56613114       4.7082995        4.7082995       108.96339              108.96339
              2        59.05379      0.81401931        1.192933         13.309759           12.011854       1.0247329      0.72228105     -0.56277469       4.7082995        4.7082995       108.69098              108.69098
              3       59.057935      0.81401931       1.1927106         13.309354           12.011089       1.0246421      0.72114597     -0.56304865       4.7082995        4.7082995       108.69927              108.69927
              1       57.427888      0.81401931       1.1925132         13.311165           12.010023       1.0249101      0.72079081     -0.56255577       4.7082995        4.7082995       105.43918              105.43918
              1       56.056722      0.81401931       1.1893517         13.304827           11.991152       1.0198507      0.72589898     -0.56049041       4.7082995        4.7082995       102.69684              102.69684
              2       56.455101      0.81401931       1.1975851         13.320592            12.00373       1.0109093      0.73718612     -0.54938177       4.7082995        4.7082995        103.4936               103.4936
              2       55.984079      0.81401931       1.2107925         13.317642           12.000968       1.0112222      0.73143381     -0.54443716       4.7082995        4.7082995       102.55156              102.55156
              1       53.757567      0.81401931       1.2118037         13.302912           11.994833       1.0157496       0.7323279     -0.52969652       4.7082995        4.7082995       98.098535              98.098535
              2       53.856646      0.81401931       1.2096934         13.303249            11.99552       1.0153657      0.73219011     -0.52818361       4.7082995        4.7082995       98.296693              98.296693
              1       53.881086      0.81196475       1.2096934         13.303249            11.99552       1.0153657      0.73219011     -0.52818361       4.7082995        4.7082995       98.345572              98.345572
              2       52.784953      0.81196475       1.2091448         13.294453           11.994589       1.0126982      0.72292408     -0.53164016       4.7082995        4.7082995       96.153306              96.153306
              1       53.331008      0.81196475       1.2059014         13.294372           11.991089       1.0143037      0.72440532     -0.53337181       4.7082995        4.7082995       97.245416              97.245416
              4       54.367262      0.81196475       1.1943845          13.28181           11.984488       1.0056434      0.72801641     -0.54496604       4.7082995        4.7082995       99.317925              99.317925
              1        53.33846      0.81196475       1.1882942           13.2788           11.987875        1.005648      0.73285508       -0.536099       4.7082995        4.7082995        97.26032               97.26032
              2       53.111431      0.81196475       1.1881525         13.279208           11.990563        1.005858       0.7349839     -0.53824744       4.7082995        4.7082995       96.806264              96.806264
              2       53.371163      0.81196475       1.1871468         13.279506           11.990187        1.005087      0.73682422     -0.53789908       4.7082995        4.7082995       97.325726              97.325726
              3       53.379314      0.81196475        1.187652         13.279513           11.989826       1.0048834      0.73658817     -0.53840657       4.7082995        4.7082995        97.34203               97.34203
              2       53.686532      0.81196475       1.1912211         13.276404           11.990839        1.003642      0.73471635     -0.53163115       4.7082995        4.7082995       97.956465              97.956465
              2        54.66824      0.81196475       1.1906185         13.285243           11.991058       1.0042743        0.731913     -0.52222588       4.7082995        4.7082995       99.919881              99.919881
              1       54.824933      0.81196475       1.1964395         13.282898           11.986518       1.0041546       0.7249447     -0.52157021       4.7082995        4.7082995       100.23327              100.23327
              1       54.278642      0.81196475       1.1976931         13.282211           11.987668       1.0043105      0.72553403     -0.52076046       4.7082995        4.7082995       99.140684              99.140684
              1       54.207349      0.81196475       1.1980261         13.282658           11.988404       1.0037509      0.72521589     -0.52103657       4.7082995        4.7082995       98.998099              98.998099
              2       54.940938      0.81196475       1.1976954         13.281579           11.986834       1.0029888      0.72657245     -0.51928265       4.7082995        4.7082995       100.46528              100.46528
              5       54.508405      0.81196475       1.1928602         13.276935           11.988689       1.0014788      0.72357825     -0.51223181       4.7082995        4.7082995       99.600211              99.600211
              1       57.240201      0.81196475       1.1788326         13.276537           11.983814       1.0015053      0.73224836     -0.51711372       4.7082995        4.7082995        105.0638               105.0638
              1       57.126019      0.81196475       1.1794737         13.260976           11.974074      0.99496189       0.7352534     -0.53956079       4.7082995        4.7082995       104.83544              104.83544
              1       57.787607      0.81196475       1.1681174         13.259297           11.992305      0.99440813      0.72833057     -0.54654986       4.7082995        4.7082995       106.15861              106.15861
              7        55.44874      0.81196475        1.164905         13.275894           11.988056      0.99518737      0.72916503     -0.55761181       4.7082995        4.7082995       101.48088              101.48088
              1       55.311215      0.82127864        1.164905         13.275894           11.988056      0.99518737      0.72916503     -0.55761181       4.7082995        4.7082995       101.20583              101.20583
              1       55.389522      0.82127864       1.1653652         13.275282           11.988708      0.99502681      0.72941655       -0.557829       4.7082995        4.7082995       101.36244              101.36244
              2       54.649733      0.82127864       1.1679859         13.278142            11.99161      0.99446129      0.72104973     -0.55869394       4.7082995        4.7082995       99.882868              99.882868
              3       54.578837      0.82127864       1.1678745         13.278239           11.990381      0.99355926      0.72101061     -0.55877185       4.7082995        4.7082995       99.741074              99.741074
              2       53.971485      0.82127864        1.176119         13.289136           11.996025       0.9952348      0.72085541     -0.56342456       4.7082995        4.7082995       98.526371              98.526371
              2       53.668168      0.82127864       1.1760178         13.284668           11.990726       1.0013266      0.72012273     -0.56676053       4.7082995        4.7082995       97.919737              97.919737
              2       53.590095      0.82127864       1.1745061         13.287043           11.990514       1.0020021      0.72423645     -0.56275211       4.7082995        4.7082995       97.763591              97.763591
              2       53.635993      0.82127864        1.180204         13.287391           11.986945       1.0040544      0.71718818     -0.55900217       4.7082995        4.7082995       97.855387              97.855387
              1       53.649895      0.82127864       1.1731668         13.277988           11.986905       1.0056021      0.71835931     -0.55056681       4.7082995        4.7082995       97.883191              97.883191
              1       54.531192      0.82127864       1.1808852         13.275766           11.985127       1.0099419      0.73175362     -0.55344914       4.7082995        4.7082995       99.645786              99.645786
              2       53.047644      0.81261868       1.1808852         13.275766           11.985127       1.0099419      0.73175362     -0.55344914       4.7082995        4.7082995       96.678689              96.678689
              1       53.023721      0.81261868       1.1808514         13.275757           11.985862       1.0102047      0.73192818     -0.55372692       4.7082995        4.7082995       96.630844              96.630844
              1       53.175974      0.81716031       1.1808514         13.275757           11.985862       1.0102047      0.73192818     -0.55372692       4.7082995        4.7082995       96.935348              96.935348
              2       53.277703      0.81716031       1.1830888         13.274845           11.985605       1.0092719      0.73015505     -0.56127721       4.7082995        4.7082995       97.138808              97.138808
              3       53.085669      0.81716031       1.1768245           13.2773           11.984311         1.00948      0.72927089     -0.56333925       4.7082995        4.7082995       96.754739              96.754739
              3       52.927275      0.81716031       1.1767573         13.279659           11.982737       1.0128773      0.73513416     -0.56373532       4.7082995        4.7082995        96.43795               96.43795
              2       52.887292      0.81716031       1.1755378         13.279469           11.983419       1.0128696      0.73551038     -0.56220957       4.7082995        4.7082995       96.357985              96.357985
              1       54.219525      0.81716031       1.1632553         13.265027           11.981271       1.0117979      0.74362769     -0.57489569       4.7082995        4.7082995       99.022452              99.022452
              1       54.579234      0.81716031       1.1643578         13.250958           11.970283       1.0159371      0.73183928     -0.56781427       4.7082995        4.7082995       99.741869              99.741869
              3       54.534037      0.81679142       1.1643578         13.250958           11.970283       1.0159371      0.73183928     -0.56781427       4.7082995        4.7082995       99.651476              99.651476
              2       53.838076      0.81679142       1.1629816         13.251708           11.968951       1.0173552      0.72942608     -0.56155541       4.7082995        4.7082995       98.259552              98.259552
              1       53.927801      0.81679142       1.1624331         13.251368           11.968661       1.0178812      0.72927445     -0.56250036       4.7082995        4.7082995       98.439004              98.439004
              2       53.564185      0.81679142       1.1607642         13.243751           11.955296       1.0164019      0.73452918     -0.56067791       4.7082995        4.7082995       97.711771              97.711771
              1       53.379564      0.81679142       1.1622074         13.243677           11.955928       1.0165757      0.73162901     -0.55527146       4.7082995        4.7082995        97.34253               97.34253
              2       53.794436      0.81679142       1.1592212         13.241755           11.961643       1.0157468      0.73537419     -0.55299244       4.7082995        4.7082995       98.172273              98.172273
              1       53.772099      0.81679142       1.1506894          13.23934           11.957355       1.0206786       0.7385842     -0.54951626       4.7082995        4.7082995         98.1276                98.1276
              1       55.226597      0.81679142       1.1597535         13.236218           11.955878       1.0216805      0.74671095     -0.54764805       4.7082995        4.7082995        101.0366               101.0366
              2       55.263783      0.81679142       1.1596035         13.235374           11.955432       1.0215183      0.74658701     -0.54760124       4.7082995        4.7082995       101.11097              101.11097
              3       52.957243       0.8095474       1.1596035         13.235374           11.955432       1.0215183      0.74658701     -0.54760124       4.7082995        4.7082995       96.497886              96.497886
              1       52.883876       0.8095474       1.1646164         13.236652           11.955447        1.021302      0.74613196     -0.54889475       4.7082995        4.7082995       96.351153              96.351153
              2       53.006427       0.8095474       1.1641775         13.231475           11.952899       1.0203039      0.75245543     -0.55692194       4.7082995        4.7082995       96.596255              96.596255
              2       52.978486       0.8095474       1.1660809         13.230169           11.954138       1.0209148      0.75333611     -0.55693823       4.7082995        4.7082995       96.540373              96.540373
              2       53.013331       0.8095474       1.1660835         13.230397           11.954537       1.0207238      0.75392313     -0.55758135       4.7082995        4.7082995       96.610063              96.610063
