#        weight    minuslogpost          sigma8        ygk_Ahmc ygk_LOWZ__3_lM1_0 ygk_LOWZ__3_lMmin_0  ygk_LOWZ__3_wz   ygk_mass_bias       ygk_rhogy   minuslogprior minuslogprior__0            chi2 chi2__ygk_like.ygkLike
              3       52.695563      0.80339013       1.2392331         13.278265           11.976367       1.0313458      0.76904128     -0.54406817       4.7082995        4.7082995       95.974526              95.974526
              7        51.90626      0.80339013       1.2479407         13.281512           11.983566       1.0299297      0.76873551      -0.5409746       4.7082995        4.7082995        94.39592               94.39592
              2       52.730932      0.80339013       1.2490291          13.27751           11.981214       1.0283832      0.77050432     -0.53406618       4.7082995        4.7082995       96.045266              96.045266
              4       54.513264      0.80339013       1.2535111         13.279017           11.972721       1.0274615      0.75814534     -0.53491629       4.7082995        4.7082995       99.609928              99.609928
              2       54.911892      0.80339013       1.2459016         13.289681           11.977245       1.0355704      0.75908917      -0.5334721       4.7082995        4.7082995       100.40719              100.40719
              3       54.755778      0.80339013       1.2447355         13.287794           11.975842       1.0361693      0.75150603     -0.53734948       4.7082995        4.7082995       100.09496              100.09496
              2       53.410811      0.81052484       1.2447355         13.287794           11.975842       1.0361693      0.75150603     -0.53734948       4.7082995        4.7082995       97.405023              97.405023
              1       53.731586      0.81052484         1.24911         13.283041           11.981499       1.0364717      0.73812113     -0.55486355       4.7082995        4.7082995       98.046574              98.046574
              1       53.731793      0.81052484       1.2489895         13.282978           11.981498       1.0364444      0.73817731     -0.55492267       4.7082995        4.7082995       98.046986              98.046986
              3        53.86612      0.81052484       1.2484174         13.282593           11.981351       1.0369891      0.73815654     -0.55493419       4.7082995        4.7082995        98.31564               98.31564
              1       52.820428      0.81052484       1.2502402         13.285195           11.983687       1.0345623      0.73977453     -0.54578391       4.7082995        4.7082995       96.224257              96.224257
              1       53.399498      0.81052484       1.2518777         13.282945           11.984106       1.0332539      0.73891275      -0.5475934       4.7082995        4.7082995       97.382397              97.382397
              2       53.075442      0.81052484       1.2606312         13.285122           11.977345       1.0343556      0.73049621     -0.54491567       4.7082995        4.7082995       96.734285              96.734285
              2       52.139876      0.81052484       1.2596062         13.267148           11.968205       1.0359586      0.73638168     -0.53564937       4.7082995        4.7082995       94.863152              94.863152
              5       52.888127       0.8052366       1.2596062         13.267148           11.968205       1.0359586      0.73638168     -0.53564937       4.7082995        4.7082995       96.359654              96.359654
              1       52.907154       0.8052366        1.259799         13.267346           11.968041       1.0359571      0.73624234     -0.53559263       4.7082995        4.7082995       96.397709              96.397709
              1       52.302383       0.8052366        1.257017          13.27084           11.971554       1.0335804      0.73701786     -0.52664337       4.7082995        4.7082995       95.188168              95.188168
              2       52.559804       0.8052366        1.248426         13.267736            11.97624        1.028899      0.74689112     -0.51289081       4.7082995        4.7082995       95.703009              95.703009
              1       52.824468       0.8052366       1.2439165         13.276045           11.976497       1.0294001      0.74596843     -0.51219204       4.7082995        4.7082995       96.232337              96.232337
              1       52.280459       0.8052366       1.2264179         13.267766           11.972151       1.0312888      0.75286651     -0.52444454       4.7082995        4.7082995       95.144318              95.144318
              1       52.620336      0.80044591       1.2264179         13.267766           11.972151       1.0312888      0.75286651     -0.52444454       4.7082995        4.7082995       95.824073              95.824073
              2       52.544919      0.80044591       1.2253598           13.2669            11.97227       1.0312091      0.75049041     -0.52380521       4.7082995        4.7082995       95.673238              95.673238
              1        52.03348      0.80403808       1.2253598           13.2669            11.97227       1.0312091      0.75049041     -0.52380521       4.7082995        4.7082995        94.65036               94.65036
              1       53.972707      0.80403808       1.2292504         13.274068           11.970129       1.0324613      0.74958202     -0.52424534       4.7082995        4.7082995       98.528815              98.528815
              2       55.397521      0.80403808       1.2249166         13.276627            11.96985       1.0315832       0.7447318     -0.52513036       4.7082995        4.7082995       101.37844              101.37844
              2       55.184507      0.80403808       1.2202964         13.278227           11.971242       1.0331874      0.74762534      -0.5241228       4.7082995        4.7082995       100.95241              100.95241
              2       55.124498      0.80403808       1.2202668         13.277886           11.970986       1.0333884      0.74733111     -0.52451819       4.7082995        4.7082995        100.8324               100.8324
              1       52.161525      0.80403808        1.212862         13.269699           11.977166       1.0310606      0.75691802     -0.52545189       4.7082995        4.7082995        94.90645               94.90645
              1       52.242891      0.80403808       1.2131091          13.26528           11.973994       1.0319089       0.7568584     -0.52349192       4.7082995        4.7082995       95.069182              95.069182
              1       52.479657      0.80403808       1.2109588          13.26489            11.96835       1.0331093      0.75906513     -0.53641653       4.7082995        4.7082995       95.542716              95.542716
              1       52.018073      0.80403808        1.210961          13.26359           11.969052       1.0327389      0.75685912     -0.53727577       4.7082995        4.7082995       94.619548              94.619548
              4       52.346291       0.8020408        1.210961          13.26359           11.969052       1.0327389      0.75685912     -0.53727577       4.7082995        4.7082995       95.275983              95.275983
              2       52.182887       0.8020408        1.196239         13.279319           11.989552       1.0268006      0.74979959     -0.52406365       4.7082995        4.7082995       94.949175              94.949175
              3       52.642721       0.8020408       1.1976995          13.27439           11.988221       1.0242125      0.75736837     -0.51773015       4.7082995        4.7082995       95.868842              95.868842
              3       52.731477       0.8020408       1.1953725          13.27278           11.987262       1.0218683      0.75298214     -0.51369109       4.7082995        4.7082995       96.046356              96.046356
              2       52.505589      0.79927777       1.1953725          13.27278           11.987262       1.0218683      0.75298214     -0.51369109       4.7082995        4.7082995       95.594579              95.594579
              1       52.389158      0.79927777       1.1866678         13.267621           11.985696       1.0215545      0.75456466     -0.52055388       4.7082995        4.7082995       95.361718              95.361718
              2       53.940699      0.79927777        1.189338          13.26482           11.989058       1.0220883      0.74830164     -0.52419919       4.7082995        4.7082995       98.464799              98.464799
              1       55.085826      0.79927777       1.1917114         13.267726           11.991845       1.0219613      0.74507964     -0.52889572       4.7082995        4.7082995       100.75505              100.75505
              1         54.0579      0.79927777       1.1923518         13.266582            11.98332       1.0218334      0.74125114     -0.53169107       4.7082995        4.7082995       98.699201              98.699201
              3       54.963022      0.79927777       1.1843744         13.268272           11.983917       1.0222189      0.73868584     -0.53262783       4.7082995        4.7082995       100.50945              100.50945
              1       54.924305      0.79927777       1.1843723         13.268334           11.983875       1.0222763      0.73880694     -0.53270804       4.7082995        4.7082995       100.43201              100.43201
              3       53.349032      0.79927777       1.1736052         13.265253           11.986914        1.017843      0.74604922     -0.52506858       4.7082995        4.7082995       97.281465              97.281465
              1        53.28476      0.79927777       1.1761842         13.265684           11.987619       1.0166248      0.74727161     -0.52711743       4.7082995        4.7082995       97.152921              97.152921
              4       53.027991      0.79927777         1.16523         13.274858           11.992966       1.0191239       0.7566614      -0.5408209       4.7082995        4.7082995       96.639383              96.639383
              1       52.851595      0.79927777       1.1690499         13.270428           11.993202       1.0195553      0.76075104     -0.53322364       4.7082995        4.7082995       96.286591              96.286591
              2       52.955447      0.79927777       1.1607066         13.264794           11.989707       1.0201297      0.76316493     -0.53370891       4.7082995        4.7082995       96.494294              96.494294
              3       53.707546      0.79927777       1.1608632         13.264665           11.989945       1.0245812       0.7574047      -0.5323493       4.7082995        4.7082995       97.998494              97.998494
              3       52.594531      0.79927777       1.1661681         13.270874           11.988231       1.0213569      0.76174364     -0.52728985       4.7082995        4.7082995       95.772462              95.772462
              1       53.037551      0.79927777       1.1638959         13.286587           11.995938       1.0280081      0.76794917     -0.52040802       4.7082995        4.7082995       96.658502              96.658502
              1       53.772026      0.79927777       1.1528428         13.285017           11.997583       1.0264142      0.76785614     -0.51260375       4.7082995        4.7082995       98.127454              98.127454
              1       54.800218      0.79000205       1.1528428         13.285017           11.997583       1.0264142      0.76785614     -0.51260375       4.7082995        4.7082995       100.18384              100.18384
              2       53.738772      0.79000205       1.1562956         13.281469           11.997788       1.0272386      0.76659409     -0.50743352       4.7082995        4.7082995       98.060944              98.060944
              1       53.894074      0.79000205       1.1512227         13.281734           11.998395       1.0279209      0.76431993     -0.50149427       4.7082995        4.7082995        98.37155               98.37155
              4       54.122075      0.79000205       1.1524504         13.278275           11.995257       1.0266637      0.76728982     -0.49793101       4.7082995        4.7082995       98.827552              98.827552
              1       53.417904      0.79000205       1.1557207         13.274829           11.996958       1.0270505      0.76349524     -0.49688831       4.7082995        4.7082995       97.419209              97.419209
              4        54.93928      0.79000205       1.1544322         13.278805           11.996925       1.0266587      0.75571769     -0.49029434       4.7082995        4.7082995       100.46196              100.46196
              2       53.689215      0.79000205       1.1640482         13.284256           12.005073       1.0205606      0.76132553     -0.48731082       4.7082995        4.7082995       97.961832              97.961832
              1       53.788018      0.79000205       1.1735888         13.304876           12.015936       1.0270999      0.75920912     -0.49789174       4.7082995        4.7082995       98.159436              98.159436
              1       53.714531      0.79000205       1.1758596         13.305426            12.01587       1.0272836      0.75979043      -0.4977116       4.7082995        4.7082995       98.012464              98.012464
              2        53.89626      0.79000205       1.1745491         13.307289           12.024941       1.0225872      0.76978696     -0.48585259       4.7082995        4.7082995       98.375922              98.375922
              2       53.875648      0.79000205       1.1756376         13.310919           12.028722       1.0211947      0.76654481     -0.48990812       4.7082995        4.7082995       98.334698              98.334698
              3       53.960527      0.79000205       1.1738232          13.31477           12.030848       1.0227913      0.76663563     -0.48846491       4.7082995        4.7082995       98.504455              98.504455
              5       53.466138      0.79000205         1.17197         13.315054           12.024334       1.0210419      0.76714014     -0.49400345       4.7082995        4.7082995       97.515677              97.515677
              2       53.658648      0.79000205       1.1728354         13.316949           12.026153        1.019119      0.76171111     -0.49303421       4.7082995        4.7082995       97.900698              97.900698
              2       54.140167      0.79000205       1.1617461         13.314087           12.027563       1.0113189      0.76846682     -0.49218782       4.7082995        4.7082995       98.863736              98.863736
              1       54.049556      0.79000205        1.162233         13.313424           12.027493        1.011293      0.76884071      -0.4924081       4.7082995        4.7082995       98.682514              98.682514
              1       54.156347      0.79000205       1.1591158         13.307489           12.030988       1.0116775       0.7632437     -0.49232054       4.7082995        4.7082995       98.896095              98.896095
              1       54.120207      0.79000205       1.1636233         13.310191           12.029736       1.0092979      0.75593372     -0.50075625       4.7082995        4.7082995       98.823815              98.823815
              2       54.023315      0.79000205       1.1684831         13.309659           12.028559       1.0078628      0.75256621     -0.49270687       4.7082995        4.7082995       98.630031              98.630031
              2       54.237277      0.79000205       1.1730726         13.306682           12.023175       1.0088139      0.75259689     -0.49342849       4.7082995        4.7082995       99.057955              99.057955
              1         54.8702      0.79000205       1.1735834         13.300915           12.026869       1.0090075      0.75271351     -0.49235341       4.7082995        4.7082995        100.3238               100.3238
              1       54.683714      0.79000205       1.1741779         13.301341           12.026465       1.0088482      0.75164236     -0.48867325       4.7082995        4.7082995       99.950829              99.950829
              1       54.184245      0.79000205        1.174401         13.301656           12.025594       1.0084144      0.76504137      -0.4850587       4.7082995        4.7082995        98.95189               98.95189
              1       54.417494      0.79000205       1.1734427         13.297573           12.021502       1.0032291       0.7642322     -0.48651917       4.7082995        4.7082995       99.418389              99.418389
              1       54.203869      0.79000205       1.1788592         13.303217           12.027097       1.0003473      0.76050787     -0.48665447       4.7082995        4.7082995       98.991139              98.991139
              6       54.337943      0.79000205       1.1827661         13.302119            12.02184       1.0008118      0.75453762      -0.4909734       4.7082995        4.7082995       99.259287              99.259287
              3       54.481677      0.79000205       1.1845538         13.302326           12.021098       1.0017079      0.75135546     -0.49083262       4.7082995        4.7082995       99.546754              99.546754
              2        54.52606      0.79725676       1.1845538         13.302326           12.021098       1.0017079      0.75135546     -0.49083262       4.7082995        4.7082995       99.635521              99.635521
              1        54.14766      0.79725676       1.1809751         13.301363           12.019084         1.00244      0.75062235     -0.50028588       4.7082995        4.7082995       98.878721              98.878721
              2       54.691419      0.79725676        1.190752         13.313318           12.020468        1.003095      0.75748345     -0.50571444       4.7082995        4.7082995       99.966239              99.966239
              2        53.74101      0.79725676       1.1857562         13.308677             12.0254       1.0038762      0.76129179     -0.50692399       4.7082995        4.7082995        98.06542               98.06542
              2       53.038489      0.79725676       1.1819961          13.31314           12.028633       1.0030934       0.7554097     -0.51701799       4.7082995        4.7082995        96.66038               96.66038
              1       53.034651      0.79725676       1.1819955         13.313046           12.028504       1.0031611      0.75534914     -0.51709854       4.7082995        4.7082995       96.652702              96.652702
              7       54.239558      0.79725676       1.1832922          13.33331           12.031728        1.010235        0.768081      -0.5184347       4.7082995        4.7082995       99.062517              99.062517
              3       54.471799      0.79725676       1.1827686         13.333331           12.031035       1.0097973      0.76703266     -0.51946994       4.7082995        4.7082995       99.526999              99.526999
              4       52.221431      0.79725676       1.2027077         13.320783           12.026782       1.0131293      0.76866943     -0.52698975       4.7082995        4.7082995       95.026264              95.026264
              1       52.305156      0.79725676       1.2021967         13.320296           12.025851       1.0131286      0.77015297     -0.52668485       4.7082995        4.7082995       95.193714              95.193714
              6       52.339395      0.79725676       1.2008006         13.317046           12.024157       1.0122977      0.77177635     -0.52828084       4.7082995        4.7082995       95.262192              95.262192
              1       52.191262      0.79725676       1.2082645          13.30987           12.020106       1.0123918      0.76279444     -0.52533931       4.7082995        4.7082995       94.965926              94.965926
              3       52.068544      0.79725676       1.2143269         13.309856           12.017759       1.0144713      0.76304476     -0.52494057       4.7082995        4.7082995       94.720489              94.720489
              1       52.140997      0.79725676       1.2157081         13.310998           12.019973       1.0142748      0.76267319     -0.52622861       4.7082995        4.7082995       94.865395              94.865395
              3       52.071584      0.79725676        1.217352         13.311042           12.019303       1.0133352      0.76309745     -0.52480651       4.7082995        4.7082995       94.726569              94.726569
              5       56.109125      0.79725676       1.2214364         13.312652           12.029432       1.0150939      0.75658857     -0.52728873       4.7082995        4.7082995       102.80165              102.80165
              1       54.984741      0.79725676       1.2239217         13.312757           12.027033       1.0160044      0.75424307     -0.52273828       4.7082995        4.7082995       100.55288              100.55288
              1       54.839358      0.79725676       1.2237775         13.313102           12.026989       1.0159753      0.75411407     -0.52272057       4.7082995        4.7082995       100.26212              100.26212
              1       55.708714      0.79725676       1.2201044          13.31491           12.020553       1.0149641       0.7441494     -0.53966906       4.7082995        4.7082995       102.00083              102.00083
              2       56.710417      0.79725676       1.2257297         13.321474           12.026343       1.0132816      0.74120043     -0.54002553       4.7082995        4.7082995       104.00424              104.00424
              1       55.943883      0.81157134       1.2257297         13.321474           12.026343       1.0132816      0.74120043     -0.54002553       4.7082995        4.7082995       102.47117              102.47117
              1       54.171665      0.81157134       1.2294504         13.321003           12.022312       1.0136697      0.73763614     -0.53740067       4.7082995        4.7082995        98.92673               98.92673
              1       52.698707      0.81157134       1.2328943         13.322301           12.017208       1.0117347      0.74418903     -0.53920114       4.7082995        4.7082995       95.980816              95.980816
              2       53.649751      0.81157134       1.2331477           13.3161           12.018799       1.0093723      0.74234116     -0.53855469       4.7082995        4.7082995       97.882902              97.882902
              1       52.888206      0.81157134       1.2344677          13.32029           12.016626       1.0129233      0.74504319     -0.53862726       4.7082995        4.7082995       96.359812              96.359812
              1       52.572295      0.81157134       1.2435732         13.308248           12.003409       1.0130427      0.74749386     -0.54479191       4.7082995        4.7082995       95.727992              95.727992
              3       52.738368      0.81157134       1.2438041         13.307501           12.003539       1.0130899      0.74830773     -0.54294245       4.7082995        4.7082995       96.060136              96.060136
              2       52.603957      0.81106902       1.2438041         13.307501           12.003539       1.0130899      0.74830773     -0.54294245       4.7082995        4.7082995       95.791315              95.791315
              3       53.772229      0.81106902       1.2375982          13.30509           12.009976       1.0147915      0.74318324     -0.54733152       4.7082995        4.7082995       98.127859              98.127859
              1       52.175497      0.81106902       1.2351473          13.31234           12.009452       1.0126247      0.74545514     -0.55651818       4.7082995        4.7082995       94.934394              94.934394
              1        52.15878      0.81106902        1.234288         13.312081           12.009241       1.0126033      0.74611115     -0.55628755       4.7082995        4.7082995       94.900961              94.900961
              4       52.252783      0.81106902       1.2353604         13.313659           12.010764       1.0139215      0.74901925     -0.55663925       4.7082995        4.7082995       95.088966              95.088966
              1        52.22509      0.81106902       1.2363238            13.313           12.009828       1.0130907      0.75081423     -0.55665668       4.7082995        4.7082995        95.03358               95.03358
              1       52.256228      0.81106902       1.2384887         13.314082           12.008612       1.0144058      0.75321327     -0.55738831       4.7082995        4.7082995       95.095857              95.095857
              4       52.654966      0.81106902       1.2546863         13.307181           11.997942       1.0145682      0.73693393      -0.5534789       4.7082995        4.7082995       95.893334              95.893334
              2       52.702357      0.81106902       1.2597598         13.306176           12.006042       1.0147972      0.74127014     -0.54135863       4.7082995        4.7082995       95.988116              95.988116
              5       53.428621      0.81106902        1.261648         13.306673           11.995832       1.0120441      0.73101959     -0.53129199       4.7082995        4.7082995       97.440644              97.440644
              1       52.295881      0.81106902       1.2601718         13.299752           11.996151       1.0157345      0.73718245     -0.53081945       4.7082995        4.7082995       95.175163              95.175163
              1       52.638517      0.81106902       1.2613935         13.298061           11.995755       1.0164589      0.73197164     -0.51890163       4.7082995        4.7082995       95.860434              95.860434
              6       52.559665      0.81106902       1.2529839         13.294552            11.98965        1.016964        0.724688     -0.52211642       4.7082995        4.7082995       95.702732              95.702732
              1       52.891148      0.81106902         1.25383         13.293987           11.988127       1.0160279       0.7234475     -0.52040394       4.7082995        4.7082995       96.365697              96.365697
              1       53.563295      0.81106902       1.2531222         13.308985           12.000051        1.010487      0.71748714     -0.52774811       4.7082995        4.7082995       97.709991              97.709991
              1       53.427305      0.81145861       1.2531222         13.308985           12.000051        1.010487      0.71748714     -0.52774811       4.7082995        4.7082995       97.438011              97.438011
              1       52.660461      0.81145861       1.2545442         13.305181           12.000008       1.0086849      0.72313557     -0.53181034       4.7082995        4.7082995       95.904322              95.904322
              2       52.430265      0.81349782       1.2545442         13.305181           12.000008       1.0086849      0.72313557     -0.53181034       4.7082995        4.7082995        95.44393               95.44393
              6        53.99796      0.81349782        1.264445         13.298258           11.987531       1.0096387      0.72997046     -0.53792494       4.7082995        4.7082995       98.579321              98.579321
              1       53.524738      0.81349782       1.2719701         13.309369           11.995777       1.0131799      0.74079843      -0.5434596       4.7082995        4.7082995       97.632878              97.632878
              1       53.425175      0.81349782       1.2715478         13.308708           11.995508       1.0137103      0.74102788     -0.54319115       4.7082995        4.7082995       97.433751              97.433751
              1       53.740652      0.80925963       1.2715478         13.308708           11.995508       1.0137103      0.74102788     -0.54319115       4.7082995        4.7082995       98.064705              98.064705
              4       51.994741      0.80925963       1.2599196         13.307649           12.004974       1.0129847      0.74254569     -0.54695697       4.7082995        4.7082995       94.572882              94.572882
              2       52.008516      0.80925963        1.257577         13.306646           12.004956       1.0113584      0.74054135     -0.54139215       4.7082995        4.7082995       94.600432              94.600432
              3       52.244734      0.80925963       1.2581935         13.305187           12.006147       1.0112846      0.73952717     -0.54189175       4.7082995        4.7082995       95.072869              95.072869
              2       52.610953      0.80925963       1.2605491         13.309536           12.010963        1.010727      0.74012201     -0.54090465       4.7082995        4.7082995       95.805307              95.805307
              1       52.589152      0.80925963       1.2457602         13.309442           12.004683       1.0145882      0.74466033     -0.53107372       4.7082995        4.7082995       95.761705              95.761705
              2        52.72263      0.80925963       1.2465297         13.310323            12.00384        1.014972      0.74442742     -0.53128089       4.7082995        4.7082995        96.02866               96.02866
              1       53.683175      0.80925963       1.2471592         13.310547           12.000873       1.0136008      0.73999822     -0.52681627       4.7082995        4.7082995       97.949751              97.949751
              1        54.22002      0.80564988       1.2471592         13.310547           12.000873       1.0136008      0.73999822     -0.52681627       4.7082995        4.7082995       99.023442              99.023442
              2       54.042851      0.80564988       1.2410128         13.320584           12.010032       1.0142042      0.73147628     -0.52766334       4.7082995        4.7082995       98.669102              98.669102
              1       53.904598      0.80564988       1.2512655         13.316206           12.004752       1.0164779      0.73385566     -0.52064011       4.7082995        4.7082995       98.392598              98.392598
              1       53.692332      0.80564988       1.2531265         13.316697           12.005931       1.0161814       0.7319585     -0.52092264       4.7082995        4.7082995       97.968065              97.968065
              8       54.224001      0.80564988        1.252636          13.31824           12.005672       1.0193146      0.72924173      -0.5248587       4.7082995        4.7082995       99.031404              99.031404
              4       53.609691      0.80564988        1.254762         13.315027           12.008601        1.020857      0.72710892     -0.52327705       4.7082995        4.7082995       97.802783              97.802783
              1       53.745187      0.80564988       1.2625934         13.314306           12.008643         1.01903      0.72700602     -0.52712926       4.7082995        4.7082995       98.073774              98.073774
              2       54.016136      0.80564988       1.2600935         13.315468           12.005908       1.0189647      0.72882346     -0.53231371       4.7082995        4.7082995       98.615674              98.615674
              1       53.908622      0.80564988       1.2617869         13.330491           12.013489       1.0175243      0.74555346      -0.5277815       4.7082995        4.7082995       98.400644              98.400644
              1       52.733637      0.80564988       1.2613607         13.330727            12.01736       1.0179823      0.74447269     -0.52997935       4.7082995        4.7082995       96.050674              96.050674
              2       54.316435      0.81381638       1.2613607         13.330727            12.01736       1.0179823      0.74447269     -0.52997935       4.7082995        4.7082995       99.216271              99.216271
              3       54.069435      0.81381638       1.2606103         13.330905           12.015131       1.0154671      0.74588514     -0.53602998       4.7082995        4.7082995       98.722271              98.722271
              1       54.251782      0.80341225       1.2606103         13.330905           12.015131       1.0154671      0.74588514     -0.53602998       4.7082995        4.7082995       99.086964              99.086964
              2       52.294521      0.80341225       1.2586152         13.329078            12.02338       1.0144249      0.74865237      -0.5355208       4.7082995        4.7082995       95.172444              95.172444
              1       52.410871      0.80341225       1.2688007          13.32808           12.023888       1.0148499      0.74949218     -0.53416354       4.7082995        4.7082995       95.405143              95.405143
              3       52.245837      0.80341225       1.2681947         13.328637           12.022468       1.0148362      0.74843318     -0.52799312       4.7082995        4.7082995       95.075075              95.075075
              1       52.247687      0.80341225       1.2681203         13.328839           12.021713       1.0155162      0.74824305     -0.52821576       4.7082995        4.7082995       95.078774              95.078774
              4       53.317909      0.80341225        1.269684         13.336663           12.023123       1.0150455      0.74147044     -0.52961294       4.7082995        4.7082995       97.219219              97.219219
              1       53.163548      0.80341225       1.2652241         13.333496           12.020935       1.0158546      0.74160164     -0.53066229       4.7082995        4.7082995       96.910497              96.910497
              3        52.95057      0.80341225       1.2663419         13.335408           12.023829        1.018779      0.74402731     -0.53282339       4.7082995        4.7082995        96.48454               96.48454
              3       52.948903      0.80341225       1.2665755         13.335235           12.023678       1.0188016      0.74402197     -0.53287267       4.7082995        4.7082995       96.481208              96.481208
              2       52.928657      0.80341225       1.2545736         13.320373           12.020046       1.0192833      0.75123634     -0.53775082       4.7082995        4.7082995       96.440715              96.440715
              1       52.442287      0.80341225       1.2541607         13.322598           12.019125       1.0204828      0.75338911     -0.53890412       4.7082995        4.7082995       95.467976              95.467976
              1       52.259893      0.80341225       1.2536596         13.323562           12.017245       1.0198794      0.75263271      -0.5406983       4.7082995        4.7082995       95.103188              95.103188
              2       52.349384      0.80341225       1.2512258         13.324452           12.017221       1.0200897      0.75121985     -0.53936226       4.7082995        4.7082995       95.282168              95.282168
              1        52.38115      0.80341225       1.2512713         13.325165           12.017442       1.0204347      0.75125835     -0.53932828       4.7082995        4.7082995       95.345702              95.345702
              6       52.312807      0.80341225       1.2423907         13.319474           12.012957       1.0228921      0.75036727     -0.53361513       4.7082995        4.7082995       95.209015              95.209015
              3       52.656761      0.80341225       1.2455339         13.313572           12.012789       1.0226262      0.74839862     -0.53536184       4.7082995        4.7082995       95.896923              95.896923
              2       52.773077      0.80341225       1.2446575         13.314104           12.006923       1.0235761      0.74604937     -0.53642781       4.7082995        4.7082995       96.129555              96.129555
              1       52.584014      0.80341225       1.2467952         13.313999           12.006107       1.0242796      0.74882703     -0.53594866       4.7082995        4.7082995       95.751428              95.751428
              1       55.613556      0.80341225       1.2328349         13.321494           12.003568       1.0294265      0.76273702     -0.53009772       4.7082995        4.7082995       101.81051              101.81051
              1       56.778941      0.79914851       1.2328349         13.321494           12.003568       1.0294265      0.76273702     -0.53009772       4.7082995        4.7082995       104.14128              104.14128
              1         56.8606      0.79914851       1.2328472         13.321328           12.003377       1.0293207      0.76290688     -0.52976075       4.7082995        4.7082995        104.3046               104.3046
              1       56.411471      0.79914851       1.2205368         13.312528            12.02466        1.027086      0.76272088     -0.52589573       4.7082995        4.7082995       103.40634              103.40634
              1       55.969304      0.79914851       1.2184248         13.310618           12.022927       1.0268419      0.76289153     -0.52830385       4.7082995        4.7082995       102.52201              102.52201
              9       55.356131      0.79914851       1.2227286         13.315802           12.027051       1.0236958      0.77578851     -0.53624945       4.7082995        4.7082995       101.29566              101.29566
              1       53.781142      0.79914851       1.2183271         13.310874           12.020165       1.0229999      0.78072125     -0.53340515       4.7082995        4.7082995       98.145686              98.145686
              1       52.787744      0.79695286       1.2183271         13.310874           12.020165       1.0229999      0.78072125     -0.53340515       4.7082995        4.7082995       96.158889              96.158889
              5       53.366497      0.79695286       1.2175915         13.309877           12.021311       1.0229279      0.77996565     -0.53229435       4.7082995        4.7082995       97.316396              97.316396
              1       53.789677       0.7978878       1.2175915         13.309877           12.021311       1.0229279      0.77996565     -0.53229435       4.7082995        4.7082995       98.162754              98.162754
              2       52.619917       0.7978878       1.2196214         13.312462           12.013223       1.0251941      0.78208186     -0.53227882       4.7082995        4.7082995       95.823235              95.823235
              1       52.491873       0.7978878       1.2200637          13.30912           12.012626       1.0255354      0.78116539     -0.53110918       4.7082995        4.7082995       95.567147              95.567147
              1       52.468798       0.7978878       1.2205928            13.309           12.012585       1.0254503      0.78121866     -0.53147772       4.7082995        4.7082995       95.520997              95.520997
              2       52.518822       0.7978878       1.2202452         13.308745           12.012258       1.0252849      0.78172115     -0.53154558       4.7082995        4.7082995       95.621045              95.621045
              2       52.415267       0.7978878       1.2209712         13.308119           12.011409       1.0250764      0.78100338      -0.5319962       4.7082995        4.7082995       95.413935              95.413935
              5       52.332946       0.7978878       1.2157153         13.311409            12.00977       1.0260907      0.77537327     -0.53590935       4.7082995        4.7082995       95.249293              95.249293
              1       52.150349       0.7978878       1.2187261         13.305279           12.013285       1.0233365        0.773091      -0.5321075       4.7082995        4.7082995       94.884099              94.884099
              1       52.048113       0.7978878       1.2197051         13.299075           12.003989       1.0252621       0.7620188     -0.53221949       4.7082995        4.7082995       94.679628              94.679628
              2       52.862812       0.7978878       1.2375762         13.299387           11.996854         1.02574      0.76993484     -0.53235503       4.7082995        4.7082995       96.309025              96.309025
              1       54.463874       0.7978878       1.2374015         13.301513           11.995165       1.0247718      0.76909187     -0.53211773       4.7082995        4.7082995       99.511149              99.511149
              1       54.503519       0.7978878       1.2373032         13.301416           11.995048       1.0247569      0.76921881     -0.53207997       4.7082995        4.7082995        99.59044               99.59044
              4       54.261596       0.7978878       1.2373296         13.300838           11.995043       1.0244614      0.76925044     -0.53434584       4.7082995        4.7082995       99.106593              99.106593
              2        55.88174      0.80857898       1.2373296         13.300838           11.995043       1.0244614      0.76925044     -0.53434584       4.7082995        4.7082995       102.34688              102.34688
              1       55.875521      0.80857898        1.237333         13.300843            11.99503       1.0244599      0.76921533     -0.53434726       4.7082995        4.7082995       102.33444              102.33444
              1       55.234147      0.80857898       1.2377199         13.297341           11.995754       1.0239559      0.76865584     -0.53509931       4.7082995        4.7082995        101.0517               101.0517
              3       55.165806      0.80857898       1.2358107         13.295305           11.999058       1.0200357       0.7676186     -0.53672019       4.7082995        4.7082995       100.91501              100.91501
              1       55.113578      0.80857898       1.2415818         13.295167           11.986017        1.018796      0.75934069     -0.54589817       4.7082995        4.7082995       100.81056              100.81056
              2       51.904198      0.80857898       1.2562995         13.299631           11.998148       1.0193358      0.75119288     -0.54705492       4.7082995        4.7082995       94.391797              94.391797
              2       51.974587      0.80857898       1.2542741         13.301225           11.996666       1.0189828       0.7451197      -0.5404708       4.7082995        4.7082995       94.532574              94.532574
              1       53.175034      0.80857898       1.2505376         13.293744           12.000437       1.0181361       0.7489174     -0.55004104       4.7082995        4.7082995       96.933469              96.933469
              1       52.898111      0.80857898       1.2523554         13.299943           12.003005       1.0157729       0.7605453     -0.54866388       4.7082995        4.7082995       96.379623              96.379623
              1       52.839506      0.80857898       1.2466684         13.307628           11.999695       1.0172655      0.76065951     -0.55453516       4.7082995        4.7082995       96.262412              96.262412
              4       52.780421      0.80857898        1.252805          13.30819           11.998854       1.0180578       0.7610035     -0.55800353       4.7082995        4.7082995       96.144242              96.144242
              1       52.496881      0.80857898       1.2609983         13.303468           12.007197       1.0104945      0.75498317     -0.55632225       4.7082995        4.7082995       95.577163              95.577163
              1       52.107066      0.80857898       1.2499536         13.303704            12.00197       1.0090185      0.74556381     -0.55112774       4.7082995        4.7082995       94.797533              94.797533
              1       52.036468      0.80857898        1.248829         13.303138           12.002444       1.0088143       0.7466665     -0.55137962       4.7082995        4.7082995       94.656337              94.656337
              2       52.040145      0.80857898       1.2487085         13.302945           12.002376       1.0088175      0.74622281     -0.55249475       4.7082995        4.7082995       94.663691              94.663691
              4       52.038521      0.80860777       1.2487085         13.302945           12.002376       1.0088175      0.74622281     -0.55249475       4.7082995        4.7082995       94.660442              94.660442
              1       52.075996      0.80860777       1.2478365         13.302652           12.002731       1.0090718      0.74403942     -0.55289386       4.7082995        4.7082995       94.735393              94.735393
              1       52.802352      0.80522639       1.2478365         13.302652           12.002731       1.0090718      0.74403942     -0.55289386       4.7082995        4.7082995       96.188105              96.188105
              2       53.106467      0.80522639         1.25544         13.296209           12.004069       1.0087301      0.74122582     -0.54956436       4.7082995        4.7082995       96.796335              96.796335
              4       53.459187      0.80522639       1.2640998         13.305864            12.01255        1.007982      0.74330663     -0.54995451       4.7082995        4.7082995       97.501775              97.501775
              1       55.567704      0.80522639        1.266368         13.311424           12.003105       1.0067254      0.74080065     -0.56562802       4.7082995        4.7082995       101.71881              101.71881
              3       52.953443      0.81063942        1.266368         13.311424           12.003105       1.0067254      0.74080065     -0.56562802       4.7082995        4.7082995       96.490287              96.490287
              1        52.69599      0.81063942       1.2675926         13.303264           12.000281       1.0050334      0.73851641     -0.56517382       4.7082995        4.7082995       95.975381              95.975381
              4       52.856963      0.81063942       1.2628486         13.308038           12.004087       1.0002782      0.73734449     -0.55955325       4.7082995        4.7082995       96.297327              96.297327
              3       54.643908      0.80616935       1.2628486         13.308038           12.004087       1.0002782      0.73734449     -0.55955325       4.7082995        4.7082995       99.871216              99.871216
              1       53.904011      0.80616935       1.2667861         13.306737           12.007693       1.0015725      0.73690643     -0.56108316       4.7082995        4.7082995       98.391423              98.391423
              2       53.992381      0.80616935       1.2694741          13.29738           12.007605       1.0019787      0.73143282     -0.54269818       4.7082995        4.7082995       98.568162              98.568162
              3       54.130787      0.80616935       1.2744182         13.298791           12.004578       1.0005683      0.72588089     -0.54417547       4.7082995        4.7082995       98.844975              98.844975
              2       54.283763      0.80616935       1.2757468         13.297684           12.004372       1.0005723      0.72578876     -0.54471029       4.7082995        4.7082995       99.150927              99.150927
              1       54.392324      0.80616935       1.2750395         13.298681           12.002121       1.0018338       0.7250786      -0.5474854       4.7082995        4.7082995       99.368049              99.368049
              2       54.704768      0.80616935       1.2749616          13.29864           12.001993       1.0017512      0.72435856     -0.54742593       4.7082995        4.7082995       99.992936              99.992936
              3       54.974129      0.80616935       1.2804696         13.304424           12.002242       1.0021285      0.72327384     -0.54560519       4.7082995        4.7082995       100.53166              100.53166
              3        52.44608      0.80616935       1.2873962         13.308903           12.008535       1.0059318      0.73412728     -0.53611034       4.7082995        4.7082995       95.475562              95.475562
              1       52.807809      0.80616935       1.3085986         13.302338           12.004425       1.0019099       0.7253163     -0.52561686       4.7082995        4.7082995       96.199019              96.199019
              2        52.97774      0.80616935       1.3015136         13.291869           12.001346       1.0005511      0.73149103     -0.51712718       4.7082995        4.7082995       96.538881              96.538881
              2       53.768643      0.80887168       1.3015136         13.291869           12.001346       1.0005511      0.73149103     -0.51712718       4.7082995        4.7082995       98.120687              98.120687
              2       53.477102      0.80887168       1.3071121         13.293024           12.001105       1.0030464      0.73104799     -0.52425444       4.7082995        4.7082995       97.537606              97.537606
              3       52.844012      0.80887168       1.3062128           13.2966           11.994227       1.0035485      0.71887894     -0.52229323       4.7082995        4.7082995       96.271424              96.271424
              5       52.985587      0.80887168       1.3059348         13.296737           11.993486       1.0034817      0.71860237     -0.52188554       4.7082995        4.7082995       96.554575              96.554575
              3       52.850742      0.80887168       1.3060703         13.294897           11.993651       1.0030259      0.71801256     -0.52174486       4.7082995        4.7082995       96.284885              96.284885
              3       53.553536      0.80887168       1.3056237         13.301283           11.994582       1.0021619      0.72105724     -0.52084107       4.7082995        4.7082995       97.690472              97.690472
              1       52.888081      0.80887168        1.305479         13.300526           11.996321       1.0025712      0.72244245     -0.51957016       4.7082995        4.7082995       96.359564              96.359564
              2       52.798165      0.80887168       1.3045358         13.299844            11.99654       1.0020943      0.72293793     -0.51996292       4.7082995        4.7082995       96.179731              96.179731
              3       54.113018      0.80887168       1.3076431         13.296309           11.999535       1.0037158      0.71532255     -0.53109082       4.7082995        4.7082995       98.809437              98.809437
              1       53.240381      0.80887168       1.3066477         13.296872           11.997775       1.0058407      0.72050496     -0.53363302       4.7082995        4.7082995       97.064162              97.064162
              2       53.416484      0.80887168       1.3051107         13.296813           11.999181       1.0055184      0.72114511     -0.53439653       4.7082995        4.7082995       97.416369              97.416369
              2       52.781469      0.80887168       1.3029953         13.293704           11.995957       1.0040708      0.72576418     -0.53979667       4.7082995        4.7082995        96.14634               96.14634
              2       52.323717      0.80887168       1.2794529         13.292662           11.996382       1.0039048       0.7275828     -0.52839403       4.7082995        4.7082995       95.230835              95.230835
              1       52.514002      0.80887168       1.2783564         13.294025           11.999606       1.0052375      0.72992286     -0.53090542       4.7082995        4.7082995       95.611405              95.611405
              4       52.498903      0.80887168        1.278276         13.305157           12.003282       1.0013222      0.73225762     -0.53091903       4.7082995        4.7082995       95.581207              95.581207
              2       52.355695      0.80887168       1.2819587         13.306117           12.007829      0.99911991      0.73005624     -0.53388365       4.7082995        4.7082995       95.294791              95.294791
              1       53.159593      0.80887168       1.2849964         13.308123           12.004227      0.99853815      0.72155173     -0.52596787       4.7082995        4.7082995       96.902586              96.902586
              3       55.144419      0.80887168       1.2955584         13.304352           12.013599      0.99927861       0.7332908     -0.51184948       4.7082995        4.7082995       100.87224              100.87224
              3       53.555848      0.80887168       1.2924779         13.303674           12.010446      0.99661382      0.72603106     -0.51059981       4.7082995        4.7082995       97.695098              97.695098
              4       52.944972      0.80887168       1.2973686          13.30658           12.006189       1.0002015      0.71820354     -0.50536701       4.7082995        4.7082995       96.473346              96.473346
              2       54.090044      0.80887168       1.2853215         13.310769           12.004016       1.0048116       0.7236772      -0.4985884       4.7082995        4.7082995       98.763489              98.763489
              1       53.883257      0.80887168        1.286746         13.295296           12.000275       1.0062785      0.72086965     -0.49166231       4.7082995        4.7082995       98.349915              98.349915
              4       53.979555      0.80887168       1.2867398         13.295279           12.000125       1.0062599      0.72097003     -0.49171308       4.7082995        4.7082995       98.542511              98.542511
              1       53.533219      0.80887168       1.2881103          13.29656           11.998272       1.0060475      0.71759042     -0.49151226       4.7082995        4.7082995        97.64984               97.64984
              1        53.84906      0.80240709       1.2881103          13.29656           11.998272       1.0060475      0.71759042     -0.49151226       4.7082995        4.7082995       98.281521              98.281521
              1       53.678871      0.80240709       1.2877538         13.295792            12.00051       1.0064521      0.71591497     -0.48904985       4.7082995        4.7082995       97.941143              97.941143
              1       53.660436      0.80240709       1.2877439          13.29558           12.000505       1.0060299      0.71602576      -0.4886038       4.7082995        4.7082995       97.904273              97.904273
              4       54.013183      0.80240709       1.2856422         13.293855           12.001524       1.0056216      0.71395741     -0.49136078       4.7082995        4.7082995       98.609767              98.609767
              4        53.67072      0.80240709       1.2869535         13.293885           11.999247       1.0046344      0.71630069     -0.49034642       4.7082995        4.7082995       97.924841              97.924841
              9       53.648317      0.80240709       1.2868678          13.29385           11.999446       1.0046285      0.71642159     -0.49010411       4.7082995        4.7082995       97.880035              97.880035
              2        53.74312      0.80240709       1.2827542         13.294018           11.997949       1.0023614      0.72088938     -0.49506794       4.7082995        4.7082995       98.069641              98.069641
              3        54.47473      0.80240709       1.2796094         13.293282           11.994755       1.0036444      0.71968368     -0.49627086       4.7082995        4.7082995        99.53286               99.53286
              3       55.038985      0.80240709       1.2776048         13.298255            11.99618       1.0047436      0.72361281     -0.49447158       4.7082995        4.7082995       100.66137              100.66137
              1       55.884442      0.80240709       1.2717702         13.299453           11.996074       1.0031484      0.72491508     -0.50238851       4.7082995        4.7082995       102.35228              102.35228
              5       55.536573      0.80240709       1.2735024         13.300756           11.997603       1.0029489       0.7243557     -0.50332934       4.7082995        4.7082995       101.65655              101.65655
              2       54.970146      0.80240709       1.2658582         13.289023           11.995098       1.0002031      0.71447063     -0.50171017       4.7082995        4.7082995       100.52369              100.52369
              2       54.533687      0.80240709       1.2655382         13.280619           12.000212       1.0003738      0.72229443     -0.50662953       4.7082995        4.7082995       99.650775              99.650775
              1       54.186776      0.80240709       1.2691056         13.279512           11.996792       1.0003664      0.72111101      -0.5104085       4.7082995        4.7082995       98.956952              98.956952
              3       53.964644      0.80240709       1.2661153         13.278514           11.994158       1.0026974      0.72119501     -0.51061009       4.7082995        4.7082995        98.51269               98.51269
              2       54.020186      0.80240709       1.2669605         13.276206           11.994089       1.0022399      0.72317554     -0.51184544       4.7082995        4.7082995       98.623772              98.623772
              1       53.476719      0.80240709       1.2610003         13.278957           11.998003        1.000165      0.73081511     -0.50423148       4.7082995        4.7082995       97.536839              97.536839
              3       53.941131      0.80240709       1.2693879         13.287077           12.005175      0.99310993      0.72369221     -0.50915604       4.7082995        4.7082995       98.465662              98.465662
              3       54.908198      0.79816457       1.2693879         13.287077           12.005175      0.99310993      0.72369221     -0.50915604       4.7082995        4.7082995        100.3998               100.3998
              2       54.908339      0.79816457       1.2693844         13.287078           12.005176      0.99310967      0.72369221     -0.50915774       4.7082995        4.7082995       100.40008              100.40008
              2       55.736966      0.79816457       1.2704608          13.28799           12.002662      0.99635821      0.72212047     -0.51544765       4.7082995        4.7082995       102.05733              102.05733
              5       55.340612      0.79816457       1.2696789         13.286098           12.002488      0.99757087      0.72281503     -0.51219241       4.7082995        4.7082995       101.26462              101.26462
              1       56.152621      0.79816457       1.2721268         13.285973           12.002619      0.99920615      0.72136246     -0.51516738       4.7082995        4.7082995       102.88864              102.88864
              1       56.165113      0.79816457       1.2724129         13.285128           12.001827      0.99910129      0.72126803     -0.51543936       4.7082995        4.7082995       102.91363              102.91363
              3       54.982161      0.79816457       1.2706092         13.283211           11.999144        1.003579      0.72732184     -0.51645914       4.7082995        4.7082995       100.54772              100.54772
              1       53.502722      0.79816457       1.2734441         13.280511           11.998382       1.0030594      0.73162536     -0.50310471       4.7082995        4.7082995       97.588845              97.588845
              2       54.892955      0.79816457       1.2629232         13.282808           11.991545       1.0028672      0.72767172      -0.4995702       4.7082995        4.7082995       100.36931              100.36931
              2       54.781214      0.79816457       1.2604904          13.28158           11.990549       1.0032903      0.73063933     -0.50171478       4.7082995        4.7082995       100.14583              100.14583
              6       53.461283      0.80402696       1.2604904          13.28158           11.990549       1.0032903      0.73063933     -0.50171478       4.7082995        4.7082995       97.505966              97.505966
              1        53.50504      0.80402696       1.2627086         13.283237           11.992314       1.0035863       0.7342335     -0.50081114       4.7082995        4.7082995       97.593481              97.593481
              1       53.813207      0.80402696       1.2610519         13.287431            11.99278       1.0041427      0.73293157     -0.50130671       4.7082995        4.7082995       98.209816              98.209816
              2       53.837893      0.80318803       1.2610519         13.287431            11.99278       1.0041427      0.73293157     -0.50130671       4.7082995        4.7082995       98.259187              98.259187
              5       53.663843      0.80318803       1.2605916         13.286804           11.992889       1.0047944      0.73280733     -0.50007777       4.7082995        4.7082995       97.911088              97.911088
              3       53.408852      0.80318803       1.2597352         13.283749           11.992311       1.0043983      0.73435481     -0.50132191       4.7082995        4.7082995       97.401105              97.401105
              1       55.218218      0.80318803       1.2599307         13.285641            11.98967       1.0055766      0.74072009     -0.49930229       4.7082995        4.7082995       101.01984              101.01984
              1       53.537013      0.80318803       1.2622317         13.285107           11.991681       1.0094295        0.731581     -0.49132545       4.7082995        4.7082995       97.657426              97.657426
              3       54.524837      0.80318803       1.2640228         13.288844           11.988182       1.0111554      0.73007166     -0.49764891       4.7082995        4.7082995       99.633075              99.633075
              1       52.842811      0.80318803       1.2704529         13.286797           11.992588       1.0101224      0.72746768     -0.50061671       4.7082995        4.7082995       96.269023              96.269023
              2       52.812127      0.80318803       1.2711373         13.288821           11.993968       1.0102925      0.72879671     -0.50001728       4.7082995        4.7082995       96.207654              96.207654
              1        53.10616      0.80318803       1.2757768         13.292379           11.991856       1.0122125      0.73307949     -0.50925892       4.7082995        4.7082995       96.795721              96.795721
              2       53.070024      0.80840819       1.2757768         13.292379           11.991856       1.0122125      0.73307949     -0.50925892       4.7082995        4.7082995       96.723449              96.723449
              3       53.084718      0.80840819       1.2726021         13.291011           11.990649       1.0116328      0.73385649     -0.51149631       4.7082995        4.7082995       96.752837              96.752837
              4       53.432678      0.80840819       1.2726169         13.291204           11.989974       1.0115832      0.73501393     -0.51078855       4.7082995        4.7082995       97.448758              97.448758
              2       53.092541      0.80840819        1.274977         13.293527           11.997679        1.009774      0.73559175     -0.51256507       4.7082995        4.7082995       96.768484              96.768484
              1       52.596701      0.80132192        1.274977         13.293527           11.997679        1.009774      0.73559175     -0.51256507       4.7082995        4.7082995       95.776802              95.776802
              2       53.292262      0.80132192       1.2841059         13.286307           11.998143       1.0106505      0.73287935      -0.5143252       4.7082995        4.7082995       97.167926              97.167926
              2       54.863844      0.80862601       1.2841059         13.286307           11.998143       1.0106505      0.73287935      -0.5143252       4.7082995        4.7082995       100.31109              100.31109
              4       54.993295      0.80862601       1.2841332         13.286142           11.998283       1.0106289      0.73291602     -0.51436551       4.7082995        4.7082995       100.56999              100.56999
              1       56.272778      0.80862601       1.2830973          13.28465           11.999494       1.0105659      0.73339269      -0.5148109       4.7082995        4.7082995       103.12896              103.12896
              1        56.50323      0.80862601       1.2834687          13.28451           11.999579       1.0110699      0.73336235     -0.51545326       4.7082995        4.7082995       103.58986              103.58986
              1       53.505627      0.80862601       1.2822958         13.277778            11.98975       1.0097868      0.72756729      -0.5219781       4.7082995        4.7082995       97.594655              97.594655
              1       56.198901      0.80862601        1.282993         13.273785           11.990909        1.010832      0.72092228     -0.51511123       4.7082995        4.7082995        102.9812               102.9812
              3       53.067033      0.80862601       1.2569567         13.281199           11.980795       1.0155988      0.72215185     -0.50979544       4.7082995        4.7082995       96.717466              96.717466
              2       52.954051      0.80862601       1.2573702         13.281582           11.981471       1.0156425      0.72338722     -0.50992192       4.7082995        4.7082995       96.491504              96.491504
              2       53.425944      0.80862601       1.2556762         13.278304           11.976964       1.0178202       0.7270744     -0.50876188       4.7082995        4.7082995       97.435289              97.435289
              1        53.22402      0.80862601       1.2623976         13.275796           11.977715        1.017865      0.72604154     -0.50035621       4.7082995        4.7082995        97.03144               97.03144
              2       53.423237      0.80862601       1.2721605         13.271325           11.980338       1.0211065      0.72097293     -0.51046267       4.7082995        4.7082995       97.429876              97.429876
              1        53.20368      0.80862601       1.2715198         13.261591            11.97388       1.0174602      0.71881729     -0.50911599       4.7082995        4.7082995        96.99076               96.99076
              1        53.64733      0.80862601       1.2733591         13.260327           11.973637       1.0181692      0.71729064     -0.50899383       4.7082995        4.7082995        97.87806               97.87806
              2       53.649704      0.80634882       1.2733591         13.260327           11.973637       1.0181692      0.71729064     -0.50899383       4.7082995        4.7082995       97.882809              97.882809
              1       53.565116      0.80634882       1.2809403          13.26398           11.964959       1.0181581      0.72476246     -0.50882261       4.7082995        4.7082995       97.713633              97.713633
              2       53.563912      0.80634882       1.2840875         13.265985            11.96684       1.0168495      0.72276893       -0.509155       4.7082995        4.7082995       97.711226              97.711226
              1       53.143903      0.80634882       1.2857884         13.265204           11.970192        1.014841      0.71840315     -0.51396596       4.7082995        4.7082995       96.871208              96.871208
              2       52.344648      0.80634882       1.2834859         13.254244           11.964912       1.0144709      0.72736484     -0.52384585       4.7082995        4.7082995       95.272698              95.272698
              2       53.046059      0.80634882       1.2854781         13.253605           11.968827       1.0164963      0.72768079     -0.52588147       4.7082995        4.7082995        96.67552               96.67552
              3         52.4528      0.80634882       1.2919125         13.253656            11.96563       1.0164928      0.72762261     -0.52578066       4.7082995        4.7082995          95.489                 95.489
              2       52.431171      0.80634882       1.2876556         13.256177           11.965636       1.0173909      0.72650052     -0.52516706       4.7082995        4.7082995       95.445744              95.445744
              2       52.674882      0.80634882       1.2819021         13.254017           11.967134       1.0136603      0.72505317     -0.52473896       4.7082995        4.7082995       95.933164              95.933164
              1       52.480821      0.80634882       1.2780555         13.250536           11.959952       1.0139802      0.73246008     -0.52642231       4.7082995        4.7082995       95.545043              95.545043
              3       52.408518      0.80634882       1.2781917         13.255837           11.963686       1.0132793      0.73773493     -0.53124411       4.7082995        4.7082995       95.400436              95.400436
              1       53.082902      0.80634882       1.2861729         13.244488           11.954279       1.0112691      0.73140126     -0.52574187       4.7082995        4.7082995       96.749205              96.749205
              1       52.805851      0.80634882       1.2872314         13.243877           11.954371       1.0118164       0.7322805     -0.52611796       4.7082995        4.7082995       96.195103              96.195103
              1       52.724509      0.80634882       1.2821302         13.241233           11.952712        1.013265      0.73203584     -0.52398333       4.7082995        4.7082995        96.03242               96.03242
              2       52.737827      0.80626812       1.2821302         13.241233           11.952712        1.013265      0.73203584     -0.52398333       4.7082995        4.7082995       96.059056              96.059056
              1       52.671158      0.80626812       1.2873945         13.237624           11.957582       1.0162605      0.73376107     -0.52696323       4.7082995        4.7082995       95.925717              95.925717
              3       52.207629      0.80626812       1.2886628         13.238239           11.956073       1.0164873      0.73567426     -0.52540061       4.7082995        4.7082995        94.99866               94.99866
              6       52.161864      0.80626812         1.28815         13.234113             11.9531        1.015877      0.73807336     -0.52861315       4.7082995        4.7082995        94.90713               94.90713
              2       54.916286      0.80626812       1.2936343         13.229102           11.957956       1.0107248      0.74742436     -0.53244225       4.7082995        4.7082995       100.41597              100.41597
              1       54.612998      0.80626812       1.2957677         13.229287           11.957291        1.011062      0.74758181     -0.53292344       4.7082995        4.7082995       99.809397              99.809397
              2       54.120378      0.80626812       1.2983394         13.239857           11.964309       1.0102488      0.74598773     -0.53122692       4.7082995        4.7082995       98.824158              98.824158
              3       54.003238      0.80626812       1.2978519         13.239485           11.963903       1.0102448      0.74419141     -0.53034919       4.7082995        4.7082995       98.589876              98.589876
              2       52.096955      0.80626812       1.2942056         13.239096           11.954899       1.0102893      0.74347428     -0.53817531       4.7082995        4.7082995        94.77731               94.77731
              2       52.157501      0.80626812       1.2949053         13.236592           11.954525       1.0096883      0.74397554     -0.53801375       4.7082995        4.7082995       94.898403              94.898403
              1       53.339391      0.80626812       1.3036276         13.237923           11.956848       1.0110734      0.75625364     -0.53631903       4.7082995        4.7082995       97.262182              97.262182
              1       53.743086      0.80626812       1.3001227         13.231203           11.952142       1.0130749       0.7590249     -0.53685341       4.7082995        4.7082995       98.069572              98.069572
              2       52.484725      0.80345622       1.3001227         13.231203           11.952142       1.0130749       0.7590249     -0.53685341       4.7082995        4.7082995       95.552851              95.552851
              3       52.572532      0.80345622       1.3035907         13.232898           11.947079       1.0124642      0.75939908      -0.5486834       4.7082995        4.7082995       95.728465              95.728465
              2       53.948119      0.80345622       1.3043942         13.236823           11.950744       1.0098354      0.76602662      -0.5439178       4.7082995        4.7082995       98.479639              98.479639
              2       53.880663      0.80309468       1.3043942         13.236823           11.950744       1.0098354      0.76602662      -0.5439178       4.7082995        4.7082995       98.344728              98.344728
              1       53.853667      0.80309468       1.3002789         13.232776           11.949595       1.0083387      0.76241448     -0.53914447       4.7082995        4.7082995       98.290735              98.290735
              1       52.753347      0.80309468       1.3015449         13.233607           11.953415       1.0081179      0.75921075     -0.53928603       4.7082995        4.7082995       96.090094              96.090094
              2       52.461605      0.80309468       1.3015931         13.236199            11.95736       1.0076052       0.7592262     -0.54148137       4.7082995        4.7082995        95.50661               95.50661
              1       53.093929      0.80309468       1.3044002         13.233213           11.956241       1.0053087      0.76340264     -0.54357362       4.7082995        4.7082995       96.771259              96.771259
              1       53.081173      0.80309468       1.3044579         13.233286           11.956158       1.0053086      0.76336171     -0.54363645       4.7082995        4.7082995       96.745747              96.745747
              2       52.894804      0.80309468       1.3011635         13.232641           11.955317       1.0036969      0.75934034     -0.54365701       4.7082995        4.7082995       96.373008              96.373008
              2       52.484997      0.80309468       1.2960817         13.231742            11.95371       1.0045321      0.76191817     -0.54891729       4.7082995        4.7082995       95.553395              95.553395
              3       54.319183      0.80309468       1.2956309         13.233269           11.949999       1.0038051      0.76001956     -0.54455717       4.7082995        4.7082995       99.221766              99.221766
              1       54.676215      0.80309468       1.2952924         13.232499           11.948549       1.0038028      0.76021645     -0.54547328       4.7082995        4.7082995       99.935832              99.935832
              2       54.683816       0.8036823       1.2952924         13.232499           11.948549       1.0038028      0.76021645     -0.54547328       4.7082995        4.7082995       99.951034              99.951034
