#        weight    minuslogpost          sigma8        ygk_Ahmc ygk_LOWZ__1_lM1_0 ygk_LOWZ__1_lMmin_0  ygk_LOWZ__1_wz   ygk_mass_bias       ygk_rhogy   minuslogprior minuslogprior__0            chi2 chi2__ygk_like.ygkLike
              1       63.199059      0.81475559       1.0490846         12.994809           11.664605       1.0032054      0.74550991     -0.56419886       4.7082995        4.7082995       116.98152              116.98152
              1       63.032126      0.81475559       1.0494737         12.994988           11.664156       1.0031854      0.74521906     -0.56458466       4.7082995        4.7082995       116.64765              116.64765
              1       61.517355      0.81475559       1.0473849         13.013462            11.67732       1.0133315      0.73705372     -0.58230216       4.7082995        4.7082995       113.61811              113.61811
              2       61.390646      0.81475559       1.0591632         13.013336           11.675172       1.0147942      0.74312744     -0.58085558       4.7082995        4.7082995       113.36469              113.36469
              1       60.854834      0.81475559       1.0872808         13.011234            11.66946       1.0131194      0.73455608     -0.56729082       4.7082995        4.7082995       112.29307              112.29307
              4       63.064171      0.81475559       1.0841038         13.006386           11.674452       1.0151251      0.72868063     -0.56396424       4.7082995        4.7082995       116.71174              116.71174
              1       62.446345      0.81475559        1.093573          13.00642           11.670991       1.0192889      0.73312448     -0.56531524       4.7082995        4.7082995       115.47609              115.47609
              2       62.945783      0.81475559       1.0803802         13.003646           11.667649        1.024946      0.72772452     -0.55281455       4.7082995        4.7082995       116.47497              116.47497
              4       62.877295      0.81475559        1.156167          13.00091           11.658646       1.0394764      0.75487805     -0.60236228       4.7082995        4.7082995       116.33799              116.33799
              1       62.683816      0.81475559       1.1674124         12.990484           11.642694       1.0367554      0.76604936     -0.56672442       4.7082995        4.7082995       115.95103              115.95103
              2       61.374036      0.81475559       1.1824638         12.991582           11.640476       1.0346861      0.76054969     -0.58197364       4.7082995        4.7082995       113.33147              113.33147
              1        60.74941      0.81475559       1.1669155         12.990952           11.636978       1.0334632      0.75251573      -0.5797272       4.7082995        4.7082995       112.08222              112.08222
              3        60.59756      0.81475559       1.1562862          12.99608            11.64551       1.0288352      0.75755615     -0.58527856       4.7082995        4.7082995       111.77852              111.77852
              1       60.851416      0.81475559       1.1589906         12.998476           11.644341       1.0283641      0.75742463     -0.57945068       4.7082995        4.7082995       112.28623              112.28623
              1       60.974217      0.81475559       1.1599563         12.998715           11.643353       1.0285125      0.75723304      -0.5778822       4.7082995        4.7082995       112.53183              112.53183
              1       60.760106      0.81475559       1.1606285         12.996417           11.643034       1.0283405      0.75506473     -0.57835064       4.7082995        4.7082995       112.10361              112.10361
              2       60.556283      0.81008304       1.1606285         12.996417           11.643034       1.0283405      0.75506473     -0.57835064       4.7082995        4.7082995       111.69597              111.69597
