#        weight    minuslogpost          sigma8        ygk_Ahmc ygk_LOWZ__2_lM1_0 ygk_LOWZ__2_lMmin_0   ygk_mass_bias       ygk_rhogy   minuslogprior minuslogprior__0            chi2 chi2__ygk_like.ygkLike
              5       54.734763      0.78358241       1.0103757         13.161881           11.899749      0.75215762     -0.50168913       5.6245903        5.6245903       98.220345              98.220345
              2       53.302246      0.79866737       1.0103757         13.161881           11.899749      0.75215762     -0.50168913       5.6245903        5.6245903       95.355311              95.355311
              4       51.580035      0.79866737       1.0236429         13.171794           11.900675      0.74820575     -0.51620076       5.6245903        5.6245903       91.910889              91.910889
              1       51.700344      0.79866737       1.0261362         13.167707           11.899762      0.74632578     -0.50250315       5.6245903        5.6245903       92.151508              92.151508
              2       51.892461      0.79866737       1.0254386         13.166072           11.899246      0.74843898      -0.5033043       5.6245903        5.6245903       92.535742              92.535742
              1       46.926109      0.79866737       1.0154645         13.163985           11.888128      0.74263988     -0.51012618       5.6245903        5.6245903       82.603037              82.603037
              1       43.083106      0.79866737       1.0157545         13.171627           11.882166      0.74811199     -0.49964232       5.6245903        5.6245903       74.917032              74.917032
              2       43.059205      0.79866737       1.0155934         13.171537           11.882263      0.74820087     -0.49928544       5.6245903        5.6245903        74.86923               74.86923
              1       43.007462      0.79866737       1.0183345         13.165272           11.878774      0.74652661     -0.49889725       5.6245903        5.6245903       74.765744              74.765744
              3        43.32432      0.79866737       1.0142526         13.163303           11.880428      0.74834738     -0.50634153       5.6245903        5.6245903        75.39946               75.39946
              1       45.862855      0.79866737       1.0010248         13.172885           11.893939      0.73654105     -0.49598521       5.6245903        5.6245903       80.476529              80.476529
              1       45.330038      0.79866737      0.98602414          13.16834           11.891535      0.73590342     -0.48869279       5.6245903        5.6245903       79.410896              79.410896
              6       44.429563      0.79866737      0.98511811         13.170843           11.888294      0.73438622     -0.48911916       5.6245903        5.6245903       77.609945              77.609945
              2       45.270614      0.79866737      0.97965185         13.172713           11.890192        0.731892     -0.49306312       5.6245903        5.6245903       79.292048              79.292048
              2       45.682579      0.79866737      0.93623848         13.156208            11.88649      0.73173862     -0.47094378       5.6245903        5.6245903       80.115977              80.115977
              3       45.726386      0.79866737      0.93978739         13.154086           11.881201      0.72675371      -0.4760059       5.6245903        5.6245903       80.203592              80.203592
              1       45.727584      0.79866737      0.93976619         13.154117           11.881205      0.72674436     -0.47605603       5.6245903        5.6245903       80.205987              80.205987
              2       44.467254      0.79866737       0.9621027         13.158073           11.874391      0.73914097     -0.48737821       5.6245903        5.6245903       77.685328              77.685328
              1       44.959118      0.79866737      0.96283592         13.160765           11.876366      0.72807732     -0.47095673       5.6245903        5.6245903       78.669055              78.669055
              3       44.673521      0.79866737      0.97309976         13.159521           11.875361      0.72770657     -0.47111472       5.6245903        5.6245903       78.097861              78.097861
              4       46.213965      0.79866737      0.96811885         13.155875           11.867735      0.72596546     -0.46952603       5.6245903        5.6245903       81.178749              81.178749
              1       46.169257      0.79866737      0.97103629         13.154709           11.867188      0.72739345     -0.46184506       5.6245903        5.6245903       81.089333              81.089333
              2       48.314829      0.79866737      0.95242838         13.155334           11.866186       0.7252385     -0.45308001       5.6245903        5.6245903       85.380478              85.380478
              1       45.482741      0.79866737        0.949153         13.146801           11.877682       0.7244208      -0.4531404       5.6245903        5.6245903       79.716302              79.716302
              1       45.878249      0.79866737      0.95464095         13.148583           11.877277      0.73435967     -0.43957815       5.6245903        5.6245903       80.507318              80.507318
              5       45.909088      0.79866737      0.97560843         13.151522           11.879514      0.72676103     -0.42706601       5.6245903        5.6245903       80.568995              80.568995
              2       46.035061      0.79866737      0.96538296         13.149034           11.878154      0.72736107     -0.42867042       5.6245903        5.6245903       80.820942              80.820942
              3       46.825439      0.79866737      0.94671239         13.159264            11.88428      0.71585949     -0.41112843       5.6245903        5.6245903       82.401697              82.401697
              2       47.664929      0.79866737      0.94893575         13.159441           11.877814      0.71201963     -0.41021338       5.6245903        5.6245903       84.080677              84.080677
              1       47.950318      0.79866737       0.9574285         13.160953           11.879054      0.71784275     -0.40990854       5.6245903        5.6245903       84.651455              84.651455
              1       47.225955      0.79866737      0.96639509         13.159818           11.884732      0.71352743     -0.39986672       5.6245903        5.6245903        83.20273               83.20273
              1       47.366163      0.79866737      0.96396304         13.162618            11.89366      0.71203882     -0.41918029       5.6245903        5.6245903       83.483146              83.483146
              4       48.021191      0.79866737      0.96965767         13.159416           11.892261      0.71115537     -0.42406778       5.6245903        5.6245903       84.793201              84.793201
              2       47.891081      0.79866737      0.95225228         13.157891            11.89198      0.71349069     -0.42362803       5.6245903        5.6245903       84.532981              84.532981
              3       47.123341      0.79866737      0.93604725         13.185442           11.897983      0.70219491     -0.42746808       5.6245903        5.6245903       82.997502              82.997502
              1       47.933992      0.79866737      0.94108631         13.179317           11.909645      0.71990037     -0.42984941       5.6245903        5.6245903       84.618803              84.618803
              1       50.332206      0.79866737      0.97234505         13.181036           11.911496      0.71655904     -0.44449742       5.6245903        5.6245903       89.415231              89.415231
              2       45.243057      0.79866737      0.96717238         13.175501           11.885288      0.73092926     -0.48449639       5.6245903        5.6245903       79.236934              79.236934
              1       47.410961      0.79866737      0.96743921         13.183957           11.884791      0.73420683      -0.4831991       5.6245903        5.6245903       83.572741              83.572741
              3       43.613988      0.79866737      0.97156317         13.181962           11.896936      0.74499508     -0.49161604       5.6245903        5.6245903       75.978796              75.978796
              5       43.531208      0.79866737      0.96394501         13.176124            11.89398      0.74858315     -0.48847475       5.6245903        5.6245903       75.813236              75.813236
              1       43.426663      0.79866737      0.98118548         13.176182           11.895361      0.75240912     -0.48351957       5.6245903        5.6245903       75.604145              75.604145
             10       43.404683      0.79866737      0.98346676         13.175059           11.894994      0.75254845     -0.49142503       5.6245903        5.6245903       75.560186              75.560186
              2       43.397834      0.79866737       0.9830276         13.172867            11.89373      0.75539291     -0.49441174       5.6245903        5.6245903       75.546487              75.546487
              1       44.361336      0.79866737       1.0072554         13.174789           11.894397       0.7534417     -0.51218017       5.6245903        5.6245903       77.473491              77.473491
              3       43.123452      0.79866737      0.99578155         13.192723           11.899489      0.76578932      -0.5247229       5.6245903        5.6245903       74.997723              74.997723
              3       43.210929      0.79866737      0.99429788         13.192748           11.900391      0.75858052      -0.5158033       5.6245903        5.6245903       75.172678              75.172678
              3       42.956166      0.79866737       1.0020448          13.19107           11.902275      0.75968245     -0.51169575       5.6245903        5.6245903       74.663152              74.663152
              2       43.110963      0.79866737       1.0000225         13.190688            11.90293      0.75930432      -0.5124486       5.6245903        5.6245903       74.972745              74.972745
              2       43.441973      0.79866737       1.0020739         13.188279           11.903829      0.75868776     -0.50869186       5.6245903        5.6245903       75.634766              75.634766
              2       43.061853      0.79866737       0.9938315         13.186588           11.896014       0.7552018     -0.50333569       5.6245903        5.6245903       74.874526              74.874526
              1       43.315813      0.79866737      0.98818967         13.186076           11.893876       0.7620361     -0.51758592       5.6245903        5.6245903       75.382446              75.382446
              1       42.873316      0.79866737      0.99843888         13.186025           11.900464      0.76722939     -0.51562931       5.6245903        5.6245903       74.497452              74.497452
              2       42.972299      0.79866737      0.99620217         13.187507            11.89841      0.77023172     -0.50796371       5.6245903        5.6245903       74.695417              74.695417
              2       43.685837      0.79866737      0.98648282          13.18053           11.901246      0.77093602     -0.50346569       5.6245903        5.6245903       76.122494              76.122494
              1       44.650903      0.79866737      0.99298936           13.1832           11.902582      0.77743554     -0.49528604       5.6245903        5.6245903       78.052626              78.052626
              2       44.539681      0.79866737      0.99329605         13.183325           11.902951      0.77792123     -0.49747799       5.6245903        5.6245903       77.830181              77.830181
              2       44.538993      0.79866737      0.99337035         13.183288           11.902919      0.77792837     -0.49749131       5.6245903        5.6245903       77.828806              77.828806
              2       44.059825      0.79866737      0.97931645         13.193849           11.899465      0.76653224     -0.50390022       5.6245903        5.6245903       76.870469              76.870469
              2       43.652965      0.79866737      0.97164357         13.193381           11.905594       0.7650698     -0.49297064       5.6245903        5.6245903       76.056749              76.056749
              1       43.450086      0.79866737       0.9680004         13.191985           11.909016      0.76531588     -0.50331302       5.6245903        5.6245903       75.650991              75.650991
              2        43.62263      0.79866737      0.97789158         13.195703            11.91261      0.76473381     -0.50410363       5.6245903        5.6245903        75.99608               75.99608
              2       43.514006      0.79726744      0.97789158         13.195703            11.91261      0.76473381     -0.50410363       5.6245903        5.6245903       75.778832              75.778832
              1       43.572958      0.79726744      0.97653012         13.195424           11.912145      0.76373479     -0.50625856       5.6245903        5.6245903       75.896735              75.896735
              1       43.178386      0.79726744       1.0211022         13.194149           11.899878      0.75611126     -0.50903252       5.6245903        5.6245903       75.107591              75.107591
              1       43.798241      0.79726744        1.018896          13.19287           11.894206      0.76270657     -0.51431024       5.6245903        5.6245903       76.347302              76.347302
              3       42.761373      0.79726744       1.0344261         13.183929           11.899318      0.77492673     -0.51013252       5.6245903        5.6245903       74.273564              74.273564
              1       42.645464      0.79726744       1.0329628         13.184388           11.898533      0.77609062     -0.51053797       5.6245903        5.6245903       74.041748              74.041748
