#        weight    minuslogpost          sigma8        ygk_Ahmc ygk_LOWZ__1_lM1_0 ygk_LOWZ__1_lMmin_0   ygk_mass_bias       ygk_rhogy   minuslogprior minuslogprior__0            chi2 chi2__ygk_like.ygkLike
              2       56.089156      0.83911949       1.2438984         12.885927           11.531866      0.69180687     -0.77068518       4.7409248        4.7409248       102.69646              102.69646
              1       55.638797      0.83911949       1.2360665         12.881887           11.521258      0.68754595     -0.79017125       4.7409248        4.7409248       101.79574              101.79574
              3       55.796107      0.83911949       1.2388333         12.882847           11.519905      0.68596212     -0.78774976       4.7409248        4.7409248       102.11036              102.11036
              2       55.596523      0.83911949       1.2429487         12.875298           11.519945       0.6851495     -0.78251765       4.7409248        4.7409248        101.7112               101.7112
              3       55.734766      0.83911949       1.2521913          12.87243            11.51424      0.68842756     -0.78420841       4.7409248        4.7409248       101.98768              101.98768
              1       55.921197      0.83911949       1.2351618         12.872127           11.511598      0.69462766     -0.79150032       4.7409248        4.7409248       102.36054              102.36054
              1       55.868645      0.83911949       1.2329453         12.870865           11.510046      0.69238744     -0.79148411       4.7409248        4.7409248       102.25544              102.25544
              1       55.971337      0.83911949       1.2196248         12.869554            11.50649      0.68514017     -0.79685377       4.7409248        4.7409248       102.46083              102.46083
              1       55.481742      0.83911949       1.2242664         12.861833           11.510719      0.68277581     -0.79926706       4.7409248        4.7409248       101.48163              101.48163
              1       55.570121      0.83911949       1.2286511         12.857078           11.502024      0.68850002     -0.81337045       4.7409248        4.7409248       101.65839              101.65839
              1         56.5414      0.83911949       1.2540334         12.855973           11.490607      0.67864821     -0.79182727       4.7409248        4.7409248       103.60095              103.60095
              1        56.37279      0.84875605       1.2540334         12.855973           11.490607      0.67864821     -0.79182727       4.7409248        4.7409248       103.26373              103.26373
              3       56.693774      0.84875605       1.2302554         12.844715           11.486299      0.68761678     -0.75885164       4.7409248        4.7409248        103.9057               103.9057
              3       56.448319      0.84875605        1.239275          12.84258           11.481492      0.68439678     -0.75755171       4.7409248        4.7409248       103.41479              103.41479
              2       56.691195      0.84875605       1.2337106         12.837879           11.478739      0.68834804     -0.75139984       4.7409248        4.7409248       103.90054              103.90054
              1       58.115715      0.84875605       1.2236522         12.847683           11.474229      0.69165131     -0.75561419       4.7409248        4.7409248       106.74958              106.74958
              3       56.816972      0.84875605       1.2263242          12.85363             11.4885      0.69281448     -0.76410457       4.7409248        4.7409248       104.15209              104.15209
              2       55.723653      0.84875605       1.1903888         12.850165           11.491919      0.67854563      -0.7699531       4.7409248        4.7409248       101.96546              101.96546
              1       55.448154      0.84875605       1.1860845         12.850479           11.489064      0.67466684     -0.77584732       4.7409248        4.7409248       101.41446              101.41446
              1       56.583953      0.84875605         1.19799         12.833168           11.484845      0.66536354     -0.75557157       4.7409248        4.7409248       103.68606              103.68606
              1       57.555745      0.84875605       1.1640789         12.826455           11.483574      0.67204847     -0.74737383       4.7409248        4.7409248       105.62964              105.62964
              1       57.400046      0.84875605       1.1641689         12.826626           11.483221       0.6721419      -0.7469656       4.7409248        4.7409248       105.31824              105.31824
              3       57.168497      0.84875605       1.1602964         12.829771           11.485892      0.66835575     -0.73867592       4.7409248        4.7409248       104.85514              104.85514
              1       57.342805      0.84875605        1.161313         12.830218            11.48702      0.66672849     -0.74094937       4.7409248        4.7409248       105.20376              105.20376
              3       57.206764      0.84875605        1.150372         12.834736           11.491238      0.66371994     -0.72530454       4.7409248        4.7409248       104.93168              104.93168
              1       55.492311      0.84875605       1.1430115         12.832293           11.483177      0.65707209      -0.7454877       4.7409248        4.7409248       101.50277              101.50277
              1       55.326478      0.84875605       1.1435389         12.835288           11.485049      0.65462607     -0.74689699       4.7409248        4.7409248       101.17111              101.17111
              2       55.207631      0.84875605       1.1419722         12.836521           11.485019      0.65635187     -0.74914861       4.7409248        4.7409248       100.93341              100.93341
              2       55.300395      0.84875605       1.1560682         12.836199            11.48497      0.65762994     -0.75573857       4.7409248        4.7409248       101.11894              101.11894
              1       55.975455      0.84875605       1.1402048         12.835256           11.487503      0.66473992     -0.74158529       4.7409248        4.7409248       102.46906              102.46906
              1       55.665086      0.84875605       1.1528565         12.848267           11.486631      0.66130485     -0.71640652       4.7409248        4.7409248       101.84832              101.84832
              2       55.858146      0.84875605       1.1653737         12.841065           11.480326      0.66478728     -0.70678181       4.7409248        4.7409248       102.23444              102.23444
              1       55.853134      0.85120113       1.1653737         12.841065           11.480326      0.66478728     -0.70678181       4.7409248        4.7409248       102.22442              102.22442
              1       55.886183      0.85120113       1.1666025         12.841589           11.480593      0.66595732     -0.70780675       4.7409248        4.7409248       102.29052              102.29052
              1       57.313029      0.85120113       1.1943896         12.850097            11.48612       0.6698384     -0.65768321       4.7409248        4.7409248       105.14421              105.14421
              2       57.523094      0.85120113       1.1781929         12.844647           11.482231      0.66561359     -0.64198041       4.7409248        4.7409248       105.56434              105.56434
              2        57.81529      0.85120113       1.1718046         12.847679           11.483143      0.66745843      -0.6414714       4.7409248        4.7409248       106.14873              106.14873
              1       57.609817      0.85120113        1.171459         12.848473           11.484622      0.66514236     -0.64175368       4.7409248        4.7409248       105.73778              105.73778
              4       57.367463      0.85120113       1.1704996         12.847152           11.485449      0.66529629      -0.6450004       4.7409248        4.7409248       105.25308              105.25308
              2       56.698499      0.85120113       1.1641043         12.859466           11.503686      0.63906302      -0.6495337       4.7409248        4.7409248       103.91515              103.91515
              4       56.705784      0.85120113       1.1655424         12.859273           11.503517      0.63883601     -0.64962014       4.7409248        4.7409248       103.92972              103.92972
              2        56.38512      0.85120113       1.1635794         12.861864             11.5045      0.63346412     -0.65670355       4.7409248        4.7409248       103.28839              103.28839
              4       57.613757      0.85120113       1.1681196         12.863715           11.512458      0.62595092      -0.6512592       4.7409248        4.7409248       105.74566              105.74566
              2        57.44883      0.85120113       1.1843652         12.865089           11.510869      0.62873575     -0.64201427       4.7409248        4.7409248       105.41581              105.41581
              1        56.76279      0.85120113       1.1773779         12.873163           11.507689       0.6345955     -0.64257868       4.7409248        4.7409248       104.04373              104.04373
              2       56.775322      0.85120113       1.1789283         12.873379           11.507249      0.63449075     -0.64387334       4.7409248        4.7409248       104.06879              104.06879
              2       56.723918      0.85120113       1.1759331         12.872065           11.505854       0.6345875      -0.6464688       4.7409248        4.7409248       103.96599              103.96599
              1        56.79501      0.85120113       1.1703726         12.873597           11.518749      0.63723791      -0.6704979       4.7409248        4.7409248       104.10817              104.10817
              1       56.761671      0.85120113        1.169662         12.873187           11.518969      0.63523809     -0.67872987       4.7409248        4.7409248       104.04149              104.04149
              1        56.14051      0.85120113       1.1629564         12.870158           11.513723      0.64060779     -0.68332642       4.7409248        4.7409248       102.79917              102.79917
              5       55.850116      0.85120113       1.1257449         12.881036           11.517464      0.63935391     -0.68066288       4.7409248        4.7409248       102.21838              102.21838
              1       57.576459      0.85120113       1.1236383         12.876867           11.526884      0.64872299     -0.66769443       4.7409248        4.7409248       105.67107              105.67107
              1       56.271573      0.85120113       1.1237405         12.882713           11.523225      0.65765292      -0.6753346       4.7409248        4.7409248        103.0613               103.0613
              1       56.524232      0.85120113       1.1409411         12.873091           11.514525      0.66138773     -0.67042645       4.7409248        4.7409248       103.56662              103.56662
              3       57.256093      0.85120113        1.118984         12.862824           11.513237       0.6635322     -0.68964994       4.7409248        4.7409248       105.03034              105.03034
              2       56.646054      0.85120113       1.0913691         12.860648           11.507576      0.65145278     -0.66744232       4.7409248        4.7409248       103.81026              103.81026
              2       57.038646      0.85120113       1.0982739         12.848834           11.499418      0.65383677     -0.66661678       4.7409248        4.7409248       104.59544              104.59544
              3       57.462052      0.85120113       1.1077813         12.847092           11.501332      0.64533437     -0.67202487       4.7409248        4.7409248       105.44226              105.44226
              2       56.256476      0.85120113       1.1023074           12.8559           11.498764      0.64218328     -0.66699285       4.7409248        4.7409248        103.0311               103.0311
              1       57.354861      0.85120113       1.1054804          12.85332            11.48613      0.64067182     -0.67504521       4.7409248        4.7409248       105.22787              105.22787
              1       57.542275      0.85120113       1.1116924         12.853587           11.485606      0.64115738     -0.67001437       4.7409248        4.7409248        105.6027               105.6027
              1       56.837212      0.85120113       1.1327506          12.84644           11.483815      0.64897914     -0.65617568       4.7409248        4.7409248       104.19257              104.19257
              1       56.989565      0.85120113       1.1509592         12.844928           11.494353      0.63600971      -0.6522292       4.7409248        4.7409248       104.49728              104.49728
              4       56.929812      0.85120113       1.1469327         12.838908           11.488701      0.63088407     -0.64987797       4.7409248        4.7409248       104.37777              104.37777
              3       58.255982      0.85120113       1.1767257         12.847624           11.475916      0.61475202     -0.65374851       4.7409248        4.7409248       107.03011              107.03011
              4       56.292209      0.85120113        1.172956         12.837073           11.475597      0.60912127     -0.67972138       4.7409248        4.7409248       103.10257              103.10257
              1       56.870846      0.85120113       1.1474977         12.842657           11.480905       0.6014273     -0.66856614       4.7409248        4.7409248       104.25984              104.25984
              3       57.120162      0.85120113       1.1577297         12.859916           11.490916      0.60621272     -0.68562207       4.7409248        4.7409248       104.75848              104.75848
              1       57.257334      0.85120113       1.1357694         12.850568           11.503601      0.62718161     -0.68331842       4.7409248        4.7409248       105.03282              105.03282
              2       56.053474      0.85120113        1.148675         12.868459           11.505806      0.63806808     -0.66769707       4.7409248        4.7409248        102.6251               102.6251
              1       56.421564      0.85727734        1.148675         12.868459           11.505806      0.63806808     -0.66769707       4.7409248        4.7409248       103.36128              103.36128
              4        57.00688      0.85727734        1.153415          12.86652           11.506895      0.63695699     -0.66024365       4.7409248        4.7409248       104.53191              104.53191
              3       57.130137      0.85727734       1.1822195         12.876489           11.504199      0.63224137     -0.63923832       4.7409248        4.7409248       104.77842              104.77842
              1       57.246859      0.85727734       1.1849062         12.877828           11.504323       0.6368614     -0.64125328       4.7409248        4.7409248       105.01187              105.01187
              2       57.293923      0.85727734       1.1814474         12.879978           11.506246      0.63686993     -0.63959661       4.7409248        4.7409248         105.106                105.106
              1       56.398888      0.85727734       1.1329924         12.887424           11.519698      0.62890824     -0.65551048       4.7409248        4.7409248       103.31593              103.31593
              1       56.778932      0.85727734       1.1216653         12.884728           11.515095      0.62974352     -0.64329981       4.7409248        4.7409248       104.07601              104.07601
              1       56.800913      0.85727734       1.1217138         12.884934           11.514956       0.6295989     -0.64324324       4.7409248        4.7409248       104.11998              104.11998
              4        56.55347      0.85727734       1.1218463         12.881102           11.513301      0.62530656     -0.64782576       4.7409248        4.7409248       103.62509              103.62509
              6       57.353114      0.85727734       1.1061122         12.886079           11.514531      0.63040947     -0.63358353       4.7409248        4.7409248       105.22438              105.22438
              1       56.538995      0.85727734       1.1253585         12.877262           11.509035      0.62667947     -0.64913347       4.7409248        4.7409248       103.59614              103.59614
              2       56.564366      0.85727734       1.1221972         12.876501           11.513956      0.62014686     -0.65200902       4.7409248        4.7409248       103.64688              103.64688
              5       56.668526      0.85727734       1.1216029         12.875474           11.513719      0.61992412     -0.64986665       4.7409248        4.7409248        103.8552               103.8552
              1       56.601817      0.85727734       1.1239653         12.876612           11.512927      0.61952806     -0.64736102       4.7409248        4.7409248       103.72178              103.72178
              2       56.518937      0.85727734       1.1138236         12.887417            11.51969      0.61188792     -0.65371265       4.7409248        4.7409248       103.55602              103.55602
              1       56.620695      0.85727734       1.1118617         12.887515           11.522302      0.61364359     -0.64896149       4.7409248        4.7409248       103.75954              103.75954
              1       56.585296      0.85727734       1.1128421         12.887627           11.522436       0.6145198     -0.65015739       4.7409248        4.7409248       103.68874              103.68874
              3        59.80584      0.85727734       1.1337597         12.902526           11.517635      0.61392619     -0.63130876       4.7409248        4.7409248       110.12983              110.12983
              3       58.814479      0.85727734       1.1254627          12.89604           11.515981      0.61243154     -0.62749286       4.7409248        4.7409248       108.14711              108.14711
              4       59.356973      0.85727734       1.1485097         12.892504           11.511417      0.60943753       -0.614021       4.7409248        4.7409248        109.2321               109.2321
              1       57.877139      0.85727734       1.1641112         12.884595           11.520646      0.61169251     -0.61645701       4.7409248        4.7409248       106.27243              106.27243
              1       57.680736      0.85727734       1.1521361         12.884034           11.522539      0.61922042     -0.62928955       4.7409248        4.7409248       105.87962              105.87962
              1        57.26694      0.85727734       1.1560956         12.886742            11.52316      0.61671485      -0.6389717       4.7409248        4.7409248       105.05203              105.05203
              1       56.478713      0.85727734       1.1736265         12.870701           11.499927        0.619825     -0.65893456       4.7409248        4.7409248       103.47558              103.47558
              1       56.503568      0.85727734        1.160712         12.864427            11.50163      0.61212996     -0.66283488       4.7409248        4.7409248       103.52529              103.52529
              1       56.671683      0.85727734       1.1611573         12.862971           11.501797      0.61198121     -0.66291766       4.7409248        4.7409248       103.86152              103.86152
              2       56.079204      0.85727734       1.1641009         12.862634           11.498038      0.61514685     -0.67646416       4.7409248        4.7409248       102.67656              102.67656
              2       56.113169      0.85727734       1.1416101         12.861756           11.501299      0.61213335     -0.68770167       4.7409248        4.7409248       102.74449              102.74449
              2       56.034372      0.85727734       1.1344187          12.86029           11.499851      0.61859899     -0.68146726       4.7409248        4.7409248       102.58689              102.58689
              2       57.564566      0.85727734        1.153078         12.857877           11.502881      0.62929186     -0.66517613       4.7409248        4.7409248       105.64728              105.64728
              2       56.939909      0.85727734       1.1418131         12.862789           11.504553      0.63296018     -0.66023733       4.7409248        4.7409248       104.39797              104.39797
              4       56.476497      0.85727734       1.1346181         12.858645           11.494022      0.63501995     -0.65202598       4.7409248        4.7409248       103.47114              103.47114
              1       56.482193      0.85727734       1.1340435         12.859772           11.494081      0.63555319       -0.652601       4.7409248        4.7409248       103.48254              103.48254
              1       56.262287      0.85727734       1.1332329         12.859428           11.496845      0.63323008     -0.66197241       4.7409248        4.7409248       103.04272              103.04272
              3       56.196126      0.85727734       1.1097939         12.856623           11.492302      0.63269876      -0.6643654       4.7409248        4.7409248        102.9104               102.9104
              2       56.126554      0.85727734       1.0980626         12.858096            11.49918      0.63037616     -0.67586944       4.7409248        4.7409248       102.77126              102.77126
              4       56.187277      0.85727734       1.0785182         12.854538           11.493648      0.63144554     -0.67185529       4.7409248        4.7409248        102.8927               102.8927
              1       57.778813      0.85727734       1.0806149         12.851575           11.501274      0.62998696     -0.66100895       4.7409248        4.7409248       106.07578              106.07578
              1        57.61908      0.85727734       1.0922223         12.851301           11.500579      0.62414169     -0.66473953       4.7409248        4.7409248       105.75631              105.75631
              2        57.27971      0.85727734       1.0847211          12.84926           11.497005      0.61982926     -0.65778751       4.7409248        4.7409248       105.07757              105.07757
              1       56.900169      0.85727734       1.0802583          12.85068             11.4964      0.61717701     -0.65965586       4.7409248        4.7409248       104.31849              104.31849
              2       56.604532      0.85727734        1.062092         12.877952           11.515956      0.63522568     -0.66115775       4.7409248        4.7409248       103.72721              103.72721
              1       55.992754      0.85727734       1.0867731         12.884019           11.517004      0.63078745     -0.67782308       4.7409248        4.7409248       102.50366              102.50366
              1       56.134251      0.85727734       1.0871443         12.884766           11.515716      0.63116452     -0.67690978       4.7409248        4.7409248       102.78665              102.78665
              1       56.714658      0.85727734       1.0977047         12.888834           11.521951      0.62161283     -0.64360355       4.7409248        4.7409248       103.94747              103.94747
              1       56.690497      0.85727734       1.1077978         12.885203           11.523703      0.61898331     -0.65439485       4.7409248        4.7409248       103.89914              103.89914
              2       56.134218      0.85727734       1.1038486          12.88405           11.519201       0.6266861      -0.6669679       4.7409248        4.7409248       102.78659              102.78659
              2       56.467434      0.85727734       1.0973188         12.880451           11.520397      0.62606064     -0.66684342       4.7409248        4.7409248       103.45302              103.45302
              5       56.794917      0.85727734       1.1108545         12.871062           11.511249      0.62812329     -0.64949544       4.7409248        4.7409248       104.10799              104.10799
              2       56.359028      0.85727734       1.1164334         12.872427           11.509974      0.62898432     -0.65920487       4.7409248        4.7409248       103.23621              103.23621
              4       56.537898      0.85727734       1.1011397         12.868834           11.502929      0.62995642     -0.65192034       4.7409248        4.7409248       103.59395              103.59395
              1       56.484373      0.85727734       1.1043048         12.866544           11.502484      0.63249704     -0.65287156       4.7409248        4.7409248        103.4869               103.4869
              2       56.176521      0.85727734       1.0951087         12.867736           11.503067       0.6350349     -0.66892483       4.7409248        4.7409248       102.87119              102.87119
              2       56.134891      0.85727734       1.0964815         12.868767           11.503409      0.63529607     -0.67109702       4.7409248        4.7409248       102.78793              102.78793
              1       56.568866      0.85727734       1.0661018         12.879693           11.510933      0.62272742     -0.67085969       4.7409248        4.7409248       103.65588              103.65588
              2       57.473157      0.85727734       1.0565915         12.882875           11.510107       0.6307612     -0.66748585       4.7409248        4.7409248       105.46447              105.46447
              1       56.909921      0.85727734       1.0623886         12.876717           11.518249      0.63717532     -0.65928626       4.7409248        4.7409248       104.33799              104.33799
              2       57.191165      0.85727734       1.0529474         12.883682           11.527993      0.63721911     -0.67052637       4.7409248        4.7409248       104.90048              104.90048
              1       56.781735      0.85727734       1.0542694         12.887609           11.527092      0.64006119     -0.66498145       4.7409248        4.7409248       104.08162              104.08162
              1       56.877435      0.85727734       1.0414103         12.885368           11.524162      0.64607473     -0.66980026       4.7409248        4.7409248       104.27302              104.27302
              3       56.556542      0.85727734       1.0517331          12.88592           11.523107      0.64909906     -0.68071216       4.7409248        4.7409248       103.63123              103.63123
              1        56.03873      0.85727734       1.0577829         12.868918           11.506933      0.64268625     -0.69484904       4.7409248        4.7409248       102.59561              102.59561
              4       56.035363      0.85727734       1.0544235         12.869777           11.506563      0.64076796     -0.69524833       4.7409248        4.7409248       102.58888              102.58888
              1       57.323903      0.85727734       1.0765787         12.865116           11.513697      0.64450581     -0.71128806       4.7409248        4.7409248       105.16596              105.16596
              2       57.389212      0.85727734       1.0760847         12.865928           11.514676      0.64427314     -0.71138969       4.7409248        4.7409248       105.29658              105.29658
              3       58.146151      0.85727734       1.0721545         12.863571           11.515329      0.64134584     -0.71564607       4.7409248        4.7409248       106.81045              106.81045
              3       55.635942      0.85727734       1.1052889         12.889989           11.520608      0.63810975     -0.69791986       4.7409248        4.7409248       101.79003              101.79003
              3       55.749337      0.85727734       1.1032819         12.891226           11.519923      0.63951149     -0.69970455       4.7409248        4.7409248       102.01682              102.01682
              1        55.92192      0.85727734       1.1045937         12.893769           11.521408      0.63836465     -0.69346684       4.7409248        4.7409248       102.36199              102.36199
              1       55.938259      0.85727734       1.1078746         12.895414           11.521805       0.6381715     -0.69735979       4.7409248        4.7409248       102.39467              102.39467
              1       55.945098      0.85727734       1.1112894         12.894768           11.521286      0.63896691     -0.69594425       4.7409248        4.7409248       102.40835              102.40835
              2       55.846912      0.85727734       1.1112026         12.894605           11.522141      0.63953543     -0.69605705       4.7409248        4.7409248       102.21198              102.21198
              1       56.343669      0.85727734       1.1101166         12.900784           11.524173      0.64135871     -0.69622452       4.7409248        4.7409248       103.20549              103.20549
              1       56.487748      0.85727734       1.1138163         12.899057           11.524979      0.64724989       -0.679392       4.7409248        4.7409248       103.49365              103.49365
              1       57.680268      0.85727734       1.1310846          12.89945           11.517732       0.6562257     -0.69420489       4.7409248        4.7409248       105.87869              105.87869
              2       56.646183      0.85727734       1.1236859         12.893102           11.529103      0.66365175     -0.70775576       4.7409248        4.7409248       103.81052              103.81052
              1       56.593732      0.85727734       1.1223285         12.893096           11.528676      0.66394602      -0.7077903       4.7409248        4.7409248       103.70562              103.70562
              1       56.595083      0.85727734       1.1065911         12.894092           11.527332      0.67162122     -0.71787244       4.7409248        4.7409248       103.70832              103.70832
              1       56.640424      0.84592848       1.1065911         12.894092           11.527332      0.67162122     -0.71787244       4.7409248        4.7409248         103.799                103.799
              1       55.993426      0.84592848       1.1296332         12.889048           11.521467      0.67053358     -0.75601779       4.7409248        4.7409248         102.505                102.505
              1       55.263463      0.84592848       1.1284874         12.886801           11.524522      0.67032669     -0.75737673       4.7409248        4.7409248       101.04508              101.04508
              1       55.288544      0.84592848        1.129666         12.878607           11.519682      0.67365722     -0.74973313       4.7409248        4.7409248       101.09524              101.09524
              1       55.312962      0.84592848        1.114195         12.875876           11.515122      0.66397174     -0.75372528       4.7409248        4.7409248       101.14407              101.14407
              1       55.672955      0.84592848       1.1147062         12.877611           11.528785      0.66100082     -0.76655027       4.7409248        4.7409248       101.86406              101.86406
              2       56.342269      0.84592848       1.1109069         12.877251           11.531178      0.66502781       -0.760433       4.7409248        4.7409248       103.20269              103.20269
              2       55.871515      0.84592848       1.1211199         12.879316           11.529473       0.6739557     -0.77444499       4.7409248        4.7409248       102.26118              102.26118
              4       56.425836      0.84592848       1.1207135         12.876576           11.529522      0.67414116      -0.7759081       4.7409248        4.7409248       103.36982              103.36982
              5       56.810918      0.84592848       1.1124742         12.886823           11.540317      0.67419954     -0.77186744       4.7409248        4.7409248       104.13999              104.13999
              3       56.730834      0.84592848       1.1106856         12.887732           11.540958      0.67376405     -0.77381126       4.7409248        4.7409248       103.97982              103.97982
              5       55.193932      0.84592848       1.1162868         12.890723           11.535129      0.67217984     -0.77963765       4.7409248        4.7409248       100.90601              100.90601
              1       55.642587      0.84592848       1.1271613         12.880368            11.52105      0.68599655     -0.82207433       4.7409248        4.7409248       101.80332              101.80332
