#        weight    minuslogpost        ygk_Ahmc ygk_LOWZ__5_lM1_0 ygk_LOWZ__5_lMmin_0   ygk_mass_bias       ygk_rhogy   minuslogprior minuslogprior__0            chi2 chi2__ygk_like.ygkLike
              1       54.280246      0.87534912         13.040655           12.105916      0.80226047     -0.58212315        5.362226         5.362226        97.83604               97.83604
              1       56.514427      0.86177367         13.023347           12.110645      0.79265452     -0.57615253        5.362226         5.362226        102.3044               102.3044
              1       56.305988      0.86093388         13.022889           12.109826      0.79433988     -0.57602789        5.362226         5.362226       101.88752              101.88752
              2       55.004448      0.85847619         13.028024             12.1075      0.80279482     -0.57180441        5.362226         5.362226       99.284443              99.284443
              1       54.624892      0.86576265         13.027713           12.098023        0.796963     -0.56073269        5.362226         5.362226       98.525331              98.525331
              1       55.163229      0.86521536         13.026413            12.10473      0.79652518     -0.55489903        5.362226         5.362226       99.602007              99.602007
              1       54.650616      0.86519856         13.030678           12.105637      0.79430948     -0.55515891        5.362226         5.362226        98.57678               98.57678
              1       53.936184      0.85615332         13.023769           12.100424      0.78641219     -0.55851792        5.362226         5.362226       97.147916              97.147916
              1       54.177475      0.85808492         13.021897           12.101755      0.78538598     -0.55952087        5.362226         5.362226       97.630499              97.630499
              1       53.973794      0.85930131          13.02466           12.102436      0.77928263     -0.55518645        5.362226         5.362226       97.223136              97.223136
              4       54.366578      0.85958778         13.020574            12.10145      0.78100719     -0.55007933        5.362226         5.362226       98.008704              98.008704
              1        55.82277      0.85396083         13.023572           12.109025      0.78594574     -0.55040129        5.362226         5.362226       100.92109              100.92109
              1       55.675156      0.85375959          13.02361           12.108579      0.78636338      -0.5506407        5.362226         5.362226       100.62586              100.62586
              1       56.428591      0.83839437         13.038149           12.098274       0.7770168     -0.53250498        5.362226         5.362226       102.13273              102.13273
              1       57.698795      0.83861701         13.022876            12.09822      0.78676157     -0.50966795        5.362226         5.362226       104.67314              104.67314
              1       58.248741      0.83665756          13.02235           12.095663      0.78958265     -0.51121037        5.362226         5.362226       105.77303              105.77303
              4       57.345509      0.83716775         13.017907           12.091607      0.78489386     -0.51219566        5.362226         5.362226       103.96657              103.96657
              1       56.019503      0.83884329         13.019435           12.089836      0.77276297     -0.51266226        5.362226         5.362226       101.31455              101.31455
              1       55.442233      0.83508476          13.01334           12.088238       0.7717381     -0.51340851        5.362226         5.362226       100.16001              100.16001
              2       54.415522       0.8337315         13.014408           12.092558      0.77147005     -0.52420232        5.362226         5.362226       98.106591              98.106591
              2       54.445236      0.82855983         13.008857           12.088134      0.77447713     -0.52868383        5.362226         5.362226        98.16602               98.16602
              1       54.258559      0.82758518         13.008052           12.088358      0.77175986     -0.52860609        5.362226         5.362226       97.792665              97.792665
              3       54.078456      0.82724617         13.011167           12.095323      0.77122606     -0.53930605        5.362226         5.362226       97.432461              97.432461
              1       54.033799      0.83206904         13.013896           12.093431       0.7777574      -0.5404817        5.362226         5.362226       97.343145              97.343145
              2       54.282314      0.83174586         13.010484           12.093189      0.77968082     -0.53865435        5.362226         5.362226       97.840175              97.840175
              1       57.189022      0.83560036         13.002899           12.099699      0.77962839     -0.55121749        5.362226         5.362226       103.65359              103.65359
              2       55.752014      0.84125579         12.999822           12.091335      0.78511248     -0.54085777        5.362226         5.362226       100.77958              100.77958
              4       56.606962      0.84295507         13.001675           12.090769      0.80169207     -0.55046915        5.362226         5.362226       102.48947              102.48947
              3       54.521812      0.83407577         13.002049           12.082826       0.7910401     -0.55272004        5.362226         5.362226       98.319171              98.319171
              1       54.447043      0.83320375         13.001993           12.083203       0.7920278     -0.55529417        5.362226         5.362226       98.169633              98.169633
              2       54.148544      0.83502143         12.997981           12.082837      0.78412461     -0.54909117        5.362226         5.362226       97.572636              97.572636
              1        54.28001      0.83620486         12.995215           12.083967      0.78356954     -0.55186731        5.362226         5.362226       97.835569              97.835569
              2       54.086069      0.83128091         12.992663           12.080852      0.78327602     -0.55263245        5.362226         5.362226       97.447686              97.447686
              1       54.047373       0.8325354         12.992669           12.080157      0.78380518     -0.55362855        5.362226         5.362226       97.370294              97.370294
              3       56.016963      0.83284535         12.980352           12.076216      0.79348842     -0.54542135        5.362226         5.362226       101.30947              101.30947
              1       56.180926      0.83247168         12.972696           12.074662      0.78601464     -0.54882581        5.362226         5.362226        101.6374               101.6374
              7       54.481156      0.83488983         12.968531           12.055933      0.77068773     -0.55107657        5.362226         5.362226        98.23786               98.23786
              1       54.389793      0.83512501         12.968202           12.056598       0.7695907      -0.5528969        5.362226         5.362226       98.055135              98.055135
              1       54.447258      0.83327993         12.967785           12.056192      0.76879364     -0.55272792        5.362226         5.362226       98.170065              98.170065
              3       54.634476      0.82688739         12.975316           12.059958      0.77656641     -0.55822288        5.362226         5.362226         98.5445                98.5445
              2       54.684842      0.82655507         12.976339           12.060632      0.77981265     -0.55468912        5.362226         5.362226       98.645232              98.645232
              1       53.970077      0.82142703         12.975744           12.066298      0.77941609     -0.55571496        5.362226         5.362226       97.215702              97.215702
              4       53.954468      0.82574058         12.973697           12.065107      0.77982737     -0.55994448        5.362226         5.362226       97.184483              97.184483
              6       53.962331      0.82789504         12.973864           12.065687      0.77987374     -0.55798681        5.362226         5.362226       97.200209              97.200209
              1       57.018485      0.82606087         12.979232           12.083001      0.78893241     -0.56395256        5.362226         5.362226       103.31252              103.31252
              1       56.165955      0.82608874         12.980677           12.081849      0.79035578     -0.56384214        5.362226         5.362226       101.60746              101.60746
              1       55.181451      0.82923379          12.97995           12.078297        0.789218     -0.57750266        5.362226         5.362226       99.638451              99.638451
