#        weight    minuslogpost        ygk_Ahmc ygk_LOWZ__5_lM1_0 ygk_LOWZ__5_lMmin_0   ygk_mass_bias       ygk_rhogy   minuslogprior minuslogprior__0            chi2 chi2__ygk_like.ygkLike
              2       54.495481      0.85220114         13.038633           12.108415       0.7558185     -0.54027105        5.362226         5.362226        98.26651               98.26651
              4       54.376035      0.85151904         13.037766           12.109327      0.75705508     -0.53957594        5.362226         5.362226       98.027619              98.027619
              2       54.284652      0.87191785          13.03602           12.110841      0.76816355     -0.54348427        5.362226         5.362226       97.844852              97.844852
             10       54.203505      0.87277973         13.036792           12.110742      0.76786985     -0.54167083        5.362226         5.362226       97.682558              97.682558
              2        54.78989      0.87588275         13.035474           12.112406       0.7655932     -0.54046869        5.362226         5.362226       98.855328              98.855328
              3        54.87394      0.88433842           13.0519           12.123981      0.77407766     -0.54423054        5.362226         5.362226       99.023428              99.023428
              1       54.237398       0.8880523         13.048741           12.117882      0.76734856     -0.54226815        5.362226         5.362226       97.750345              97.750345
              3       54.117377      0.88798139         13.052765           12.119307      0.76561776      -0.5371589        5.362226         5.362226       97.510303              97.510303
              1       56.338161      0.88411165         13.041287           12.118631      0.77685175     -0.52567189        5.362226         5.362226       101.95187              101.95187
              1        56.23106      0.88474951         13.044485           12.119359      0.78021387     -0.52550668        5.362226         5.362226       101.73767              101.73767
              2       56.552704      0.88166884         13.045874           12.121778      0.77886477     -0.52369533        5.362226         5.362226       102.38096              102.38096
              1       56.490666      0.87136713         13.043163           12.121494      0.78401155     -0.53492504        5.362226         5.362226       102.25688              102.25688
              1         56.4719      0.87076821         13.043181           12.121341      0.78435391      -0.5345905        5.362226         5.362226       102.21935              102.21935
              1       57.457937      0.86997524         13.040145           12.122043        0.783775     -0.53492817        5.362226         5.362226       104.19142              104.19142
              1       57.706966      0.86778066         13.041721           12.124399       0.7820547     -0.53610095        5.362226         5.362226       104.68948              104.68948
              4       55.284735       0.8656431         13.041807           12.118985      0.78105924     -0.54140116        5.362226         5.362226       99.845017              99.845017
              1       55.143059      0.86559621         13.041786           12.118342      0.78171047     -0.54170459        5.362226         5.362226       99.561666              99.561666
              2       54.279722      0.86477328          13.04128           12.114186      0.77810403     -0.54047825        5.362226         5.362226       97.834992              97.834992
              5       54.583839      0.86821042         13.041426           12.114327      0.78020321     -0.53714106        5.362226         5.362226       98.443225              98.443225
              2       54.531659      0.86537948         13.047853           12.112587      0.77607916     -0.52837562        5.362226         5.362226       98.338865              98.338865
              5       55.141325      0.87139377         13.042518           12.115364      0.77530133      -0.5223369        5.362226         5.362226       99.558198              99.558198
              3       55.411753      0.86047033         13.038104           12.106626      0.77573721     -0.51489754        5.362226         5.362226       100.09905              100.09905
              2       55.125178      0.86463447         13.033376           12.106265       0.7722836     -0.51364571        5.362226         5.362226       99.525903              99.525903
              2       54.709702      0.86781229         13.037314           12.106743      0.76962145     -0.51654959        5.362226         5.362226       98.694952              98.694952
              3       54.739894      0.86824778         13.033484           12.100343      0.77288257     -0.52530892        5.362226         5.362226       98.755337              98.755337
              1       57.176839      0.88794833         13.037745           12.099758      0.79199796     -0.52903207        5.362226         5.362226       103.62923              103.62923
              1       58.033091      0.89196564         13.037677             12.0901      0.78432895     -0.54570991        5.362226         5.362226       105.34173              105.34173
              1       54.456965      0.89603103         13.047593           12.106111      0.77741483     -0.55086434        5.362226         5.362226       98.189477              98.189477
              1       54.142655      0.88771273         13.051009           12.111818      0.77288214     -0.55940562        5.362226         5.362226       97.560857              97.560857
              2       53.871304      0.88940416         13.056511           12.120436      0.77611698     -0.55481009        5.362226         5.362226       97.018157              97.018157
              2       53.874966      0.88921103         13.056392           12.120465      0.77611916     -0.55465169        5.362226         5.362226        97.02548               97.02548
              1       53.818168       0.8868524         13.056005           12.118916      0.77787378     -0.55590292        5.362226         5.362226       96.911885              96.911885
              1       53.885817       0.8846552         13.054831           12.120183      0.77795263     -0.55285619        5.362226         5.362226       97.047183              97.047183
              4       54.984376      0.88096928         13.071222           12.121659      0.78004698     -0.54986639        5.362226         5.362226       99.244301              99.244301
              1       54.062532      0.87209448         13.066493           12.124879      0.77466574       -0.539737        5.362226         5.362226       97.400611              97.400611
              1       54.163687       0.8715754         13.066241            12.12361      0.77462025     -0.53993009        5.362226         5.362226       97.602922              97.602922
              4       54.163659      0.87033023         13.064351             12.1243      0.77915046     -0.53971573        5.362226         5.362226       97.602866              97.602866
              1       54.351963      0.87634089         13.065908           12.126287      0.78164333     -0.53809547        5.362226         5.362226       97.979475              97.979475
