#        weight    minuslogpost        ygk_Ahmc ygk_LOWZ__5_lM1_0 ygk_LOWZ__5_lMmin_0   ygk_mass_bias       ygk_rhogy   minuslogprior minuslogprior__0            chi2 chi2__ygk_like.ygkLike
              1       54.214354      0.85916755         13.040973           12.110008      0.78386553     -0.58358148        5.362226         5.362226       97.704255              97.704255
              1       54.349051      0.84403511         13.044006           12.108726      0.79767516     -0.58509964        5.362226         5.362226       97.973649              97.973649
              1       56.598204      0.84446472         13.032646           12.118332      0.80240388     -0.58692152        5.362226         5.362226       102.47196              102.47196
              1       55.213901      0.83844493         13.026662           12.110329       0.8047218     -0.58720951        5.362226         5.362226        99.70335               99.70335
              1       54.944874      0.83938964          13.02722           12.109419      0.80435406     -0.59621746        5.362226         5.362226       99.165297              99.165297
              3       54.839294      0.86297394         13.014752           12.098417       0.7958262      -0.5930565        5.362226         5.362226       98.954135              98.954135
              2        55.93694      0.86138276         13.009221           12.095741      0.78536995     -0.59760408        5.362226         5.362226       101.14943              101.14943
              1       55.852841      0.85291169         13.022321           12.100438       0.7795565     -0.59996953        5.362226         5.362226       100.98123              100.98123
              1       55.786792      0.85563416         13.023571           12.100419       0.7770043     -0.59656279        5.362226         5.362226       100.84913              100.84913
              1       56.152704      0.84734512         13.027439           12.101211      0.77746583     -0.60142709        5.362226         5.362226       101.58096              101.58096
              5       56.284421      0.85185244         13.036157           12.104225      0.77774148     -0.60165799        5.362226         5.362226       101.84439              101.84439
              1       56.200889      0.85353365         13.035916           12.103686      0.77278089     -0.59379393        5.362226         5.362226       101.67733              101.67733
              1       56.702417      0.86453563         13.034664           12.103822      0.77076211     -0.59744849        5.362226         5.362226       102.68038              102.68038
              2       55.823649      0.86941961         13.029511           12.110963      0.78550685     -0.58886028        5.362226         5.362226       100.92285              100.92285
              1       55.080634      0.86668264         13.028782           12.108659      0.78757912     -0.58770215        5.362226         5.362226       99.436817              99.436817
              1       55.561854      0.86667777         13.027451           12.109512      0.78846156     -0.58843339        5.362226         5.362226       100.39926              100.39926
              2       54.101473       0.8730321         13.037065           12.108499      0.80107051     -0.59193753        5.362226         5.362226       97.478494              97.478494
              1       54.312035       0.8777851         13.033352           12.100287      0.79953941     -0.59664091        5.362226         5.362226       97.899618              97.899618
              3       54.593724      0.88131461         13.045489           12.107198      0.80620244     -0.58889252        5.362226         5.362226       98.462995              98.462995
              2       56.181516      0.87637294         13.046088            12.10315      0.81385868     -0.59055298        5.362226         5.362226       101.63858              101.63858
              1       56.521767      0.87081502         13.045718           12.105714       0.8241402     -0.59383139        5.362226         5.362226       102.31908              102.31908
              2       54.813739      0.87166595         13.044621           12.111815      0.81975615     -0.60412812        5.362226         5.362226       98.903025              98.903025
              3       55.345762      0.87174904         13.036555           12.100663      0.82037722     -0.61013344        5.362226         5.362226       99.967072              99.967072
              2       55.392072      0.87446444         13.038064           12.101806      0.82029393     -0.60320957        5.362226         5.362226       100.05969              100.05969
              1       55.545683      0.86839767         13.029326            12.11056      0.80696077     -0.60053305        5.362226         5.362226       100.36691              100.36691
              2       56.360989      0.87214469         13.026859           12.110897      0.80689544     -0.60152152        5.362226         5.362226       101.99753              101.99753
              1       54.510987      0.87137286         13.029417           12.097765      0.80907382     -0.59769316        5.362226         5.362226       98.297522              98.297522
              1       54.488834      0.87156744         13.028981           12.097895      0.80965375     -0.59724488        5.362226         5.362226       98.253215              98.253215
              1       55.067494      0.87042476         13.028522           12.096197      0.81833868     -0.60793654        5.362226         5.362226       99.410535              99.410535
              1       54.976802      0.86653818         13.027378           12.096348      0.81838049     -0.60746208        5.362226         5.362226       99.229152              99.229152
              3       55.365411      0.88020658         13.021581           12.100349      0.81553352     -0.58994863        5.362226         5.362226       100.00637              100.00637
              2       56.093245      0.88846025         13.008961           12.087402       0.8257375     -0.59595145        5.362226         5.362226       101.46204              101.46204
              2       56.501921      0.89335114         13.015606           12.081687       0.8225695     -0.60100948        5.362226         5.362226       102.27939              102.27939
              2       57.703249      0.89495178         13.015279           12.079533      0.82761626     -0.60061876        5.362226         5.362226       104.68205              104.68205
              1        55.23961      0.90979224         12.994039           12.074137      0.81940849     -0.60293621        5.362226         5.362226       99.754768              99.754768
              1       55.287122       0.9094843         12.998505            12.07478      0.82018076     -0.60448085        5.362226         5.362226       99.849791              99.849791
              3       55.674529      0.91156066         12.998229           12.071991       0.8219384     -0.60597332        5.362226         5.362226       100.62461              100.62461
              1       57.192557      0.93344128         12.999007            12.08575      0.82050041     -0.60308142        5.362226         5.362226       103.66066              103.66066
              1         56.6388         0.93694         12.997864           12.083216      0.81837106     -0.60097113        5.362226         5.362226       102.55315              102.55315
              1       56.655913      0.94038835         13.001222           12.074617      0.82963582     -0.60382939        5.362226         5.362226       102.58737              102.58737
              3        57.26757      0.93348379         12.989134           12.069881      0.83219222     -0.60203502        5.362226         5.362226       103.81069              103.81069
              1       57.478542      0.93407381         12.988787           12.069618      0.83369476     -0.60281217        5.362226         5.362226       104.23263              104.23263
              2       57.262876      0.94018451         12.993949           12.070296      0.83259156     -0.60284275        5.362226         5.362226        103.8013               103.8013
              2       56.784693      0.94117181         12.992592           12.067309      0.82995419     -0.60557566        5.362226         5.362226       102.84493              102.84493
              3       57.191243      0.93935627         12.985283           12.058475      0.82733054     -0.60344732        5.362226         5.362226       103.65803              103.65803
              4       55.633601      0.93799592          12.98254           12.059386      0.82137865      -0.6175863        5.362226         5.362226       100.54275              100.54275
              2       55.617179      0.93782615         12.983031           12.059758      0.82129335     -0.61852792        5.362226         5.362226       100.50991              100.50991
              1       55.402818      0.94228497           12.9991           12.069503      0.81513563     -0.60654111        5.362226         5.362226       100.08118              100.08118
              4       55.871882      0.94448369         13.000795           12.067768      0.81400356     -0.60927614        5.362226         5.362226       101.01931              101.01931
              1       55.301598       0.9376049         13.001246           12.072952       0.8183604     -0.61961786        5.362226         5.362226       99.878744              99.878744
              2        56.89833      0.93354887         13.007902           12.070334       0.8174777     -0.61529828        5.362226         5.362226       103.07221              103.07221
              1         55.3572      0.92654003         13.012047           12.090635      0.81272918     -0.61693381        5.362226         5.362226       99.989947              99.989947
