#        weight    minuslogpost        ygk_Ahmc ygk_LOWZ__5_lM1_0 ygk_LOWZ__5_lMmin_0   ygk_mass_bias       ygk_rhogy   minuslogprior minuslogprior__0            chi2 chi2__ygk_like.ygkLike
              1       57.041988      0.84818972         13.044698           12.104095      0.81859126     -0.58365849        5.362226         5.362226       103.35952              103.35952
              3       59.151831      0.85042725         13.035022           12.091203      0.81654613     -0.58390414        5.362226         5.362226       107.57921              107.57921
              3       58.363789      0.85028104         13.039833            12.09553      0.81283022     -0.58191352        5.362226         5.362226       106.00313              106.00313
              1       58.336797      0.85834206         13.037208           12.095876      0.81531621     -0.57108831        5.362226         5.362226       105.94914              105.94914
              1       57.429043        0.860019          13.03718           12.099821      0.81865647     -0.57323713        5.362226         5.362226       104.13363              104.13363
              1       59.636703      0.85756192         13.033522           12.094427      0.81670536     -0.55798956        5.362226         5.362226       108.54895              108.54895
              1       59.268154      0.85876936         13.033381           12.095241      0.81624217     -0.55760017        5.362226         5.362226       107.81186              107.81186
              1       60.613705      0.86470892         13.011393           12.091653      0.82874266     -0.56158769        5.362226         5.362226       110.50296              110.50296
              1       58.106859      0.86132264         13.005302           12.091414      0.81848249     -0.56499204        5.362226         5.362226       105.48927              105.48927
              1       58.255079      0.87138553         13.008822           12.076434      0.81452785     -0.56833135        5.362226         5.362226       105.78571              105.78571
              2        58.16454      0.86275233         13.011142           12.079879      0.82370858     -0.58159229        5.362226         5.362226       105.60463              105.60463
              1       58.454959      0.86654801         13.006985           12.074697      0.82370337      -0.5861405        5.362226         5.362226       106.18547              106.18547
              1       59.601622       0.8696811         13.011616           12.074472      0.82359825     -0.58750131        5.362226         5.362226       108.47879              108.47879
              1       58.602818       0.8807027         13.005486           12.085844      0.83389255     -0.58566827        5.362226         5.362226       106.48118              106.48118
              1       57.205101      0.88130814         13.010522           12.081526      0.82783062     -0.59225936        5.362226         5.362226       103.68575              103.68575
              1       56.702381       0.8837539         13.011764           12.081182      0.81815485      -0.5819614        5.362226         5.362226       102.68031              102.68031
              1       55.487067       0.8964844         13.003409           12.083171      0.81569736      -0.5862198        5.362226         5.362226       100.24968              100.24968
              4       55.558299      0.88950133         12.995196           12.082777       0.8106983     -0.58828101        5.362226         5.362226       100.39215              100.39215
              1       54.505679      0.89620721          13.01217           12.082296      0.79682144     -0.59207083        5.362226         5.362226       98.286906              98.286906
              1       55.484907      0.89528741         13.008114           12.075817      0.79304346     -0.59720921        5.362226         5.362226       100.24536              100.24536
              1        57.95533      0.91566929         13.011734           12.070784      0.81118172     -0.61070565        5.362226         5.362226       105.18621              105.18621
              3       58.111831      0.91933188         13.013816           12.071679      0.81105119     -0.61257206        5.362226         5.362226       105.49921              105.49921
              1       55.576498      0.91971662          13.00569            12.07467      0.81652268     -0.61982664        5.362226         5.362226       100.42854              100.42854
              1       55.174208      0.91329311         13.011247           12.082093      0.81731765     -0.62273127        5.362226         5.362226       99.623965              99.623965
              2       55.366405      0.91587652         13.006204           12.084585       0.8131608     -0.62674129        5.362226         5.362226       100.00836              100.00836
              1       55.548873      0.91672413         13.005088           12.085368      0.81556563     -0.62679927        5.362226         5.362226       100.37329              100.37329
              1       55.034753      0.91387555         12.993222           12.072617      0.81534602     -0.62140909        5.362226         5.362226       99.345055              99.345055
              1       56.080734      0.93323942         12.998016             12.0658      0.81307221     -0.61684203        5.362226         5.362226       101.43702              101.43702
              1       55.469322      0.94891443         12.991208           12.066944      0.82211678     -0.62201648        5.362226         5.362226       100.21419              100.21419
              2       55.460975      0.94868496         12.991132           12.067223       0.8222045     -0.62239595        5.362226         5.362226        100.1975               100.1975
              1       55.606512      0.94816803         12.991546           12.066149       0.8233841     -0.62268234        5.362226         5.362226       100.48857              100.48857
              3       56.255444      0.94247091         12.976851           12.064176      0.82557745     -0.61721042        5.362226         5.362226       101.78644              101.78644
              2       55.597035      0.94409285         12.988615           12.063573      0.82155918     -0.62353442        5.362226         5.362226       100.46962              100.46962
              1       55.166493      0.94107798         12.990013           12.068477      0.81722517     -0.61941991        5.362226         5.362226       99.608533              99.608533
              1       55.410794      0.93612159         12.997926           12.080401      0.80638133     -0.61229606        5.362226         5.362226       100.09714              100.09714
              1       55.623492      0.93261831         13.005577           12.076551      0.80189555     -0.62361605        5.362226         5.362226       100.52253              100.52253
              3       55.970735      0.92697428         12.999539           12.072315      0.79628412     -0.62228626        5.362226         5.362226       101.21702              101.21702
              4       55.869149      0.92710096          13.00107           12.073055      0.79697117     -0.62135506        5.362226         5.362226       101.01385              101.01385
              1        55.63089      0.92244682         12.996037           12.077899      0.79483441     -0.61471669        5.362226         5.362226       100.53733              100.53733
              1       55.107959      0.92126664         12.991219           12.069473      0.79410112     -0.61060311        5.362226         5.362226       99.491465              99.491465
              1       55.210964      0.92238382         12.991958           12.069388      0.79212955     -0.60994281        5.362226         5.362226       99.697476              99.697476
              3       56.083024      0.92284421         12.992565           12.066258       0.7908104     -0.61574541        5.362226         5.362226        101.4416               101.4416
              1       54.789862      0.92188975         12.976096           12.057221      0.79749223     -0.60397232        5.362226         5.362226       98.855272              98.855272
              3       56.674711      0.91937623         12.964449           12.051655      0.78519308     -0.61776114        5.362226         5.362226       102.62497              102.62497
              2       56.600672      0.92664145         12.963933           12.050034      0.78871146     -0.62113416        5.362226         5.362226       102.47689              102.47689
              2        57.01066        0.925312         12.966085           12.049053      0.78276511     -0.61721726        5.362226         5.362226       103.29687              103.29687
              2       55.379069      0.93785751         12.972409           12.056928       0.7882282     -0.60616538        5.362226         5.362226       100.03369              100.03369
              1       54.785033      0.94631563         12.973741           12.058509      0.78680367     -0.59116026        5.362226         5.362226       98.845614              98.845614
              1        54.35222      0.93420159         12.984079           12.063528      0.79259374     -0.58522895        5.362226         5.362226       97.979989              97.979989
              2       54.523603      0.92912267         12.975827           12.061375      0.79446805     -0.58122844        5.362226         5.362226       98.322753              98.322753
              1       54.550741       0.9298269         12.976706           12.058487      0.79682041     -0.58117595        5.362226         5.362226        98.37703               98.37703
              1       54.423659      0.93963143         12.976956           12.058582      0.79142665     -0.58476095        5.362226         5.362226       98.122867              98.122867
              1       55.130045      0.94094407         12.977853           12.052778      0.79190333     -0.58197896        5.362226         5.362226       99.535639              99.535639
              1       54.982019      0.94328545         12.978065           12.054305       0.7952387     -0.58053866        5.362226         5.362226       99.239585              99.239585
              1       55.585876       0.9425955         12.989198           12.058587      0.79023681     -0.57400986        5.362226         5.362226        100.4473               100.4473
              4       55.987013      0.94248701         12.990544           12.058158      0.79103481     -0.57542456        5.362226         5.362226       101.24957              101.24957
              1       55.233877      0.93418974         12.992024           12.061846      0.78263434     -0.57144071        5.362226         5.362226       99.743302              99.743302
              2       55.367984      0.93203522         12.991634           12.061439      0.78180837     -0.57714847        5.362226         5.362226       100.01152              100.01152
              1       55.338244       0.9105092         12.987484           12.059775      0.77723305     -0.56499106        5.362226         5.362226       99.952037              99.952037
              1       54.577408       0.9226941         12.972771           12.055793      0.76431256     -0.55384675        5.362226         5.362226       98.430365              98.430365
              1       54.821288       0.9228537         12.973894           12.061051      0.76201269     -0.55332646        5.362226         5.362226       98.918125              98.918125
              4       54.632617         0.92346         12.975697           12.060532      0.76212307     -0.55166709        5.362226         5.362226       98.540782              98.540782
              2       54.925564      0.92018705         12.974653           12.060226      0.75997934        -0.55614        5.362226         5.362226       99.126676              99.126676
