#        weight    minuslogpost          sigma8 ygk_LOWZ__0_lM1_0 ygk_LOWZ__0_lMmin_0   ygk_mass_bias       ygk_rhogy   minuslogprior minuslogprior__0            chi2 chi2__ygk_like.ygkLike
              1       15.311481      0.89172897         13.389058           12.131239      0.61384439       -0.271757       4.0990709        4.0990709        22.42482               22.42482
              3       16.070015      0.89172897         13.387898           12.126142      0.61770275     -0.26567903       4.0990709        4.0990709       23.941888              23.941888
              2       15.878442      0.89172897         13.383656           12.133609      0.62561545     -0.26036599       4.0990709        4.0990709       23.558741              23.558741
              1       16.453094      0.89884475         13.383656           12.133609      0.62561545     -0.26036599       4.0990709        4.0990709       24.708046              24.708046
              2       16.764186      0.89884475         13.376569           12.127024      0.62929007     -0.26224185       4.0990709        4.0990709        25.33023               25.33023
              1       16.715476      0.89884475         13.376493           12.130508      0.63324413      -0.2694506       4.0990709        4.0990709       25.232809              25.232809
              3       16.601109      0.89884475         13.380263            12.13524      0.62788641     -0.27014237       4.0990709        4.0990709       25.004077              25.004077
              1       16.161459      0.89884475          13.37571            12.12408       0.6238118     -0.27097142       4.0990709        4.0990709       24.124776              24.124776
              3       15.454483      0.88628484          13.37571            12.12408       0.6238118     -0.27097142       4.0990709        4.0990709       22.710825              22.710825
              2       15.311788      0.88628484         13.375788           12.126002       0.6172087     -0.26480807       4.0990709        4.0990709       22.425434              22.425434
              1       15.312322      0.88628484         13.375773              12.126      0.61718806      -0.2647157       4.0990709        4.0990709       22.426502              22.426502
              1       15.448435      0.88628484         13.373856           12.127076       0.6210201     -0.26414213       4.0990709        4.0990709       22.698727              22.698727
              2       15.923447      0.89440121         13.373856           12.127076       0.6210201     -0.26414213       4.0990709        4.0990709       23.648751              23.648751
              2       15.920787      0.89440121          13.37422            12.12753      0.62051283     -0.26473272       4.0990709        4.0990709       23.643432              23.643432
              1       15.733411      0.89440121         13.370753            12.12294      0.61667416      -0.2670962       4.0990709        4.0990709       23.268681              23.268681
              1       15.224881      0.88278406         13.370753            12.12294      0.61667416      -0.2670962       4.0990709        4.0990709        22.25162               22.25162
              1       15.135433      0.88278406         13.375997           12.123354      0.60093058     -0.25002235       4.0990709        4.0990709       22.072723              22.072723
              3       15.622987      0.88278406         13.380644           12.119368      0.60032251     -0.24578383       4.0990709        4.0990709       23.047833              23.047833
              4       15.672676      0.87957896         13.380644           12.119368      0.60032251     -0.24578383       4.0990709        4.0990709       23.147211              23.147211
              3       16.728061      0.87957896         13.385214           12.123611      0.60741377      -0.2286885       4.0990709        4.0990709        25.25798               25.25798
              1       17.175811      0.87957896         13.390124           12.126444      0.60919608     -0.22742869       4.0990709        4.0990709        26.15348               26.15348
              2       17.282825      0.88779118         13.390124           12.126444      0.60919608     -0.22742869       4.0990709        4.0990709       26.367508              26.367508
              1       18.210309      0.88779118         13.376389           12.144316      0.61249022     -0.21874675       4.0990709        4.0990709       28.222477              28.222477
              1       16.796791      0.88779118         13.374394            12.14082      0.62369019     -0.21895369       4.0990709        4.0990709       25.395441              25.395441
              1       16.199249      0.88779118         13.390912           12.139621      0.61730511     -0.22097069       4.0990709        4.0990709       24.200356              24.200356
              2       16.218834      0.88779118         13.390881           12.139314      0.61750363     -0.22166394       4.0990709        4.0990709       24.239527              24.239527
              1       16.244285      0.88817896         13.390881           12.139314      0.61750363     -0.22166394       4.0990709        4.0990709       24.290428              24.290428
              2       18.254504      0.88817896         13.397847           12.144959      0.63386813     -0.21977879       4.0990709        4.0990709       28.310866              28.310866
              1       17.254964      0.88817896         13.403801           12.147959      0.62540028     -0.21957176       4.0990709        4.0990709       26.311786              26.311786
              1       16.905652      0.88335723         13.403801           12.147959      0.62540028     -0.21957176       4.0990709        4.0990709       25.613161              25.613161
              2       17.527852      0.88335723         13.409828           12.150558      0.63039764     -0.22615142       4.0990709        4.0990709       26.857562              26.857562
              1       17.088405      0.88335723         13.409039           12.151751       0.6302011     -0.22629776       4.0990709        4.0990709       25.978669              25.978669
              1       17.511672      0.88335723         13.410404           12.153646      0.63264023     -0.22148817       4.0990709        4.0990709       26.825203              26.825203
              1       17.205299      0.87881115         13.410404           12.153646      0.63264023     -0.22148817       4.0990709        4.0990709       26.212456              26.212456
              1       17.024488      0.87881115          13.41653           12.157127      0.63078275     -0.22365712       4.0990709        4.0990709       25.850835              25.850835
              1       16.540657      0.87881115         13.416266           12.156246      0.62338412     -0.21948254       4.0990709        4.0990709       24.883172              24.883172
              2        15.37743      0.87881115         13.414509           12.159077      0.62020283      -0.2322694       4.0990709        4.0990709       22.556718              22.556718
              2       15.773542      0.87881115          13.40659           12.155266       0.6311553     -0.23474985       4.0990709        4.0990709       23.348941              23.348941
              1       15.540718      0.87251176          13.40659           12.155266       0.6311553     -0.23474985       4.0990709        4.0990709       22.883294              22.883294
              1        15.23661      0.87251176         13.410484            12.16028      0.62323982     -0.23014173       4.0990709        4.0990709       22.275078              22.275078
              1         15.9583      0.87251176         13.406338            12.16651      0.62646768     -0.22787162       4.0990709        4.0990709       23.718459              23.718459
              2       15.740346      0.87251176         13.408732           12.167262      0.62810811     -0.22789621       4.0990709        4.0990709        23.28255               23.28255
              1       15.884757      0.87559907         13.408732           12.167262      0.62810811     -0.22789621       4.0990709        4.0990709       23.571373              23.571373
              1       15.698552      0.87559907         13.419119           12.170036      0.62909455     -0.21109741       4.0990709        4.0990709       23.198962              23.198962
              1       15.548833      0.87559907         13.418575           12.170271      0.62491167     -0.21055407       4.0990709        4.0990709       22.899525              22.899525
              1       15.631964      0.87559907         13.417928           12.172182      0.62511224     -0.21048156       4.0990709        4.0990709       23.065785              23.065785
              3       15.757844      0.87788605         13.417928           12.172182      0.62511224     -0.21048156       4.0990709        4.0990709       23.317545              23.317545
              3       15.401757      0.87013826         13.417928           12.172182      0.62511224     -0.21048156       4.0990709        4.0990709       22.605371              22.605371
              1       16.496808      0.87013826         13.409378           12.167697      0.61433121     -0.22894651       4.0990709        4.0990709       24.795475              24.795475
              2       16.985784      0.88142023         13.409378           12.167697      0.61433121     -0.22894651       4.0990709        4.0990709       25.773426              25.773426
              3       16.711715      0.88142023         13.408654           12.171473      0.63361929      -0.2177026       4.0990709        4.0990709       25.225288              25.225288
              4       16.343695      0.88142023          13.41349           12.168625      0.64004802     -0.22353081       4.0990709        4.0990709       24.489248              24.489248
              1       15.487911      0.86812652          13.41349           12.168625      0.64004802     -0.22353081       4.0990709        4.0990709        22.77768               22.77768
              2       16.243335      0.86812652         13.409483           12.168991      0.62294725     -0.23482002       4.0990709        4.0990709       24.288529              24.288529
              3       15.868878      0.86812652         13.414187           12.170165      0.62178784     -0.23469533       4.0990709        4.0990709       23.539614              23.539614
              2       15.791604      0.86812652         13.416038           12.172993      0.62832846     -0.23603758       4.0990709        4.0990709       23.385065              23.385065
              1       15.961753      0.87318035         13.416038           12.172993      0.62832846     -0.23603758       4.0990709        4.0990709       23.725364              23.725364
              1       16.470624      0.87318035         13.415737           12.174239      0.62700344     -0.24028454       4.0990709        4.0990709       24.743106              24.743106
              1       15.576896      0.87318035         13.421266           12.161909      0.62976968     -0.24515719       4.0990709        4.0990709        22.95565               22.95565
              2       15.924248      0.87318035         13.422176           12.160471      0.62890707     -0.24205647       4.0990709        4.0990709       23.650354              23.650354
              1       16.111701      0.87318035         13.418792           12.152332      0.62012265     -0.24728044       4.0990709        4.0990709       24.025261              24.025261
              1       16.124272      0.87230293         13.418792           12.152332      0.62012265     -0.24728044       4.0990709        4.0990709       24.050401              24.050401
              1       15.703697      0.87230293         13.394805           12.154055      0.62268236     -0.23873195       4.0990709        4.0990709       23.209252              23.209252
              2       15.503511      0.87230293         13.392523             12.1508       0.6220635     -0.23781446       4.0990709        4.0990709        22.80888               22.80888
              1       15.642429      0.87230293         13.389305           12.148239      0.62474981     -0.25309546       4.0990709        4.0990709       23.086717              23.086717
              1       15.199825      0.87230293          13.40133           12.141653       0.6087671     -0.25733414       4.0990709        4.0990709       22.201509              22.201509
              1        15.12746      0.88312916          13.40133           12.141653       0.6087671     -0.25733414       4.0990709        4.0990709       22.056778              22.056778
              1       15.181572      0.87320415          13.40133           12.141653       0.6087671     -0.25733414       4.0990709        4.0990709       22.165003              22.165003
              1       15.182443      0.87320415         13.401192           12.140832      0.60713751     -0.26802168       4.0990709        4.0990709       22.166745              22.166745
              1       15.232119      0.87320415         13.407299           12.145828      0.60460084     -0.26809799       4.0990709        4.0990709       22.266096              22.266096
              3       15.333769      0.87320415         13.406388           12.144087      0.59894703     -0.26709034       4.0990709        4.0990709       22.469397              22.469397
              1       15.337848      0.87320415          13.40578           12.144467      0.59891104     -0.26474746       4.0990709        4.0990709       22.477554              22.477554
              1       15.888265      0.87320415         13.398818           12.148306      0.60841233     -0.26703102       4.0990709        4.0990709       23.578389              23.578389
              3       16.033947       0.8812708         13.398818           12.148306      0.60841233     -0.26703102       4.0990709        4.0990709       23.869753              23.869753
              1       15.876513      0.87126984         13.398818           12.148306      0.60841233     -0.26703102       4.0990709        4.0990709       23.554884              23.554884
              2       16.427371      0.87126984         13.392881           12.146728      0.60799811     -0.26661081       4.0990709        4.0990709       24.656601              24.656601
              1       16.432289      0.87126984         13.391625           12.145086      0.61432561       -0.284288       4.0990709        4.0990709       24.666436              24.666436
              2       16.578107      0.87780905         13.391625           12.145086      0.61432561       -0.284288       4.0990709        4.0990709       24.958071              24.958071
              2       16.189409      0.87780905         13.382704           12.138354      0.62068669     -0.28928857       4.0990709        4.0990709       24.180676              24.180676
              1       16.252415      0.87780905         13.382422           12.138392      0.62049254     -0.28908368       4.0990709        4.0990709       24.306689              24.306689
              1       16.047912      0.86343011         13.382422           12.138392      0.62049254     -0.28908368       4.0990709        4.0990709       23.897683              23.897683
              2       15.766138      0.86343011         13.380554           12.134382      0.62044544     -0.29264781       4.0990709        4.0990709       23.334135              23.334135
              4       16.121804      0.86343011         13.371106           12.132418      0.62312241     -0.28552065       4.0990709        4.0990709       24.045465              24.045465
              2       16.143097      0.86580871         13.371106           12.132418      0.62312241     -0.28552065       4.0990709        4.0990709       24.088053              24.088053
              4       15.691651      0.86580871         13.370567           12.129751      0.62353641     -0.28480548       4.0990709        4.0990709       23.185161              23.185161
              1       15.664683      0.86580871         13.370659           12.129558      0.62354292     -0.28519894       4.0990709        4.0990709       23.131225              23.131225
              1       15.912475      0.86580871         13.374539           12.133978      0.62428959     -0.28646208       4.0990709        4.0990709       23.626809              23.626809
              1       15.591225      0.86580871         13.376102            12.12621      0.61056507     -0.28778362       4.0990709        4.0990709       22.984309              22.984309
              1        15.59067      0.86580871          13.37668           12.126485      0.61051032     -0.28815074       4.0990709        4.0990709       22.983199              22.983199
              2       15.669066      0.86274321          13.37668           12.126485      0.61051032     -0.28815074       4.0990709        4.0990709       23.139991              23.139991
              1        16.78154      0.86274321         13.378468            12.13474      0.60509663     -0.27834013       4.0990709        4.0990709       25.364938              25.364938
              2       16.124663      0.86274321         13.395176           12.139865       0.6000248     -0.28058907       4.0990709        4.0990709       24.051184              24.051184
              2       16.286267      0.85793123         13.395176           12.139865       0.6000248     -0.28058907       4.0990709        4.0990709       24.374393              24.374393
              1       16.102024      0.85793123          13.39579           12.137412      0.60597102     -0.29501943       4.0990709        4.0990709       24.005906              24.005906
              1       16.216124      0.85793123         13.403219           12.136906      0.60927381     -0.29196013       4.0990709        4.0990709       24.234107              24.234107
              1        16.13455      0.85793123         13.403819           12.138341      0.60689965     -0.29061553       4.0990709        4.0990709       24.070959              24.070959
              1       15.968352      0.85793123         13.403779           12.144108      0.60942584     -0.29229167       4.0990709        4.0990709       23.738563              23.738563
              1       15.728561      0.86343346         13.403779           12.144108      0.60942584     -0.29229167       4.0990709        4.0990709        23.25898               23.25898
              1        15.67739      0.86343346         13.396647           12.145085      0.61481855     -0.28063211       4.0990709        4.0990709       23.156637              23.156637
              1       15.976182      0.86343346         13.398179           12.145526      0.60464253     -0.27154162       4.0990709        4.0990709       23.754223              23.754223
              1       15.857055      0.86343346         13.412445            12.14429      0.60458804     -0.27394733       4.0990709        4.0990709       23.515969              23.515969
              2       15.096681      0.88996241         13.412445            12.14429      0.60458804     -0.27394733       4.0990709        4.0990709       21.995221              21.995221
              1       15.458631      0.88996241         13.411561           12.137443      0.60265779     -0.27562716       4.0990709        4.0990709        22.71912               22.71912
              4       15.441644      0.89273827         13.411561           12.137443      0.60265779     -0.27562716       4.0990709        4.0990709       22.685146              22.685146
              1       15.494718      0.89273827         13.414596           12.137922      0.60139302     -0.27915161       4.0990709        4.0990709       22.791294              22.791294
              1       16.831616      0.89273827         13.422768           12.138216      0.60202924      -0.2744295       4.0990709        4.0990709       25.465091              25.465091
              1       15.149278      0.89273827         13.426653           12.153669      0.60966501     -0.28314359       4.0990709        4.0990709       22.100415              22.100415
              3       15.236468      0.87988725         13.426653           12.153669      0.60966501     -0.28314359       4.0990709        4.0990709       22.274794              22.274794
              1       15.464228      0.87988725         13.424046           12.150126      0.61493678     -0.28817883       4.0990709        4.0990709       22.730315              22.730315
              3       15.615465      0.87988725          13.43288            12.15091      0.60537498     -0.30331437       4.0990709        4.0990709       23.032788              23.032788
              1       16.177321      0.87039505          13.43288            12.15091      0.60537498     -0.30331437       4.0990709        4.0990709       24.156501              24.156501
              1        16.49855      0.87039505         13.426774           12.143854      0.60285865     -0.30416862       4.0990709        4.0990709       24.798959              24.798959
              1       16.426899      0.87039505         13.425908           12.143938      0.60485563     -0.30455468       4.0990709        4.0990709       24.655656              24.655656
              2       16.839092      0.86536046         13.425908           12.143938      0.60485563     -0.30455468       4.0990709        4.0990709       25.480043              25.480043
              2       16.283084      0.86536046         13.422309           12.150079      0.60061682     -0.31707411       4.0990709        4.0990709       24.368027              24.368027
              1       16.436759      0.86536046         13.418678           12.150716      0.60497927     -0.32354557       4.0990709        4.0990709       24.675375              24.675375
              2       16.257271      0.86536046          13.40882           12.137611      0.60025539     -0.32248791       4.0990709        4.0990709       24.316401              24.316401
              1        15.75472      0.87584548          13.40882           12.137611      0.60025539     -0.32248791       4.0990709        4.0990709       23.311298              23.311298
              1       15.545563      0.88332836          13.40882           12.137611      0.60025539     -0.32248791       4.0990709        4.0990709       22.892983              22.892983
              3       15.341791      0.88332836         13.405148           12.141231      0.61142637     -0.31160997       4.0990709        4.0990709       22.485439              22.485439
              1       15.478603      0.88332836         13.401488           12.139964      0.61292856     -0.31396619       4.0990709        4.0990709       22.759064              22.759064
              1        15.46165      0.88332836         13.403788           12.138805      0.60726681     -0.31481996       4.0990709        4.0990709       22.725158              22.725158
              4        15.82145      0.86785166         13.403788           12.138805      0.60726681     -0.31481996       4.0990709        4.0990709       23.444758              23.444758
              3        15.95178      0.86785166         13.410043           12.138418      0.60350934     -0.31859533       4.0990709        4.0990709       23.705419              23.705419
              1       16.017727      0.86785166         13.416608           12.141274      0.61470006     -0.31914953       4.0990709        4.0990709       23.837312              23.837312
              2       16.229635      0.86785166         13.415971           12.153059      0.61208333     -0.31880862       4.0990709        4.0990709       24.261128              24.261128
              1       16.256369      0.86785166         13.415516           12.154346      0.61585577     -0.32058131       4.0990709        4.0990709       24.314596              24.314596
              2         16.3051      0.86536292         13.415516           12.154346      0.61585577     -0.32058131       4.0990709        4.0990709       24.412058              24.412058
              1       16.676658      0.86536292         13.421399            12.16232      0.61672278     -0.31445211       4.0990709        4.0990709       25.155175              25.155175
              1        18.07965      0.86536292         13.430345           12.174169      0.61348358     -0.30633866       4.0990709        4.0990709       27.961158              27.961158
              1       18.148355      0.87085422         13.430345           12.174169      0.61348358     -0.30633866       4.0990709        4.0990709       28.098568              28.098568
              1       16.787815      0.87085422         13.435032           12.173113      0.61549395     -0.30916251       4.0990709        4.0990709       25.377489              25.377489
              1       15.387009      0.87085422         13.437932           12.165559      0.61612831     -0.30107443       4.0990709        4.0990709       22.575875              22.575875
              1       15.113934      0.87085422         13.434041           12.170323      0.63394698     -0.29662782       4.0990709        4.0990709       22.029727              22.029727
              1       15.443287      0.87085422         13.435723           12.177675      0.63075509     -0.28335202       4.0990709        4.0990709       22.688432              22.688432
              1       15.351621      0.87085422         13.430755            12.17338      0.62953752     -0.28063642       4.0990709        4.0990709       22.505101              22.505101
              1       15.118407      0.87085422         13.430886           12.172689      0.63540676     -0.27885901       4.0990709        4.0990709       22.038671              22.038671
              2       15.164911       0.8636136         13.430886           12.172689      0.63540676     -0.27885901       4.0990709        4.0990709       22.131681              22.131681
              1       15.320523       0.8636136         13.419231           12.161024      0.64212159     -0.27976577       4.0990709        4.0990709       22.442905              22.442905
              3       16.059287      0.89181406         13.419231           12.161024      0.64212159     -0.27976577       4.0990709        4.0990709       23.920432              23.920432
              1       16.086156      0.89181406         13.419402           12.162233      0.64425226     -0.28173291       4.0990709        4.0990709       23.974169              23.974169
              2       16.053924      0.89181406         13.419459           12.157963      0.63906605     -0.28017304       4.0990709        4.0990709       23.909707              23.909707
              1       15.931242      0.89181406         13.416767           12.158206      0.63899555     -0.27964514       4.0990709        4.0990709       23.664342              23.664342
              1        16.17594      0.89181406         13.419056            12.16714       0.6337306     -0.27277854       4.0990709        4.0990709       24.153738              24.153738
              1       15.982002      0.88908335         13.419056            12.16714       0.6337306     -0.27277854       4.0990709        4.0990709       23.765863              23.765863
              1       16.049204      0.89007043         13.419056            12.16714       0.6337306     -0.27277854       4.0990709        4.0990709       23.900266              23.900266
              1       15.659871      0.89007043          13.42463           12.165799      0.63121912     -0.26726989       4.0990709        4.0990709       23.121601              23.121601
              2       15.655456      0.89007043         13.424655           12.165906      0.63108836     -0.26732928       4.0990709        4.0990709       23.112769              23.112769
              1       15.841392      0.89007043          13.42705           12.170498       0.6350912     -0.26680882       4.0990709        4.0990709       23.484643              23.484643
              1       16.957625      0.89007043         13.414193           12.170103      0.63900938     -0.26645117       4.0990709        4.0990709       25.717107              25.717107
              1       17.070049      0.89007043         13.413212           12.169811      0.63518162     -0.26010732       4.0990709        4.0990709       25.941957              25.941957
              2       17.160271      0.89007043         13.411655           12.167578      0.63015655     -0.26348302       4.0990709        4.0990709       26.122401              26.122401
              1       15.876897      0.89007043         13.412722           12.159157      0.63269083      -0.2621768       4.0990709        4.0990709       23.555653              23.555653
              1       15.922771      0.89007043         13.408365           12.157497      0.63164606     -0.26156902       4.0990709        4.0990709         23.6474                23.6474
              5       15.303389      0.87830489         13.408365           12.157497      0.63164606     -0.26156902       4.0990709        4.0990709       22.408636              22.408636
              2       15.403756      0.85207815         13.408365           12.157497      0.63164606     -0.26156902       4.0990709        4.0990709        22.60937               22.60937
              1       15.403182      0.85207815         13.407724           12.157065      0.63137195      -0.2610415       4.0990709        4.0990709       22.608222              22.608222
              1       15.402536      0.85207815         13.407413           12.156694      0.63196818     -0.26141386       4.0990709        4.0990709        22.60693               22.60693
              3       16.017147      0.84013494         13.407413           12.156694      0.63196818     -0.26141386       4.0990709        4.0990709       23.836153              23.836153
              3       16.029442      0.84013494         13.407531           12.156498      0.63345583     -0.26081573       4.0990709        4.0990709       23.860742              23.860742
              1       16.329563      0.83584916         13.407531           12.156498      0.63345583     -0.26081573       4.0990709        4.0990709       24.460984              24.460984
              1       16.251801      0.83584916         13.405425           12.158226      0.63047837       -0.264923       4.0990709        4.0990709       24.305461              24.305461
              3       16.158113      0.83584916         13.405006           12.159668      0.63464584     -0.26712235       4.0990709        4.0990709       24.118084              24.118084
              1       16.569767      0.82943618         13.405006           12.159668      0.63464584     -0.26712235       4.0990709        4.0990709       24.941392              24.941392
              3       16.425907      0.82943618         13.410504           12.169487      0.65293186     -0.28806139       4.0990709        4.0990709       24.653672              24.653672
              2        16.73683      0.82409628         13.410504           12.169487      0.65293186     -0.28806139       4.0990709        4.0990709       25.275518              25.275518
              2       16.817467      0.82409628         13.421362           12.172462      0.64504845     -0.27602944       4.0990709        4.0990709       25.436793              25.436793
              2       16.835684      0.82409628         13.421846           12.173243      0.64465555     -0.27691685       4.0990709        4.0990709       25.473226              25.473226
              1        16.81888      0.82409628         13.420553           12.174495      0.64486758     -0.27576405       4.0990709        4.0990709       25.439618              25.439618
              1       16.749218      0.82409628         13.414998           12.166617      0.66026593     -0.27627438       4.0990709        4.0990709       25.300293              25.300293
              2       16.495737      0.82409628         13.417131           12.170178       0.6627928     -0.27821231       4.0990709        4.0990709       24.793332              24.793332
              3       17.335083      0.81460961         13.417131           12.170178       0.6627928     -0.27821231       4.0990709        4.0990709       26.472023              26.472023
              2       17.803196      0.81460961         13.418654           12.167998      0.65128468     -0.28787486       4.0990709        4.0990709        27.40825               27.40825
              1       17.960984      0.81460961          13.42354           12.170402      0.64933708      -0.2874724       4.0990709        4.0990709       27.723827              27.723827
              1       17.738553      0.81460961         13.425806           12.173353       0.6585995     -0.28779338       4.0990709        4.0990709       27.278965              27.278965
              2       17.584067      0.81460961         13.425496           12.174799       0.6579344     -0.29588306       4.0990709        4.0990709       26.969992              26.969992
              2       17.245862      0.81818314         13.425496           12.174799       0.6579344     -0.29588306       4.0990709        4.0990709       26.293583              26.293583
              1       17.409188      0.81818314         13.424669           12.172983      0.65804444     -0.30664193       4.0990709        4.0990709       26.620233              26.620233
              1       16.235183      0.81818314         13.398428           12.166384      0.68472852     -0.30323883       4.0990709        4.0990709       24.272225              24.272225
              1       16.756602      0.81818314         13.399303           12.174211      0.68769755     -0.30459665       4.0990709        4.0990709       25.315061              25.315061
              1       16.353995      0.83601858         13.399303           12.174211      0.68769755     -0.30459665       4.0990709        4.0990709       24.509848              24.509848
              1        16.48174      0.82686212         13.399303           12.174211      0.68769755     -0.30459665       4.0990709        4.0990709       24.765339              24.765339
              3       15.610308      0.82686212          13.39796           12.170171      0.69378519     -0.29927376       4.0990709        4.0990709       23.022474              23.022474
              1       15.678318      0.82686212         13.400831           12.165516      0.68740213     -0.29478212       4.0990709        4.0990709       23.158495              23.158495
              1       15.588777      0.82686212         13.389169           12.158933      0.68460877      -0.2810838       4.0990709        4.0990709       22.979413              22.979413
              2       15.573317      0.82721091         13.389169           12.158933      0.68460877      -0.2810838       4.0990709        4.0990709       22.948492              22.948492
              1       15.586482      0.82721091         13.390903           12.160008      0.68475113     -0.27906122       4.0990709        4.0990709       22.974823              22.974823
              1       15.514856      0.82721091         13.387105           12.164946      0.69018884      -0.2788131       4.0990709        4.0990709       22.831571              22.831571
              2       15.456272      0.82721091         13.376887            12.15325      0.70832817     -0.29837486       4.0990709        4.0990709       22.714403              22.714403
              5       15.528201      0.82490166         13.376887            12.15325      0.70832817     -0.29837486       4.0990709        4.0990709       22.858261              22.858261
              1       16.849219      0.82490166         13.384259           12.171983       0.7060114     -0.30353068       4.0990709        4.0990709       25.500296              25.500296
              2       18.563906      0.82490166         13.379462           12.175842      0.70885976     -0.29764861       4.0990709        4.0990709        28.92967               28.92967
              1       17.943328      0.82490166         13.380231           12.174658      0.70839021     -0.29715186       4.0990709        4.0990709       27.688515              27.688515
              1       16.558363      0.82490166         13.395534           12.176767      0.70778968     -0.31639528       4.0990709        4.0990709       24.918584              24.918584
              1       15.291894      0.82490166         13.408014           12.180954      0.72799682     -0.30664295       4.0990709        4.0990709       22.385645              22.385645
              1       15.349119      0.83932586         13.408014           12.180954      0.72799682     -0.30664295       4.0990709        4.0990709       22.500097              22.500097
              1       15.664478      0.83932586         13.414151           12.191111      0.71907499      -0.3003708       4.0990709        4.0990709       23.130814              23.130814
              1       15.179864      0.83932586         13.416244           12.183975      0.71232187      -0.3023702       4.0990709        4.0990709       22.161586              22.161586
              1       15.396277      0.83932586         13.412313           12.178555      0.71687511     -0.30252135       4.0990709        4.0990709       22.594411              22.594411
              4       15.493966      0.83932586         13.412713           12.178205      0.71686051     -0.30080625       4.0990709        4.0990709       22.789791              22.789791
              1       15.479188      0.83550606         13.412713           12.178205      0.71686051     -0.30080625       4.0990709        4.0990709       22.760233              22.760233
              1       15.374164      0.83550606         13.411734           12.177962       0.7149869      -0.3008022       4.0990709        4.0990709       22.550186              22.550186
