#        weight    minuslogpost          sigma8 ygk_LOWZ__0_lM1_0 ygk_LOWZ__0_lMmin_0   ygk_mass_bias       ygk_rhogy   minuslogprior minuslogprior__0            chi2 chi2__ygk_like.ygkLike
              1        16.80226      0.88124609         13.441712           12.149365      0.60520469     -0.30920509       4.0990709        4.0990709       25.406377              25.406377
              1       17.014496      0.88124609         13.440438           12.147002      0.60359632     -0.31004693       4.0990709        4.0990709        25.83085               25.83085
              1       16.586472      0.88124609         13.438082           12.147438      0.60523376       -0.310833       4.0990709        4.0990709       24.974801              24.974801
              2       15.794092      0.90451168         13.438082           12.147438      0.60523376       -0.310833       4.0990709        4.0990709       23.390043              23.390043
              2       15.819348      0.90869222         13.438082           12.147438      0.60523376       -0.310833       4.0990709        4.0990709       23.440555              23.440555
              1       15.266386      0.90869222         13.436537           12.155374      0.60635502     -0.30864315       4.0990709        4.0990709        22.33463               22.33463
              1       15.291665      0.90869222         13.441662           12.158687      0.59822679     -0.31287222       4.0990709        4.0990709       22.385188              22.385188
              1       16.187791      0.90869222         13.457031           12.160177      0.60840589     -0.31264545       4.0990709        4.0990709        24.17744               24.17744
              2       15.149816      0.90869222         13.467386            12.17497      0.59647183     -0.30677565       4.0990709        4.0990709        22.10149               22.10149
              1       15.105912      0.90284689         13.467386            12.17497      0.59647183     -0.30677565       4.0990709        4.0990709       22.013682              22.013682
              2       15.132604      0.90284689         13.463044           12.170906      0.59379129     -0.29432493       4.0990709        4.0990709       22.067067              22.067067
              1       15.144502      0.90016383         13.463044           12.170906      0.59379129     -0.29432493       4.0990709        4.0990709       22.090863              22.090863
              1       15.704407      0.90016383         13.470734           12.171432      0.59611327     -0.29570469       4.0990709        4.0990709       23.210672              23.210672
              1       15.792208      0.90016383         13.468775           12.185167      0.59674497     -0.30032356       4.0990709        4.0990709       23.386273              23.386273
              1       18.640156      0.90016383         13.479337           12.189382      0.56284479     -0.29690526       4.0990709        4.0990709        29.08217               29.08217
              1       18.673047      0.90016383         13.478168            12.18549      0.56085203     -0.30825654       4.0990709        4.0990709       29.147952              29.147952
              1        18.68654      0.90016383         13.482924           12.186682      0.55943895     -0.31576599       4.0990709        4.0990709       29.174938              29.174938
              1       18.641219      0.89428148         13.482924           12.186682      0.55943895     -0.31576599       4.0990709        4.0990709       29.084297              29.084297
              2       17.346052      0.89428148         13.483649           12.162307      0.54445388       -0.316358       4.0990709        4.0990709       26.493963              26.493963
              5        17.14964      0.89428148         13.478128            12.15933       0.5492211     -0.32122432       4.0990709        4.0990709       26.101138              26.101138
              1        18.38317      0.89428148         13.495494           12.168056      0.56379643     -0.31113477       4.0990709        4.0990709       28.568198              28.568198
              2       17.504659      0.89428148         13.491512           12.169096      0.56072479     -0.30139577       4.0990709        4.0990709       26.811176              26.811176
              1        17.81444      0.89428148         13.486773           12.162472      0.55302201     -0.30505484       4.0990709        4.0990709       27.430739              27.430739
              1       18.015812      0.89428148         13.487103           12.161862      0.55321889     -0.30479254       4.0990709        4.0990709       27.833482              27.833482
              2       17.605503      0.89836361         13.487103           12.161862      0.55321889     -0.30479254       4.0990709        4.0990709       27.012864              27.012864
              1       17.677911      0.89761737         13.487103           12.161862      0.55321889     -0.30479254       4.0990709        4.0990709       27.157681              27.157681
              1       15.999266      0.89761737         13.472961           12.166092      0.56045852      -0.3070447       4.0990709        4.0990709       23.800391              23.800391
              1       16.135978      0.89761737         13.469392            12.15953      0.55813583      -0.3044275       4.0990709        4.0990709       24.073814              24.073814
              1       16.857901      0.89761737          13.46632           12.157991      0.54762972     -0.32179741       4.0990709        4.0990709       25.517661              25.517661
              5       16.102313      0.89761737         13.446871           12.145906      0.56038808     -0.32352201       4.0990709        4.0990709       24.006484              24.006484
              1       16.095509      0.89761737         13.449301           12.144197      0.56328159     -0.32829725       4.0990709        4.0990709       23.992875              23.992875
              2       15.932918      0.89761737         13.460205           12.159054      0.56872594     -0.32476693       4.0990709        4.0990709       23.667694              23.667694
              2        15.64207      0.90779285         13.460205           12.159054      0.56872594     -0.32476693       4.0990709        4.0990709       23.085998              23.085998
              1       17.838979      0.90779285         13.451337           12.160684      0.56324338     -0.32682863       4.0990709        4.0990709       27.479817              27.479817
              2        15.77962      0.90779285         13.452282           12.145534      0.55663057     -0.32528634       4.0990709        4.0990709       23.361098              23.361098
              1       15.458053      0.90779285         13.442355           12.138968      0.57043841     -0.32449134       4.0990709        4.0990709       22.717964              22.717964
              1        15.13885      0.91957553         13.442355           12.138968      0.57043841     -0.32449134       4.0990709        4.0990709       22.079559              22.079559
              4       15.210492      0.91957553         13.445524           12.139365      0.56295785     -0.32448894       4.0990709        4.0990709       22.222842              22.222842
              2       15.247154      0.91957553         13.447426            12.13936      0.56376181     -0.32909304       4.0990709        4.0990709       22.296166              22.296166
              2       15.269681      0.91957553         13.448111           12.139208      0.56396186     -0.32973255       4.0990709        4.0990709        22.34122               22.34122
              1       15.551045      0.91957553         13.444111           12.140393      0.56032722     -0.33543481       4.0990709        4.0990709       22.903949              22.903949
              1       16.106988      0.91957553         13.428028           12.120337      0.58091786     -0.34144705       4.0990709        4.0990709       24.015835              24.015835
              2         16.0074      0.92306262         13.428028           12.120337      0.58091786     -0.34144705       4.0990709        4.0990709       23.816658              23.816658
              1       15.141521      0.92306262          13.41848           12.127155      0.58493653     -0.33280601       4.0990709        4.0990709       22.084901              22.084901
              1       15.135365      0.92306262         13.416103           12.124647      0.58545925     -0.33369671       4.0990709        4.0990709       22.072589              22.072589
              1       15.838311      0.92306262         13.412352           12.125951      0.57451435     -0.33378017       4.0990709        4.0990709       23.478481              23.478481
              2       15.255093      0.92306262           13.4141           12.119645      0.56879181     -0.33817318       4.0990709        4.0990709       22.312044              22.312044
              2       15.364351      0.92922925           13.4141           12.119645      0.56879181     -0.33817318       4.0990709        4.0990709        22.53056               22.53056
              1       15.635165      0.92922925         13.385446           12.103823      0.58611139     -0.34942938       4.0990709        4.0990709       23.072188              23.072188
              1       15.507241      0.92922925         13.381358           12.098331      0.58123533     -0.34981217       4.0990709        4.0990709       22.816341              22.816341
              1       15.513735      0.92922925         13.387648           12.100869      0.57291194     -0.34738812       4.0990709        4.0990709       22.829329              22.829329
              2       15.150097      0.92922925         13.392652           12.095635      0.57471365     -0.34870788       4.0990709        4.0990709       22.102052              22.102052
              4       15.150249      0.92941186         13.392652           12.095635      0.57471365     -0.34870788       4.0990709        4.0990709       22.102356              22.102356
              1       15.341446      0.91759896         13.392652           12.095635      0.57471365     -0.34870788       4.0990709        4.0990709        22.48475               22.48475
              1        15.46732      0.91759896         13.394444           12.095908      0.57414791     -0.34741885       4.0990709        4.0990709       22.736498              22.736498
              1       15.272119      0.92477708         13.394444           12.095908      0.57414791     -0.34741885       4.0990709        4.0990709       22.346097              22.346097
              1       15.126902      0.92477708         13.389165           12.093572      0.57523494     -0.35045674       4.0990709        4.0990709       22.055662              22.055662
              1       15.615134      0.92477708         13.387654           12.091876      0.58158301     -0.34425483       4.0990709        4.0990709       23.032127              23.032127
              1       15.687318      0.92477708         13.388561           12.092604      0.58343308     -0.34572835       4.0990709        4.0990709       23.176495              23.176495
              3       15.271964      0.92477708         13.383985            12.10119      0.58334825     -0.34440815       4.0990709        4.0990709       22.345786              22.345786
              1       15.541411      0.92477708         13.383601            12.10626      0.59439036     -0.34244208       4.0990709        4.0990709        22.88468               22.88468
              1       15.246652      0.92477708         13.384438           12.098525      0.60317512     -0.37166685       4.0990709        4.0990709       22.295162              22.295162
              2       15.498023      0.90033861         13.384438           12.098525      0.60317512     -0.37166685       4.0990709        4.0990709       22.797904              22.797904
              1       15.565491      0.90033861         13.384849           12.098499      0.60350162     -0.37053799       4.0990709        4.0990709       22.932839              22.932839
              1       15.229001      0.90033861         13.392288           12.108088      0.60443909     -0.37329746       4.0990709        4.0990709        22.25986               22.25986
              2       15.182049       0.9019497         13.392288           12.108088      0.60443909     -0.37329746       4.0990709        4.0990709       22.165957              22.165957
              1       15.169178      0.90243878         13.392288           12.108088      0.60443909     -0.37329746       4.0990709        4.0990709       22.140213              22.140213
              2       15.218192      0.90243878         13.396273           12.109982      0.59968647      -0.3710793       4.0990709        4.0990709       22.238243              22.238243
              2       15.217909      0.90243878          13.38473           12.101957      0.59630103     -0.35074167       4.0990709        4.0990709       22.237675              22.237675
              1       15.326776      0.90243878         13.385764           12.105617      0.58844715     -0.35597939       4.0990709        4.0990709       22.455409              22.455409
              1       15.341597      0.90141854         13.385764           12.105617      0.58844715     -0.35597939       4.0990709        4.0990709       22.485052              22.485052
              1        15.20721      0.90141854         13.392364           12.108082      0.60119544     -0.37206988       4.0990709        4.0990709       22.216278              22.216278
              2       15.664673      0.90141854         13.382815           12.108611      0.60220831     -0.37510387       4.0990709        4.0990709       23.131204              23.131204
              1       16.038583      0.90141854         13.392837           12.114524      0.59501778     -0.37714876       4.0990709        4.0990709       23.879025              23.879025
              1       16.447004      0.88040255         13.392837           12.114524      0.59501778     -0.37714876       4.0990709        4.0990709       24.695866              24.695866
              1       16.758917      0.88040255         13.391058           12.114515      0.59345787     -0.38040869       4.0990709        4.0990709       25.319693              25.319693
              1       17.389722      0.88040255          13.38423           12.106201      0.57329437      -0.3670114       4.0990709        4.0990709       26.581302              26.581302
              1       17.448112      0.88040255          13.38929           12.096914      0.57352038     -0.36985516       4.0990709        4.0990709       26.698082              26.698082
              1       17.197708      0.88040255         13.395545           12.103366      0.58538706      -0.3785447       4.0990709        4.0990709       26.197274              26.197274
              1       16.257667      0.88040255         13.377449           12.097603      0.60292376     -0.37189814       4.0990709        4.0990709       24.317193              24.317193
              2        17.86149      0.86435441         13.377449           12.097603      0.60292376     -0.37189814       4.0990709        4.0990709       27.524838              27.524838
              1       17.709801      0.86435441         13.374818           12.096189      0.60156375     -0.37669887       4.0990709        4.0990709       27.221461              27.221461
              3       17.760698      0.86435441         13.346081            12.07559      0.58171277     -0.37271812       4.0990709        4.0990709       27.323254              27.323254
              1       16.940047      0.87459292         13.346081            12.07559      0.58171277     -0.37271812       4.0990709        4.0990709       25.681952              25.681952
              1       16.882733      0.87459292         13.344981           12.077575       0.5821735     -0.36808689       4.0990709        4.0990709       25.567324              25.567324
              1       17.778347      0.86192582         13.344981           12.077575       0.5821735     -0.36808689       4.0990709        4.0990709       27.358551              27.358551
              1       17.703178      0.86192582         13.308316           12.057966      0.59577003     -0.38905983       4.0990709        4.0990709       27.208213              27.208213
              2        16.98625      0.86192582         13.313643           12.064692      0.61302848      -0.3934723       4.0990709        4.0990709       25.774359              25.774359
              1       16.159304      0.86192582         13.306994           12.060205      0.62243227     -0.37155714       4.0990709        4.0990709       24.120466              24.120466
              1       17.178148      0.86192582         13.310505           12.052622      0.60606489     -0.37502419       4.0990709        4.0990709       26.158153              26.158153
              2       17.042262      0.86192582         13.306328           12.057877      0.60442457     -0.38300731       4.0990709        4.0990709       25.886383              25.886383
              2       17.187374      0.86192582          13.32549           12.071098      0.60261121     -0.38395776       4.0990709        4.0990709       26.176605              26.176605
              3       16.461334      0.86192582         13.335023           12.079472      0.61446321     -0.37104325       4.0990709        4.0990709       24.724527              24.724527
              2       16.469296      0.86192582         13.333729           12.078438      0.61242212     -0.36754468       4.0990709        4.0990709       24.740451              24.740451
              1       16.771539      0.86192582         13.327331           12.073072      0.60846607     -0.37808887       4.0990709        4.0990709       25.344936              25.344936
              1       16.221522       0.8739622         13.327331           12.073072      0.60846607     -0.37808887       4.0990709        4.0990709       24.244902              24.244902
              3       15.854889       0.8739622         13.328049           12.071697      0.61576638       -0.380564       4.0990709        4.0990709       23.511637              23.511637
              4        15.86197       0.8739622         13.329233           12.071764      0.61595233     -0.38153602       4.0990709        4.0990709       23.525798              23.525798
              1        16.21645      0.86792597         13.329233           12.071764      0.61595233     -0.38153602       4.0990709        4.0990709       24.234759              24.234759
              1       17.130378      0.86792597         13.336863           12.074659      0.60387356     -0.40317397       4.0990709        4.0990709       26.062615              26.062615
              1       16.296773      0.86792597         13.347301           12.085548      0.63164601     -0.41353959       4.0990709        4.0990709       24.395405              24.395405
              2       16.385533      0.86792597         13.356867           12.090685      0.62825817     -0.40758804       4.0990709        4.0990709       24.572924              24.572924
              2       16.615073       0.8649099         13.356867           12.090685      0.62825817     -0.40758804       4.0990709        4.0990709       25.032003              25.032003
              1       17.120501       0.8649099         13.342968           12.085607      0.62365834     -0.41871408       4.0990709        4.0990709       26.042861              26.042861
              1       16.774456       0.8649099         13.339184           12.084675      0.63039069     -0.41634554       4.0990709        4.0990709        25.35077               25.35077
              1       16.651632      0.86897134         13.339184           12.084675      0.63039069     -0.41634554       4.0990709        4.0990709       25.105123              25.105123
              3       16.376384      0.86897134         13.344573           12.085881      0.63712838     -0.42641412       4.0990709        4.0990709       24.554627              24.554627
              1       16.503659      0.86897134         13.348006            12.08786      0.63318638     -0.42488914       4.0990709        4.0990709       24.809176              24.809176
              1       17.161562      0.86897134         13.345475           12.095583      0.63791816     -0.41698404       4.0990709        4.0990709       26.124982              26.124982
              2       15.920546      0.86897134         13.362748             12.1018      0.65249426      -0.4262529       4.0990709        4.0990709       23.642949              23.642949
              1       16.477324      0.86897134         13.368827           12.097563      0.64647977     -0.41980085       4.0990709        4.0990709       24.756507              24.756507
              1        15.38178      0.88694142         13.368827           12.097563      0.64647977     -0.41980085       4.0990709        4.0990709       22.565418              22.565418
              2       15.637652      0.88694142         13.373236           12.108579      0.64386271     -0.41916004       4.0990709        4.0990709       23.077162              23.077162
              1       15.258761      0.88694142         13.371824           12.104432      0.64524467     -0.41316618       4.0990709        4.0990709       22.319381              22.319381
              1       15.518514      0.87834699         13.371824           12.104432      0.64524467     -0.41316618       4.0990709        4.0990709       22.838886              22.838886
              1       15.958338      0.87834699          13.37406           12.111932      0.63659877     -0.40545611       4.0990709        4.0990709       23.718535              23.718535
              3         15.3352      0.87834699         13.386144           12.118791      0.64974344     -0.40089336       4.0990709        4.0990709       22.472257              22.472257
              1       15.760612      0.86886645         13.386144           12.118791      0.64974344     -0.40089336       4.0990709        4.0990709       23.323083              23.323083
              1       15.693845      0.86886645          13.38556           12.119789      0.65017306     -0.40151752       4.0990709        4.0990709       23.189548              23.189548
              1       15.675988      0.86886645         13.388323           12.121704      0.65210416     -0.39971261       4.0990709        4.0990709       23.153835              23.153835
              2       15.535777      0.86886645         13.383735           12.122846      0.65192797     -0.39371432       4.0990709        4.0990709       22.873412              22.873412
              1       15.302647      0.88696848         13.383735           12.122846      0.65192797     -0.39371432       4.0990709        4.0990709       22.407152              22.407152
              2       15.281815      0.88696848         13.385123           12.122568      0.65510527     -0.40268549       4.0990709        4.0990709       22.365489              22.365489
              1       15.215383      0.88696848         13.399511            12.12636      0.64564487     -0.40392772       4.0990709        4.0990709       22.232625              22.232625
              1       15.386058      0.88696848         13.399697           12.123835      0.65221321     -0.40240214       4.0990709        4.0990709       22.573973              22.573973
              1       15.271055      0.88696848         13.402697           12.134502      0.65784478     -0.40935807       4.0990709        4.0990709       22.343968              22.343968
              2       15.912647      0.88696848         13.399771           12.139005      0.65826847     -0.40337193       4.0990709        4.0990709       23.627152              23.627152
              1       15.672994      0.88696848         13.401714           12.139134      0.65806137     -0.40250436       4.0990709        4.0990709       23.147846              23.147846
              1       15.973571      0.89628445         13.401714           12.139134      0.65806137     -0.40250436       4.0990709        4.0990709          23.749                 23.749
              4       15.696505      0.89628445         13.402429           12.139016      0.66007309     -0.40004342       4.0990709        4.0990709       23.194869              23.194869
              3       15.298839      0.89628445          13.40833           12.139796      0.66209249     -0.40028944       4.0990709        4.0990709       22.399536              22.399536
              1       15.316804      0.89628445         13.410166           12.139939      0.65634719     -0.40296275       4.0990709        4.0990709       22.435466              22.435466
              1       15.334866      0.89628445         13.409568           12.139371      0.65786229     -0.40665952       4.0990709        4.0990709       22.471589              22.471589
              4       15.769399      0.86625716         13.409568           12.139371      0.65786229     -0.40665952       4.0990709        4.0990709       23.340656              23.340656
              1       15.708588      0.86625716         13.418237           12.147162       0.6581907     -0.40162258       4.0990709        4.0990709       23.219035              23.219035
              1        17.97209      0.86625716         13.424854           12.140108      0.67252087     -0.40558504       4.0990709        4.0990709       27.746039              27.746039
              1       15.975612      0.86625716         13.420228           12.148794      0.68147417       -0.396395       4.0990709        4.0990709       23.753082              23.753082
              1        16.09958      0.86625716         13.412053           12.157793      0.68518832     -0.41263449       4.0990709        4.0990709       24.001019              24.001019
              1       16.096538      0.86538555         13.412053           12.157793      0.68518832     -0.41263449       4.0990709        4.0990709       23.994934              23.994934
              1        15.92022      0.86538555         13.403445           12.151218      0.68617956     -0.41171837       4.0990709        4.0990709       23.642298              23.642298
              1       15.419875      0.86538555         13.412803           12.148326      0.69266578     -0.41474793       4.0990709        4.0990709       22.641609              22.641609
              3       19.130418      0.86538555         13.421791           12.138144      0.68208315     -0.39992136       4.0990709        4.0990709       30.062694              30.062694
              1       19.632803      0.86538555         13.422408            12.13452      0.67631596     -0.40690115       4.0990709        4.0990709       31.067464              31.067464
              2       20.193458      0.86538555         13.419571           12.129858      0.67045798     -0.40493098       4.0990709        4.0990709       32.188773              32.188773
              1        19.39421      0.86538555         13.418969            12.13099      0.66939423     -0.40628284       4.0990709        4.0990709       30.590279              30.590279
              1       22.538865      0.86538555         13.419269           12.123175      0.67242092     -0.41534305       4.0990709        4.0990709       36.879589              36.879589
              2       20.623484      0.88602788         13.419269           12.123175      0.67242092     -0.41534305       4.0990709        4.0990709       33.048826              33.048826
              5       21.063266      0.88602788         13.423134           12.124187      0.66879958     -0.41343243       4.0990709        4.0990709       33.928391              33.928391
              1       15.471459      0.88602788         13.412335           12.135355      0.66748775     -0.41269365       4.0990709        4.0990709       22.744777              22.744777
              4       15.987207      0.88602788         13.407176           12.130108      0.66933149     -0.40550823       4.0990709        4.0990709       23.776273              23.776273
              2       17.194408      0.88602788         13.409151            12.12752      0.67515917     -0.40945156       4.0990709        4.0990709       26.190675              26.190675
              2       15.337726      0.88602788         13.401327           12.125578      0.66415749     -0.42835463       4.0990709        4.0990709       22.477309              22.477309
              5        15.41131      0.88602788          13.39893           12.122948      0.66528438      -0.4288075       4.0990709        4.0990709       22.624477              22.624477
              1       15.901046      0.88602788          13.40286           12.122196      0.66710814      -0.4296873       4.0990709        4.0990709        23.60395               23.60395
              1       15.397843      0.88602788         13.394809           12.135595      0.69095886     -0.42765489       4.0990709        4.0990709       22.597543              22.597543
              2         15.4163      0.88602788         13.394325           12.131158      0.69282079      -0.4221665       4.0990709        4.0990709       22.634458              22.634458
              1       15.326174      0.88602788         13.397492           12.136256      0.69058606     -0.41700669       4.0990709        4.0990709       22.454206              22.454206
              3       15.332666      0.88602788         13.392696            12.12912      0.68495569     -0.41519101       4.0990709        4.0990709       22.467191              22.467191
              1       15.369518       0.8882992         13.392696            12.12912      0.68495569     -0.41519101       4.0990709        4.0990709       22.540895              22.540895
              4        15.56952       0.8882992         13.384208           12.128829      0.68930778     -0.42526077       4.0990709        4.0990709       22.940899              22.940899
              1       16.071577       0.8882992         13.387173            12.12936      0.68210419     -0.44139225       4.0990709        4.0990709       23.945013              23.945013
              2       15.629259       0.8882992         13.379295           12.121414      0.68849788     -0.44595735       4.0990709        4.0990709       23.060375              23.060375
              1       15.525649       0.8882992         13.370756           12.116325      0.69962604     -0.44327568       4.0990709        4.0990709       22.853156              22.853156
              2       15.494036       0.8882992         13.368159           12.101512      0.69830055      -0.4741578       4.0990709        4.0990709        22.78993               22.78993
              2       15.486688      0.89141232         13.368159           12.101512      0.69830055      -0.4741578       4.0990709        4.0990709       22.775235              22.775235
              2       15.947186      0.89141232         13.368185           12.097943      0.70162908     -0.47407476       4.0990709        4.0990709        23.69623               23.69623
              1       15.520201      0.89141232         13.366601           12.101339      0.70566417     -0.48938086       4.0990709        4.0990709       22.842261              22.842261
              1       15.520185      0.89141232         13.365297           12.097515      0.70161864     -0.49116095       4.0990709        4.0990709       22.842228              22.842228
              1       15.595307      0.89141232         13.363658           12.094638       0.7043799     -0.49764216       4.0990709        4.0990709       22.992472              22.992472
              1       15.615658       0.8892943         13.363658           12.094638       0.7043799     -0.49764216       4.0990709        4.0990709       23.033175              23.033175
              1       15.822495       0.8892943           13.3671           12.095105      0.70623675     -0.49792873       4.0990709        4.0990709       23.446849              23.446849
              2       15.907202       0.8892943         13.376509           12.095788      0.68694046     -0.50883233       4.0990709        4.0990709       23.616263              23.616263
              1       16.141392       0.8892943         13.375201           12.092646      0.68984264     -0.51014475       4.0990709        4.0990709       24.084642              24.084642
              2       15.975332       0.8892943         13.379546           12.100005      0.70084221     -0.50776612       4.0990709        4.0990709       23.752522              23.752522
              1       15.858378      0.89289093         13.379546           12.100005      0.70084221     -0.50776612       4.0990709        4.0990709       23.518614              23.518614
              2        16.49105      0.89289093         13.383115           12.098159      0.70059776     -0.50744076       4.0990709        4.0990709       24.783957              24.783957
              1       16.652366      0.89289093         13.386004           12.099123      0.69889765     -0.50669045       4.0990709        4.0990709       25.106591              25.106591
              2       16.387049      0.89289093         13.383986           12.100644      0.69961332     -0.49925199       4.0990709        4.0990709       24.575957              24.575957
              1       16.337463      0.89422362         13.383986           12.100644      0.69961332     -0.49925199       4.0990709        4.0990709       24.476784              24.476784
              1       16.515753      0.89422362         13.384867           12.100231      0.69946249     -0.49949967       4.0990709        4.0990709       24.833364              24.833364
              1       17.513049      0.89422362         13.388898           12.102569      0.70650054     -0.49335253       4.0990709        4.0990709       26.827956              26.827956
              2       15.570957      0.89422362          13.39415           12.115332      0.69583995     -0.48944444       4.0990709        4.0990709       22.943772              22.943772
              1       16.191282      0.91771327          13.39415           12.115332      0.69583995     -0.48944444       4.0990709        4.0990709       24.184422              24.184422
              3       16.184713      0.91771327         13.393856           12.115167      0.69576743     -0.49118027       4.0990709        4.0990709       24.171285              24.171285
              1       15.801747      0.91771327         13.383303           12.102799      0.68046032       -0.487576       4.0990709        4.0990709       23.405352              23.405352
              2        15.85102       0.9187498         13.383303           12.102799      0.68046032       -0.487576       4.0990709        4.0990709       23.503899              23.503899
              1        16.48563       0.9187498         13.381673           12.108824      0.68232615     -0.48322697       4.0990709        4.0990709       24.773119              24.773119
              1       16.171851       0.9187498         13.380214           12.105807      0.68341821     -0.48006229       4.0990709        4.0990709       24.145561              24.145561
              1       16.160028       0.9187498         13.380355           12.105865      0.68166073     -0.47933535       4.0990709        4.0990709       24.121915              24.121915
              2       16.443692      0.92249316         13.380355           12.105865      0.68166073     -0.47933535       4.0990709        4.0990709       24.689242              24.689242
              2       16.106904      0.92249316         13.387014            12.10676      0.67213805     -0.48345595       4.0990709        4.0990709       24.015666              24.015666
              1       15.911629      0.91915573         13.387014            12.10676      0.67213805     -0.48345595       4.0990709        4.0990709       23.625117              23.625117
              4       15.841214      0.91915573         13.389463           12.108651      0.67226373     -0.47937801       4.0990709        4.0990709       23.484286              23.484286
              1       15.981623      0.91915573         13.384064           12.104416       0.6723129     -0.48708588       4.0990709        4.0990709       23.765105              23.765105
              1       16.126951      0.91915573         13.382494           12.104473        0.671856      -0.4860209       4.0990709        4.0990709        24.05576               24.05576
              1       16.232402      0.91915573         13.381298           12.104365      0.67115326     -0.48484881       4.0990709        4.0990709       24.266662              24.266662
              1        15.99947      0.91915573         13.380279           12.103407      0.68044766       -0.480404       4.0990709        4.0990709       23.800798              23.800798
              3       15.559732      0.90946004         13.380279           12.103407      0.68044766       -0.480404       4.0990709        4.0990709       22.921323              22.921323
              1       15.925917      0.90946004         13.385537           12.104284      0.68682643     -0.47620684       4.0990709        4.0990709       23.653692              23.653692
              1       16.691685      0.90946004         13.388695           12.100666      0.68626918     -0.47855928       4.0990709        4.0990709       25.185228              25.185228
              1       16.785562      0.90946004         13.388991           12.100335      0.68532582     -0.47742838       4.0990709        4.0990709       25.372983              25.372983
              2       17.388656       0.9284973         13.388991           12.100335      0.68532582     -0.47742838       4.0990709        4.0990709       26.579169              26.579169
              1       17.424872       0.9284973         13.388665           12.100436      0.68599762     -0.47719283       4.0990709        4.0990709       26.651603              26.651603
              2       17.245629       0.9284973         13.389286           12.102258      0.68580571     -0.47656536       4.0990709        4.0990709       26.293116              26.293116
              1       17.680033       0.9336557         13.389286           12.102258      0.68580571     -0.47656536       4.0990709        4.0990709       27.161923              27.161923
              2       17.439207       0.9336557         13.375952           12.102454      0.67591874     -0.46694553       4.0990709        4.0990709       26.680272              26.680272
              3       17.702095      0.93574709         13.375952           12.102454      0.67591874     -0.46694553       4.0990709        4.0990709       27.206048              27.206048
              1       17.464802      0.93574709         13.371168           12.096459      0.67536909      -0.4667906       4.0990709        4.0990709       26.731463              26.731463
              1       17.649909      0.93574709         13.371109           12.095558      0.67973314     -0.46594595       4.0990709        4.0990709       27.101675              27.101675
              1       17.766088      0.93574709         13.379967           12.097746       0.6803007     -0.46592075       4.0990709        4.0990709       27.334035              27.334035
              1       17.187717      0.93574709         13.379541           12.098115      0.68705649     -0.50046188       4.0990709        4.0990709       26.177292              26.177292
              2       17.052182      0.93444174         13.379541           12.098115      0.68705649     -0.50046188       4.0990709        4.0990709       25.906222              25.906222
              2        17.04715      0.93444174         13.376246           12.096295      0.68352215     -0.49320199       4.0990709        4.0990709       25.896158              25.896158
              1       17.008227      0.93444174         13.371495           12.091045      0.68544197     -0.49573969       4.0990709        4.0990709       25.818311              25.818311
