#        weight    minuslogpost          sigma8        ygk_Ahmc ygk_LOWZ__2_lM1_0 ygk_LOWZ__2_lMmin_0   ygk_mass_bias       ygk_rhogy   minuslogprior minuslogprior__0            chi2 chi2__ygk_like.ygkLike
              2       43.875564        0.799938       1.0430747         13.252565           11.841196      0.76415355     -0.52136943       5.6245903        5.6245903       76.501948              76.501948
              1       43.707269        0.799938       1.0432163         13.251149           11.839425      0.76434731     -0.52125594       5.6245903        5.6245903       76.165357              76.165357
              1         46.0424        0.799938        1.041517         13.248221           11.841338      0.75895666     -0.52319719       5.6245903        5.6245903       80.835619              80.835619
              2       45.164356        0.799938       1.0454951          13.25701           11.845755      0.75485639     -0.51673031       5.6245903        5.6245903       79.079532              79.079532
              1       44.174775        0.799938       1.0460776         13.256595           11.843169      0.75359817     -0.51095635       5.6245903        5.6245903        77.10037               77.10037
              2       43.703582        0.799938       1.0010612         13.258609           11.846649      0.75607089     -0.49744726       5.6245903        5.6245903       76.157983              76.157983
              3       43.662409        0.799938       1.0000511         13.259759           11.845699      0.75640756      -0.4956476       5.6245903        5.6245903       76.075637              76.075637
              1       43.585249        0.799938        1.015291         13.258049           11.841546      0.75707901     -0.49199242       5.6245903        5.6245903       75.921318              75.921318
              1       45.596094        0.799938        1.030556         13.264739           11.859039      0.75863398     -0.46476019       5.6245903        5.6245903       79.943008              79.943008
              1       45.398521        0.799938       1.0308025         13.265072           11.858921      0.75709591     -0.46457091       5.6245903        5.6245903       79.547862              79.547862
              5       43.892481        0.799938       1.0447686         13.266718           11.856468      0.76326295     -0.48377833       5.6245903        5.6245903       76.535781              76.535781
              2       43.058859        0.799938       1.0485133         13.261993           11.847872       0.7570152     -0.48630716       5.6245903        5.6245903       74.868537              74.868537
              5       42.961798        0.799938       1.0454016         13.262062           11.845339      0.75426608     -0.49018108       5.6245903        5.6245903       74.674416              74.674416
              2       43.604234        0.799938       1.0217495          13.26588           11.850911      0.74803914     -0.47268302       5.6245903        5.6245903       75.959287              75.959287
              3       43.531298        0.799938       1.0215251         13.267709           11.851822      0.74647098     -0.47797542       5.6245903        5.6245903       75.813415              75.813415
              1       43.636495        0.799938       1.0164419         13.271402           11.859131      0.75787863     -0.48114112       5.6245903        5.6245903       76.023809              76.023809
              1       44.005968        0.799938       1.0267715         13.270489           11.860343      0.75933222     -0.47992846       5.6245903        5.6245903       76.762755              76.762755
              3       43.511874        0.799938       1.0349434         13.275169           11.856247      0.74855192     -0.46737182       5.6245903        5.6245903       75.774567              75.774567
              2        43.55918        0.799938       1.0412604          13.25803           11.840235      0.74345785     -0.48432256       5.6245903        5.6245903        75.86918               75.86918
              1       44.823723        0.799938       1.0103831         13.259971           11.846327      0.74594962     -0.45558602       5.6245903        5.6245903       78.398265              78.398265
              2       44.188671        0.799938        1.003585         13.267746           11.851125      0.74067454     -0.46723046       5.6245903        5.6245903       77.128161              77.128161
              1         44.1192        0.799938       1.0022058         13.267468           11.851406      0.74215431     -0.46938829       5.6245903        5.6245903       76.989219              76.989219
              3       44.251974        0.799938       1.0019361         13.268185            11.85055      0.74244074     -0.46924546       5.6245903        5.6245903       77.254768              77.254768
              1       43.950387        0.799938       1.0096949         13.269737           11.854494      0.74190211      -0.4665019       5.6245903        5.6245903       76.651593              76.651593
              3       45.087286        0.799938       1.0121455         13.275862           11.851136      0.74351812     -0.46671103       5.6245903        5.6245903       78.925392              78.925392
              2       45.373785        0.799938       1.0076513         13.278186           11.851971      0.73809705     -0.46831782       5.6245903        5.6245903       79.498389              79.498389
              1       45.617282        0.799938       1.0097804         13.271981             11.8544      0.75061683     -0.45204007       5.6245903        5.6245903       79.985383              79.985383
              1       45.131267        0.799938       1.0100506         13.269819           11.856473       0.7485629     -0.45029086       5.6245903        5.6245903       79.013353              79.013353
              1       44.670971        0.799938       1.0131676         13.267821           11.856406      0.74941568     -0.45632839       5.6245903        5.6245903       78.092761              78.092761
              2        45.15599        0.799938       0.9961005         13.268752           11.862574      0.75224139      -0.4650509       5.6245903        5.6245903       79.062799              79.062799
              3       44.440605        0.799938       1.0110964         13.268944           11.856495      0.74046736     -0.47861102       5.6245903        5.6245903       77.632029              77.632029
              3        45.67438        0.799938       1.0108466         13.267758           11.858217      0.74362637     -0.49301364       5.6245903        5.6245903       80.099579              80.099579
              2       46.275016        0.799938       1.0116626           13.2609           11.856076      0.74247732     -0.48279515       5.6245903        5.6245903       81.300852              81.300852
              3       44.863537        0.799938       1.0100242         13.263153           11.854257      0.74146477     -0.47859432       5.6245903        5.6245903       78.477893              78.477893
              1       46.223805      0.79339807       1.0100242         13.263153           11.854257      0.74146477     -0.47859432       5.6245903        5.6245903       81.198429              81.198429
              2       46.484769      0.79339807       1.0069931         13.263966           11.852277      0.74201015     -0.48357031       5.6245903        5.6245903       81.720358              81.720358
              1        46.84248      0.79339807       1.0107943         13.267593           11.851019      0.74050782      -0.4821735       5.6245903        5.6245903       82.435779              82.435779
              4       47.331455      0.79339807       1.0043002         13.275844           11.863832      0.74331404     -0.49200142       5.6245903        5.6245903       83.413729              83.413729
              1       45.430267      0.80440415       1.0043002         13.275844           11.863832      0.74331404     -0.49200142       5.6245903        5.6245903       79.611353              79.611353
              3       43.451635      0.80440415       1.0072383         13.278961           11.856131      0.75143631      -0.4869598       5.6245903        5.6245903        75.65409               75.65409
              1       43.587867      0.80440415       1.0151652         13.279634            11.85506      0.74856014     -0.48125436       5.6245903        5.6245903       75.926553              75.926553
              2       43.649715      0.80440415       1.0105872          13.26987           11.850902      0.74260953     -0.47605667       5.6245903        5.6245903       76.050249              76.050249
              4        43.69705      0.80440415       1.0264774         13.265725           11.850394      0.74514321      -0.4832281       5.6245903        5.6245903       76.144919              76.144919
              7       43.552424      0.80440415       1.0235057         13.265312           11.849208      0.74447846     -0.48563921       5.6245903        5.6245903       75.855667              75.855667
              1       43.549524      0.80440415      0.99359375         13.266625           11.846861      0.75268752     -0.49750207       5.6245903        5.6245903       75.849867              75.849867
              1       44.637563      0.80440415      0.99664679         13.254595           11.844238      0.75944559      -0.4897467       5.6245903        5.6245903       78.025945              78.025945
              1       44.819018      0.80440415      0.99446552         13.255249           11.840584      0.75805302     -0.48491961       5.6245903        5.6245903       78.388856              78.388856
              2       43.825197      0.80440415      0.99429303         13.251502           11.837876      0.75361331     -0.49629052       5.6245903        5.6245903       76.401213              76.401213
              4       44.008869      0.80440415      0.99252223         13.248721           11.832957      0.74646742     -0.49099996       5.6245903        5.6245903       76.768557              76.768557
              1       44.482987      0.80124947      0.99252223         13.248721           11.832957      0.74646742     -0.49099996       5.6245903        5.6245903       77.716793              77.716793
              2       44.801533      0.80124947      0.98985977         13.250079           11.832596      0.74597343     -0.49304579       5.6245903        5.6245903       78.353886              78.353886
              1       44.642188      0.80124947      0.98501427         13.247838           11.832177      0.75003934     -0.50137964       5.6245903        5.6245903       78.035195              78.035195
              7       44.581115      0.80124947      0.99081166         13.242946           11.828549      0.75294272     -0.49309227       5.6245903        5.6245903       77.913049              77.913049
              2       44.831478      0.80124947      0.99330738         13.250954           11.834101      0.76742566      -0.5009386       5.6245903        5.6245903       78.413776              78.413776
              8       45.911626      0.80124947       1.0008668         13.261564           11.835373      0.76037867       -0.503647       5.6245903        5.6245903       80.574071              80.574071
              1       43.189265      0.80124947       1.0206425         13.255505           11.842878      0.76485965     -0.50869082       5.6245903        5.6245903       75.129349              75.129349
              7       43.356846      0.80124947       1.0208352         13.255252           11.843982      0.76349024     -0.50501887       5.6245903        5.6245903       75.464511              75.464511
              3       44.466425      0.80124947       1.0237725          13.25516           11.848154      0.76185799     -0.50531676       5.6245903        5.6245903       77.683669              77.683669
              1       45.342756      0.80124947        1.047552         13.251596           11.847277      0.76334605     -0.49332814       5.6245903        5.6245903       79.436331              79.436331
              5       45.446248      0.80124947       1.0480285         13.252497           11.848268      0.76457959     -0.49352443       5.6245903        5.6245903       79.643316              79.643316
              2       45.205362      0.80124947       1.0481065         13.252721           11.847903      0.76505262     -0.49496936       5.6245903        5.6245903       79.161544              79.161544
              1        45.06812      0.80124947       1.0343633         13.256515           11.850355      0.76996027     -0.48940637       5.6245903        5.6245903       78.887059              78.887059
              1       43.451594      0.80124947        1.030933         13.262244           11.847834      0.76467182     -0.49040357       5.6245903        5.6245903       75.654008              75.654008
              4       43.425466      0.80124947       1.0266491         13.260473           11.847106       0.7638718     -0.49204696       5.6245903        5.6245903        75.60175               75.60175
              3       43.001637      0.80124947       1.0305681         13.259422           11.839478      0.76804846     -0.51472888       5.6245903        5.6245903       74.754094              74.754094
              2       42.922104      0.80124947       1.0537435          13.25443            11.84127      0.76877016     -0.51167769       5.6245903        5.6245903       74.595027              74.595027
              6       43.121148      0.80124947       1.0508452         13.254538           11.841808      0.76811501     -0.51715447       5.6245903        5.6245903       74.993115              74.993115
              1       43.276677      0.80124947       1.0478035         13.253905           11.842121      0.76807532     -0.51673873       5.6245903        5.6245903       75.304172              75.304172
              6       43.708924      0.80370743       1.0478035         13.253905           11.842121      0.76807532     -0.51673873       5.6245903        5.6245903       76.168667              76.168667
              1       45.817432      0.80370743       1.0341543         13.250348           11.845395      0.76110582     -0.50225159       5.6245903        5.6245903       80.385683              80.385683
              1       45.543909      0.80370743       1.0359982         13.250361           11.844805       0.7613574     -0.49948374       5.6245903        5.6245903       79.838638              79.838638
              1       44.633259      0.80370743       1.0190442         13.262615           11.843447      0.76687537     -0.49157636       5.6245903        5.6245903       78.017338              78.017338
              2       43.184874      0.80370743       1.0420512         13.276999           11.858349      0.75586253     -0.49043811       5.6245903        5.6245903       75.120567              75.120567
              1       43.652847      0.80549455       1.0420512         13.276999           11.858349      0.75586253     -0.49043811       5.6245903        5.6245903       76.056513              76.056513
              2       42.915034      0.80549455       1.0408429         13.280157           11.854269      0.75039723     -0.48863842       5.6245903        5.6245903       74.580887              74.580887
              1       43.224527      0.80549455       1.0517232          13.28999           11.865445      0.74790534     -0.47925484       5.6245903        5.6245903       75.199874              75.199874
              7       43.228277      0.80549455       1.0518482         13.289854           11.865581      0.74767935     -0.47972347       5.6245903        5.6245903       75.207373              75.207373
              1       43.222808      0.80549455       1.0518733         13.289898           11.865597       0.7476566     -0.47977348       5.6245903        5.6245903       75.196436              75.196436
              1       43.206991      0.80549455       1.0795712         13.287243           11.862975      0.75227998      -0.4868037       5.6245903        5.6245903       75.164802              75.164802
              4       43.257867      0.80549455        1.087768         13.287319           11.860469       0.7445014     -0.47134781       5.6245903        5.6245903       75.266554              75.266554
              2       43.092347      0.80549455       1.0875094         13.288797           11.860688      0.74443614     -0.47260058       5.6245903        5.6245903       74.935514              74.935514
              7       43.130064      0.80549455       1.0922191         13.288555            11.86147      0.74413292     -0.47410646       5.6245903        5.6245903       75.010948              75.010948
              5       42.544969      0.80549455       1.0903404         13.287533            11.85675      0.74394035     -0.48184501       5.6245903        5.6245903       73.840757              73.840757
              2       44.685773      0.80549455       1.0705551         13.283912           11.864616      0.74095426     -0.46483018       5.6245903        5.6245903       78.122366              78.122366
              1       44.185935      0.80549455       1.0701263         13.283767           11.862336      0.73984944     -0.46201216       5.6245903        5.6245903        77.12269               77.12269
              1       43.980181      0.80549455        1.068748         13.284329           11.862184      0.73955713     -0.46305916       5.6245903        5.6245903       76.711181              76.711181
              7       44.012935      0.80549455       1.0696127         13.283876            11.86205       0.7396852     -0.46365883       5.6245903        5.6245903        76.77669               76.77669
              1       44.004778      0.80549455       1.0714602          13.28393           11.861466      0.74011638     -0.46209369       5.6245903        5.6245903       76.760376              76.760376
              5       43.311611      0.80549455       1.0715678         13.284281           11.857755      0.73545906      -0.4626791       5.6245903        5.6245903       75.374042              75.374042
              2       44.191829      0.80549455       1.0658006         13.279058           11.859742      0.73800685      -0.4686296       5.6245903        5.6245903       77.134478              77.134478
              1       44.560111      0.80549455        1.041638         13.294139           11.874414      0.74275569     -0.47043786       5.6245903        5.6245903       77.871042              77.871042
              2       43.900881      0.80549455       1.0482942          13.29603           11.873908      0.74599766     -0.47865414       5.6245903        5.6245903       76.552582              76.552582
              1       44.095706      0.80549455       1.0427245         13.295704           11.872616      0.75022628     -0.47176677       5.6245903        5.6245903       76.942231              76.942231
              2       45.098069      0.80549455       1.0402986         13.294406           11.876201      0.75184165      -0.4752523       5.6245903        5.6245903       78.946958              78.946958
              2       44.622551      0.80549455      0.97836699         13.302961           11.868544      0.73952771     -0.49921662       5.6245903        5.6245903       77.995922              77.995922
              1       44.629822      0.80549455      0.97795528         13.305878           11.870854      0.73871757      -0.4952743       5.6245903        5.6245903       78.010464              78.010464
              1       43.956534      0.80549455      0.96652093          13.30502             11.8751      0.74288442     -0.49380733       5.6245903        5.6245903       76.663888              76.663888
              1       44.381802      0.80549455      0.98386295         13.300621           11.874768      0.75278563     -0.47757013       5.6245903        5.6245903       77.514424              77.514424
              1       44.200813      0.80549455      0.97821802         13.292564           11.866899      0.75633084     -0.48956443       5.6245903        5.6245903       77.152446              77.152446
              5       44.280262      0.80549455      0.97537178         13.287557           11.867489      0.75202815     -0.48140829       5.6245903        5.6245903       77.311344              77.311344
              3       44.363553      0.80549455      0.97543976         13.286988           11.867302      0.75238832     -0.48084276       5.6245903        5.6245903       77.477926              77.477926
              1       44.762197      0.80549455      0.97146363         13.285945           11.870751      0.75348552     -0.48279599       5.6245903        5.6245903       78.275213              78.275213
              2       44.566852      0.80549455      0.96968898         13.291061           11.869392      0.75633868     -0.48388652       5.6245903        5.6245903       77.884524              77.884524
              1       44.577658      0.80549455      0.96957559         13.290966           11.869242      0.75641352     -0.48396836       5.6245903        5.6245903       77.906135              77.906135
              4       44.179872      0.80549455      0.98712007         13.289824           11.869707      0.76080844     -0.49027399       5.6245903        5.6245903       77.110564              77.110564
              2       43.211709      0.80549455       0.9991289         13.292937           11.870616      0.76341444     -0.50602001       5.6245903        5.6245903       75.174238              75.174238
              1       43.993475      0.80549455      0.99938053         13.295512           11.876268       0.7656101     -0.50103321       5.6245903        5.6245903       76.737769              76.737769
              5       43.756661      0.80549455      0.98624645         13.302374           11.879904      0.75477999      -0.5119546       5.6245903        5.6245903       76.264141              76.264141
              1       43.155758      0.80549455       1.0057698         13.302333             11.8776      0.75401057     -0.50485027       5.6245903        5.6245903       75.062336              75.062336
              1       44.239431      0.80549455      0.98998587         13.311403            11.87884      0.73723864     -0.46692549       5.6245903        5.6245903       77.229681              77.229681
              1       44.226713      0.80549455      0.99011375         13.306627           11.882915      0.73778985     -0.46186116       5.6245903        5.6245903       77.204245              77.204245
              2       44.237675      0.80549455      0.99873995          13.31108            11.88266       0.7367524     -0.45672349       5.6245903        5.6245903       77.226169              77.226169
              1       44.147982      0.80255863      0.99873995          13.31108            11.88266       0.7367524     -0.45672349       5.6245903        5.6245903       77.046784              77.046784
              5       44.285383      0.80255863      0.99493208          13.31189           11.882641      0.73238719      -0.4566694       5.6245903        5.6245903       77.321585              77.321585
              1       44.903673      0.80255863      0.97950506         13.315483           11.885542      0.72557605     -0.45539509       5.6245903        5.6245903       78.558166              78.558166
              1       45.947675      0.80255863      0.97503025         13.300027           11.879442      0.71899142     -0.42053434       5.6245903        5.6245903        80.64617               80.64617
              2       45.887461      0.80255863       0.9680193         13.295693           11.871141      0.71637434     -0.43690663       5.6245903        5.6245903       80.525742              80.525742
              2       45.890892      0.80255863      0.96787288         13.295697            11.87116      0.71634036     -0.43689993       5.6245903        5.6245903       80.532603              80.532603
              2       45.860686      0.80255863      0.96803751         13.295715           11.871882      0.71671232     -0.43396532       5.6245903        5.6245903       80.472192              80.472192
              1       46.365404      0.80255863      0.96559216         13.297204           11.870794      0.71888501     -0.43389422       5.6245903        5.6245903       81.481627              81.481627
              1       45.748267      0.80255863      0.97437882         13.312652           11.890889      0.72101831     -0.45564763       5.6245903        5.6245903       80.247353              80.247353
              1       45.642416      0.80255863      0.97418618         13.312554           11.890515      0.72102303     -0.45469764       5.6245903        5.6245903       80.035651              80.035651
              5       44.727139      0.80255863      0.97115133         13.312179           11.891375      0.73327548     -0.45435531       5.6245903        5.6245903       78.205097              78.205097
              2       46.825593      0.80255863      0.95918153         13.314093           11.884383      0.72358131     -0.48433102       5.6245903        5.6245903       82.402006              82.402006
              1       46.848547      0.80255863      0.95739247         13.313713           11.884783      0.72325101     -0.48365956       5.6245903        5.6245903       82.447913              82.447913
              2       46.901064      0.80255863      0.95778868         13.313784           11.885076      0.72296547     -0.48370377       5.6245903        5.6245903       82.552947              82.552947
              5          47.208      0.80255863      0.95511217         13.314473           11.889436       0.7269939      -0.4917374       5.6245903        5.6245903       83.166819              83.166819
             10        44.80239      0.80255863      0.99422179         13.319685            11.88246      0.74077679      -0.4869036       5.6245903        5.6245903       78.355599              78.355599
              4       44.169796      0.80255863       1.0082894         13.320971           11.883843      0.75046418     -0.48364865       5.6245903        5.6245903       77.090411              77.090411
              2       43.830603      0.80255863       1.0255132         13.314553           11.889562      0.75360046      -0.4675618       5.6245903        5.6245903       76.412026              76.412026
              3       43.023257      0.80255863       1.0432158         13.321733           11.890852       0.7509171     -0.47480143       5.6245903        5.6245903       74.797334              74.797334
              2       42.812381      0.80255863       1.0504996           13.3178           11.884402      0.75449537     -0.48249316       5.6245903        5.6245903       74.375581              74.375581
              4       42.832975      0.80255863        1.052018         13.316563           11.884599      0.75054085     -0.47786445       5.6245903        5.6245903       74.416769              74.416769
              2       43.006087      0.80255863       1.0655935          13.30922           11.882551       0.7525448      -0.4829744       5.6245903        5.6245903       74.762993              74.762993
              1       43.890588      0.80255863       1.0779697         13.321587           11.877005      0.74756684     -0.50181366       5.6245903        5.6245903       76.531996              76.531996
              1       43.736425      0.80255863       1.0771857         13.320203           11.878402      0.74667178     -0.50666336       5.6245903        5.6245903        76.22367               76.22367
              1       43.281544      0.80255863       1.0867548         13.315883           11.873555      0.75562533     -0.51547574       5.6245903        5.6245903       75.313908              75.313908
              3       43.508757      0.80255863       1.1083097         13.307341           11.868741      0.74520783     -0.50706645       5.6245903        5.6245903       75.768333              75.768333
              3       42.895876      0.80255863       1.1191958         13.322847           11.880458      0.75950324     -0.48746313       5.6245903        5.6245903        74.54257               74.54257
              4       44.740248      0.80255863       1.1680125         13.331107            11.88733      0.73356746     -0.48148418       5.6245903        5.6245903       78.231316              78.231316
              2       44.898387      0.80255863       1.1806218         13.337256            11.88545      0.73841671     -0.49592575       5.6245903        5.6245903       78.547593              78.547593
              1       43.368157      0.80255863       1.1712704         13.334826           11.883779       0.7509452     -0.49053036       5.6245903        5.6245903       75.487133              75.487133
              4       43.389124      0.80255863       1.1702552          13.33579            11.88454      0.75099778     -0.49010123       5.6245903        5.6245903       75.529067              75.529067
              4       43.542449      0.80255863       1.1717133          13.33912           11.888336      0.74837428     -0.49382967       5.6245903        5.6245903       75.835717              75.835717
              3       43.277828      0.80255863       1.1702827         13.336661           11.887029      0.74950056     -0.48626106       5.6245903        5.6245903       75.306476              75.306476
              2       43.777337      0.80255863       1.1867155         13.333334           11.882382      0.74315448     -0.48691248       5.6245903        5.6245903       76.305493              76.305493
              1       43.566104      0.80255863       1.1469684          13.33188           11.889605      0.74209572     -0.48411004       5.6245903        5.6245903       75.883028              75.883028
              9       43.248851      0.80255863       1.1462594         13.331104           11.889396      0.75524594     -0.47375009       5.6245903        5.6245903       75.248522              75.248522
              2       44.534616      0.80255863       1.1499181         13.326955           11.884596      0.75384552      -0.4582885       5.6245903        5.6245903       77.820052              77.820052
              4       44.763757      0.80255863       1.1506638         13.327895           11.884118      0.75471268     -0.45883967       5.6245903        5.6245903       78.278333              78.278333
              1       44.760611      0.80255863       1.1506508         13.327896           11.884119      0.75471152      -0.4588635       5.6245903        5.6245903       78.272042              78.272042
              6       44.681874      0.80255863       1.1601598         13.336038           11.884059      0.74351813     -0.46066046       5.6245903        5.6245903       78.114568              78.114568
              1       44.795698      0.80255863       1.1724481         13.331309            11.87973      0.73017311     -0.44909213       5.6245903        5.6245903       78.342216              78.342216
              3       45.005025      0.80255863       1.1908961          13.34379           11.891304      0.72421702     -0.44367041       5.6245903        5.6245903        78.76087               78.76087
              2        45.42294      0.80255863       1.1891921         13.347595           11.890283      0.72729357     -0.45067107       5.6245903        5.6245903       79.596699              79.596699
              5       44.835582      0.80255863       1.1800417         13.344704           11.899033      0.73025191     -0.45462937       5.6245903        5.6245903       78.421983              78.421983
              7       44.743198      0.80255863       1.1816236         13.340089           11.894588       0.7277968      -0.4516473       5.6245903        5.6245903       78.237215              78.237215
              2       46.421355      0.80255863       1.1682318         13.333556           11.896738      0.73710221      -0.4256211       5.6245903        5.6245903        81.59353               81.59353
              4       47.550102      0.80255863       1.1761589         13.339229           11.897728      0.74224747     -0.42098883       5.6245903        5.6245903       83.851023              83.851023
              3       48.103261      0.80255863       1.1840449         13.338453           11.900119       0.7383516     -0.41542252       5.6245903        5.6245903       84.957342              84.957342
              1       47.243885      0.80255863       1.1741795         13.338678           11.902902      0.74313318     -0.43152222       5.6245903        5.6245903       83.238589              83.238589
              1       47.243824      0.80255863       1.1741794         13.338678           11.902902      0.74313365     -0.43152198       5.6245903        5.6245903       83.238467              83.238467
              1       44.681526      0.80255863       1.1757933         13.344803            11.89381      0.73652789     -0.44630446       5.6245903        5.6245903       78.113872              78.113872
              2       44.134038      0.80255863       1.1477285         13.331735           11.889786      0.72694643     -0.44400072       5.6245903        5.6245903       77.018895              77.018895
              5       43.745506      0.80255863       1.1484177         13.329137           11.887167      0.73173153       -0.453647       5.6245903        5.6245903       76.241831              76.241831
              9       43.747521      0.80255863       1.1490213         13.329292           11.887187      0.73191661     -0.45313575       5.6245903        5.6245903       76.245861              76.245861
              1       43.800081      0.80255863       1.1833039         13.331665            11.88655      0.74263064     -0.45978852       5.6245903        5.6245903       76.350982              76.350982
              1       43.989456      0.80255863       1.1829939          13.33699           11.886695      0.74135623     -0.46205395       5.6245903        5.6245903       76.729731              76.729731
              3       44.132799      0.80255863       1.1783608         13.337912           11.895071      0.74563742     -0.46024269       5.6245903        5.6245903       77.016418              77.016418
              3       44.113489      0.80255863       1.1787694         13.337872           11.894939      0.74560742     -0.46062525       5.6245903        5.6245903       76.977797              76.977797
              1       45.940177      0.80255863       1.1793561         13.327653           11.893786      0.73863383     -0.45197483       5.6245903        5.6245903       80.631173              80.631173
              1       44.495105      0.80255863       1.2038282         13.342223           11.891578      0.73383623     -0.46223454       5.6245903        5.6245903        77.74103               77.74103
