#        weight    minuslogpost          sigma8        ygk_Ahmc ygk_LOWZ__2_lM1_0 ygk_LOWZ__2_lMmin_0   ygk_mass_bias       ygk_rhogy   minuslogprior minuslogprior__0            chi2 chi2__ygk_like.ygkLike
              1       843.22718      0.72641521      0.95349184         13.236398           12.036249       0.7911454     -0.47951542       5.6245903        5.6245903       1675.2052              1675.2052
              1        633.6429      0.72641521      0.95939375         13.258839           12.026939      0.77584072     -0.50270141       5.6245903        5.6245903       1256.0366              1256.0366
              1       488.59273      0.65691135      0.95939375         13.258839           12.026939      0.77584072     -0.50270141       5.6245903        5.6245903       965.93628              965.93628
              2       463.70007      0.65691135      0.96042858         13.259888           12.021281      0.78525778     -0.52744341       5.6245903        5.6245903       916.15096              916.15096
              1       415.56125      0.65691135      0.94307765         13.261836           12.018802      0.79654348     -0.50839004       5.6245903        5.6245903       819.87332              819.87332
              2        412.1128      0.65691135      0.94777724         13.261618           12.017978      0.79732122     -0.50629271       5.6245903        5.6245903       812.97641              812.97641
              1       398.01869      0.65691135        0.976874         13.263687           12.012899      0.79319617     -0.50374135       5.6245903        5.6245903        784.7882               784.7882
              2       382.76879      0.65691135      0.98062528         13.274435           12.013939      0.80071406     -0.52448486       5.6245903        5.6245903        754.2884               754.2884
              1       379.52017      0.65691135      0.98053606         13.275356           12.014171      0.80112548     -0.52194976       5.6245903        5.6245903       747.79116              747.79116
              2       307.24887      0.65691135      0.96687898         13.277324           11.992965      0.80448286     -0.51972462       5.6245903        5.6245903       603.24857              603.24857
              1        295.4336       0.7342952      0.96687898         13.277324           11.992965      0.80448286     -0.51972462       5.6245903        5.6245903       579.61802              579.61802
              1       222.73922       0.7342952      0.95561771         13.306758           11.996487      0.80150186     -0.52432234       5.6245903        5.6245903       434.22925              434.22925
              2       173.94078       0.7342952      0.92449256         13.306219           11.990834      0.81216457     -0.50686628       5.6245903        5.6245903       336.63239              336.63239
              1       165.21143       0.7342952      0.92723717          13.30676           11.989344      0.80912568     -0.49641117       5.6245903        5.6245903       319.17367              319.17367
              1        141.6459       0.7342952      0.92372299         13.307098           11.975664      0.80441272     -0.50883894       5.6245903        5.6245903       272.04262              272.04262
              2       123.22338       0.7342952      0.91774357         13.315409           11.969097      0.80508909      -0.5173495       5.6245903        5.6245903       235.19759              235.19759
              2       119.44673       0.7342952      0.92048152         13.324125           11.975087       0.8023575     -0.50458811       5.6245903        5.6245903       227.64428              227.64428
              3       96.456126       0.7342952      0.91702357          13.32398           11.970389      0.81426168      -0.4844376       5.6245903        5.6245903       181.66307              181.66307
              2        81.79107      0.76041206      0.91702357          13.32398           11.970389      0.81426168      -0.4844376       5.6245903        5.6245903       152.33296              152.33296
              1       64.623916      0.76041206      0.91132571         13.339506            11.96368      0.82583001     -0.51743181       5.6245903        5.6245903       117.99865              117.99865
              2       62.659571      0.76041206      0.92936346         13.341991           11.965669      0.82940494     -0.51247249       5.6245903        5.6245903       114.06996              114.06996
              4       62.796853      0.76041206      0.92974793         13.341527           11.965556      0.82923061     -0.51201014       5.6245903        5.6245903       114.34453              114.34453
              2        54.64516      0.76041206      0.91275876         13.337505            11.96836      0.84628203     -0.48557382       5.6245903        5.6245903       98.041139              98.041139
              1        50.50242      0.76041206      0.91340755          13.33829           11.961221      0.84072966     -0.48163076       5.6245903        5.6245903       89.755659              89.755659
              2       48.051605      0.76041206      0.91083896          13.34064           11.958789      0.84446389     -0.47965632       5.6245903        5.6245903        84.85403               84.85403
              1       48.227499      0.76041206      0.90947065         13.341606           11.958951      0.84399338     -0.48168447       5.6245903        5.6245903       85.205818              85.205818
              1       47.918324      0.76041206      0.94050944         13.347272           11.956878      0.84610118     -0.49444172       5.6245903        5.6245903       84.587467              84.587467
              2       46.542825      0.76041206      0.94532393         13.357858           11.964413      0.84213303     -0.47144167       5.6245903        5.6245903        81.83647               81.83647
              1       45.485526      0.76990905      0.94532393         13.357858           11.964413      0.84213303     -0.47144167       5.6245903        5.6245903       79.721871              79.721871
              1       44.542625      0.76990905      0.94971323         13.357566           11.957869      0.83762995     -0.47507372       5.6245903        5.6245903        77.83607               77.83607
              1       44.619622      0.76990905      0.95131546         13.357063            11.95852      0.83719057     -0.47548965       5.6245903        5.6245903       77.990063              77.990063
              4       44.997982      0.76990905      0.96778044         13.375451           11.961467      0.83687282     -0.48116211       5.6245903        5.6245903       78.746784              78.746784
              6       47.286284      0.76990905      0.97072652         13.383703           11.963184       0.8351426     -0.46020198       5.6245903        5.6245903       83.323387              83.323387
              1       47.462015      0.76990905      0.95950548         13.380306           11.960775      0.83205903     -0.46229027       5.6245903        5.6245903        83.67485               83.67485
              1       47.906629      0.76990905      0.95051402         13.385439           11.963971       0.8330361     -0.46790059       5.6245903        5.6245903       84.564077              84.564077
              2       48.019735      0.76990905      0.95050068         13.385787           11.964074      0.83240192     -0.46681613       5.6245903        5.6245903        84.79029               84.79029
              2       45.741368      0.76990905      0.95658534         13.384313           11.968472       0.8286856     -0.46638468       5.6245903        5.6245903       80.233555              80.233555
              5       45.271668      0.76990905        0.963131         13.384362            11.96899      0.83179779     -0.47193428       5.6245903        5.6245903       79.294156              79.294156
              1       45.421176      0.76990905      0.96356933         13.383731           11.967792      0.83075931     -0.47234164       5.6245903        5.6245903       79.593172              79.593172
              3       45.218171      0.76990905      0.97273168         13.385611           11.970819      0.82754827     -0.47700311       5.6245903        5.6245903       79.187161              79.187161
              1       45.765153      0.76990905      0.97103145          13.38581           11.969312      0.83045163     -0.49193826       5.6245903        5.6245903       80.281125              80.281125
              2        46.00056      0.76990905      0.98137087         13.383525           11.977638      0.83370254     -0.48788296       5.6245903        5.6245903        80.75194               80.75194
              3       44.558771      0.76990905       0.9735569         13.389822            11.97703      0.84021322     -0.46964623       5.6245903        5.6245903       77.868362              77.868362
              2       45.081449      0.76990905      0.98400308         13.392275           11.976898      0.82835261     -0.45163875       5.6245903        5.6245903       78.913717              78.913717
              2       45.005847      0.76990905      0.98771796         13.391888           11.975553       0.8269227      -0.4551605       5.6245903        5.6245903       78.762513              78.762513
              1       45.180121      0.76990905      0.98320049         13.395973           11.977273      0.82760702     -0.46546133       5.6245903        5.6245903       79.111062              79.111062
              4       45.021876      0.76990905      0.98435357          13.39565           11.978189      0.82779984     -0.46581559       5.6245903        5.6245903       78.794571              78.794571
              1       44.848502      0.76990905      0.98514665         13.393368           11.976139      0.83146569     -0.46677063       5.6245903        5.6245903       78.447823              78.447823
              1       44.739631      0.76990905      0.98947865         13.391918            11.97598      0.83056222     -0.46182155       5.6245903        5.6245903       78.230081              78.230081
             10        47.86662      0.76990905      0.95590568         13.374179           11.979149      0.82334953     -0.45808068       5.6245903        5.6245903        84.48406               84.48406
              4       47.694245      0.76990905      0.95951896         13.374339           11.978671      0.82275956      -0.4572739       5.6245903        5.6245903        84.13931               84.13931
              4       46.257805      0.76990905      0.95072498          13.37984           11.977098       0.8156779     -0.45025189       5.6245903        5.6245903        81.26643               81.26643
              1       46.273689      0.76990905      0.95757808         13.375102            11.97446      0.81613429     -0.42734492       5.6245903        5.6245903       81.298198              81.298198
              4       48.015122      0.76990905      0.94106019         13.378021            11.98102      0.82448049     -0.41763211       5.6245903        5.6245903       84.781064              84.781064
              1       46.171574      0.76990905      0.92408079         13.369967            11.97017      0.82144259      -0.4377468       5.6245903        5.6245903       81.093967              81.093967
              1       46.465385      0.76990905      0.92688932         13.376531           11.973459      0.81307381     -0.45267125       5.6245903        5.6245903        81.68159               81.68159
              1       46.473764      0.76990905      0.92796953         13.376271           11.973353      0.81302526     -0.45290957       5.6245903        5.6245903       81.698347              81.698347
              1       45.916088      0.76990905      0.92276184          13.37186           11.966898      0.83220642     -0.45412279       5.6245903        5.6245903       80.582996              80.582996
              4       46.583201      0.76990905      0.91722643         13.343665           11.951846      0.82002263       -0.470487       5.6245903        5.6245903       81.917221              81.917221
              1       46.378924      0.76990905       0.9172019         13.344003            11.95111       0.8198644     -0.46962663       5.6245903        5.6245903       81.508667              81.508667
              2       45.435457      0.76990905      0.92639938         13.344733            11.95244      0.83202139     -0.47184449       5.6245903        5.6245903       79.621733              79.621733
              2       46.171009      0.76990905      0.93478629         13.334114           11.944862      0.83305299     -0.44660795       5.6245903        5.6245903       81.092838              81.092838
              2       46.785551      0.76990905      0.93660092         13.338266           11.940783      0.83297525     -0.44511104       5.6245903        5.6245903       82.321921              82.321921
              1       46.944989      0.76990905      0.93863369         13.331408           11.934959      0.82317058     -0.43562098       5.6245903        5.6245903       82.640798              82.640798
              2       46.857636      0.76990905      0.93954182         13.330536           11.935174      0.82383813     -0.43504914       5.6245903        5.6245903       82.466091              82.466091
              6        46.48278      0.76990905      0.96194675         13.330233            11.92577      0.82446531      -0.4612175       5.6245903        5.6245903        81.71638               81.71638
              1       46.522935      0.76990905      0.96176202          13.33035           11.925812      0.82432561     -0.46086376       5.6245903        5.6245903        81.79669               81.79669
              1       46.071628      0.76990905      0.93931992         13.333215           11.936159      0.83822573     -0.45930505       5.6245903        5.6245903       80.894076              80.894076
              3       46.157031      0.76990905        0.939851         13.333093            11.93609      0.83849113     -0.45841399       5.6245903        5.6245903       81.064882              81.064882
              1       45.872073      0.76990905      0.94148718         13.339178           11.940235      0.83674998     -0.45887536       5.6245903        5.6245903       80.494966              80.494966
              3       44.953005      0.76990905      0.94919817         13.337935           11.940301      0.83474211     -0.46440877       5.6245903        5.6245903       78.656829              78.656829
              2       45.280143      0.76990905      0.94540786         13.320679           11.924431       0.8383051     -0.50524471       5.6245903        5.6245903       79.311105              79.311105
              1       44.932859      0.76990905      0.94263007         13.315123           11.925206      0.83832417     -0.49679423       5.6245903        5.6245903       78.616537              78.616537
              2       45.219876      0.76863585      0.94263007         13.315123           11.925206      0.83832417     -0.49679423       5.6245903        5.6245903       79.190572              79.190572
              1       45.406708      0.76863585      0.93717318         13.316644           11.922447      0.84109808     -0.49360224       5.6245903        5.6245903       79.564235              79.564235
              5       44.988354      0.76863585       0.9495613         13.318736           11.923754      0.84027031     -0.49221545       5.6245903        5.6245903       78.727528              78.727528
              2       44.808017      0.76863585      0.94972023         13.317819            11.92437       0.8403109     -0.49033393       5.6245903        5.6245903       78.366854              78.366854
              3       45.485108      0.76863585      0.93592384         13.310345           11.924814      0.83729205     -0.49250492       5.6245903        5.6245903       79.721036              79.721036
              2       46.400828      0.76863585      0.91010715         13.319751           11.931891      0.84927207     -0.51882871       5.6245903        5.6245903       81.552475              81.552475
              1       46.200755      0.76863585      0.93444222         13.312209           11.930283      0.85343089     -0.51530492       5.6245903        5.6245903        81.15233               81.15233
              4       48.366944      0.76863585       0.9267878         13.310818            11.93575       0.8664369     -0.52576885       5.6245903        5.6245903       85.484707              85.484707
              1       44.889825      0.76863585      0.93329011         13.322484           11.931879      0.87334541     -0.51046556       5.6245903        5.6245903        78.53047               78.53047
              1       44.935657      0.76863585      0.93527191          13.32263           11.935209      0.86817136     -0.52576184       5.6245903        5.6245903       78.622133              78.622133
              1       45.002531      0.76863585      0.93506211         13.324587           11.937739      0.86750012     -0.52260313       5.6245903        5.6245903       78.755881              78.755881
              1       44.983538      0.76863585      0.94092381         13.322966           11.936687      0.86387113     -0.51791173       5.6245903        5.6245903       78.717895              78.717895
              3       45.339622      0.76863585       0.9249358         13.321136           11.935686      0.85947222     -0.51497297       5.6245903        5.6245903       79.430063              79.430063
              3       45.119475      0.76863585      0.92455734         13.324005           11.936446      0.85929085     -0.51479707       5.6245903        5.6245903       78.989769              78.989769
              3       45.222076      0.76863585      0.93021568         13.324246           11.936118      0.85804024      -0.5178933       5.6245903        5.6245903       79.194972              79.194972
              2       45.031066      0.76863585      0.92907041         13.324281           11.936117      0.85902541     -0.51549071       5.6245903        5.6245903       78.812951              78.812951
              1       44.995143      0.76863585      0.92648642         13.328671            11.93471       0.8619774     -0.52181846       5.6245903        5.6245903       78.741106              78.741106
              2       45.971082      0.76863585      0.90668423         13.334644           11.938902      0.85321893      -0.5172277       5.6245903        5.6245903       80.692983              80.692983
              3        51.80026      0.76863585      0.92490899         13.344521           11.929476      0.84744474     -0.49965215       5.6245903        5.6245903        92.35134               92.35134
              2       49.007403      0.76863585      0.92380653         13.340351           11.932403      0.84792519     -0.48749857       5.6245903        5.6245903       86.765626              86.765626
              1       48.637155      0.76863585      0.93508775          13.34174           11.932918      0.84740154     -0.48498278       5.6245903        5.6245903        86.02513               86.02513
              1       49.555223      0.76863585      0.94056233         13.342972           11.937506      0.87646509     -0.49181185       5.6245903        5.6245903       87.861266              87.861266
              1       49.230219      0.76863585      0.94233587         13.343933           11.938545       0.8771495     -0.49275793       5.6245903        5.6245903       87.211257              87.211257
              1       46.003299      0.76863585      0.94812792         13.339447           11.936406      0.87639898     -0.51170843       5.6245903        5.6245903       80.757417              80.757417
              1       45.732458      0.76863585      0.95088817         13.338823           11.936537      0.87579605     -0.51023799       5.6245903        5.6245903       80.215736              80.215736
              2       44.774681      0.76863585      0.94864708         13.337095           11.939255      0.87547276     -0.51046221       5.6245903        5.6245903       78.300181              78.300181
              4       44.690976      0.76863585      0.94838702         13.337789            11.93947      0.87412602     -0.51108237       5.6245903        5.6245903       78.132771              78.132771
              2        44.10669      0.76863585      0.95767815          13.32767           11.934438      0.85478116     -0.49346798       5.6245903        5.6245903       76.964199              76.964199
              6       44.013624      0.76863585      0.96661076         13.323508           11.931779      0.85867502     -0.49367748       5.6245903        5.6245903       76.778068              76.778068
              4       43.922817      0.76863585      0.97345645         13.324163           11.932433      0.84847468     -0.49351896       5.6245903        5.6245903       76.596454              76.596454
              3       45.400542      0.76863585      0.94792094         13.319387            11.93681      0.84941641     -0.48572811       5.6245903        5.6245903       79.551903              79.551903
              1       44.712896      0.76863585      0.95703255         13.324043           11.937499      0.84918708     -0.48155445       5.6245903        5.6245903       78.176611              78.176611
              2       44.509735      0.76863585      0.95813854         13.324707           11.937075      0.84969212     -0.48653973       5.6245903        5.6245903       77.770289              77.770289
              2       44.532894      0.76863585      0.95815392         13.324681           11.937223      0.84992707     -0.48650528       5.6245903        5.6245903       77.816608              77.816608
              1       44.751484      0.76863585      0.96047796         13.323556           11.937499      0.84960354     -0.48681382       5.6245903        5.6245903       78.253788              78.253788
              2       44.758899      0.76863585      0.98710208         13.325409           11.934655      0.84457908     -0.50213414       5.6245903        5.6245903       78.268618              78.268618
              4       45.580501      0.76863585      0.98861967         13.321948           11.934888      0.84304866     -0.49933665       5.6245903        5.6245903       79.911822              79.911822
              1       44.250387      0.76863585       1.0004758         13.328639           11.934814      0.84088962     -0.49524038       5.6245903        5.6245903       77.251594              77.251594
              4       43.949551      0.76863585      0.99675726          13.32882           11.936733      0.84238846      -0.4823603       5.6245903        5.6245903       76.649921              76.649921
              2       43.925836      0.76863585       1.0046796         13.326421           11.935711      0.84641537     -0.48120351       5.6245903        5.6245903       76.602492              76.602492
              9       43.792477      0.76863585       1.0037783         13.328021           11.936098      0.84692851     -0.47838746       5.6245903        5.6245903       76.335773              76.335773
              7       44.004165      0.76863585        1.007313         13.341367            11.94545      0.84740742     -0.46841448       5.6245903        5.6245903       76.759149              76.759149
              2       43.368917      0.76863585       1.0217133         13.341923           11.943164      0.84883503     -0.47874102       5.6245903        5.6245903       75.488653              75.488653
              7       43.388871      0.76863585       1.0212905         13.338578           11.940623      0.84868888     -0.47742448       5.6245903        5.6245903       75.528562              75.528562
              1       43.285763      0.76863585       1.0197498         13.339286           11.937225      0.84260128     -0.48521578       5.6245903        5.6245903       75.322346              75.322346
              1       43.285327      0.76863585       1.0197802         13.339284           11.937257      0.84258311     -0.48522058       5.6245903        5.6245903       75.321474              75.321474
              5       43.356183      0.76863585       1.0335593         13.338209           11.933407      0.84128055     -0.47755046       5.6245903        5.6245903       75.463186              75.463186
              2       45.756301      0.76863585       1.0176033         13.339996           11.929769      0.82352204     -0.48749948       5.6245903        5.6245903       80.263421              80.263421
              5       45.531195      0.76863585       1.0449351         13.327774           11.917905      0.81623869      -0.4707572       5.6245903        5.6245903       79.813208              79.813208
              2       45.752938      0.76863585       1.0448189         13.327522           11.916905      0.81536756     -0.46346993       5.6245903        5.6245903       80.256696              80.256696
              1       45.095285      0.76863585       1.0312747         13.322133           11.918343      0.82789878     -0.45024159       5.6245903        5.6245903       78.941389              78.941389
              1       45.030506      0.76863585       1.0290994         13.326499           11.923211      0.82729047     -0.44516723       5.6245903        5.6245903       78.811831              78.811831
              5       44.042774      0.76863585       1.0390098         13.325267           11.926266      0.82964347     -0.44727283       5.6245903        5.6245903       76.836367              76.836367
              2       43.692065      0.76863585       1.0448532         13.329579           11.931598      0.82721246     -0.45097519       5.6245903        5.6245903        76.13495               76.13495
              1       43.691318      0.76863585       1.0452991         13.328664            11.93153      0.82652909     -0.45312979       5.6245903        5.6245903       76.133455              76.133455
              3       44.283825      0.76863585       1.0541322         13.331159           11.925131      0.81939098     -0.44568193       5.6245903        5.6245903       77.318469              77.318469
              2       45.350098      0.77770945       1.0541322         13.331159           11.925131      0.81939098     -0.44568193       5.6245903        5.6245903       79.451015              79.451015
              4       46.593854      0.77770945       1.0589028         13.342504            11.92991      0.82554319     -0.44556558       5.6245903        5.6245903       81.938528              81.938528
              1         45.6735      0.77770945       1.0818113          13.34499           11.922417      0.81808699     -0.45507472       5.6245903        5.6245903       80.097819              80.097819
              2       45.503358      0.77770945        1.082038         13.353264           11.926402       0.8204546     -0.46586192       5.6245903        5.6245903       79.757535              79.757535
              1       43.684684      0.77770945        1.086926          13.35103           11.930125       0.8201945     -0.46734105       5.6245903        5.6245903       76.120188              76.120188
              2        44.07798      0.77770945       1.0899437         13.350764           11.929233      0.82315244     -0.46681637       5.6245903        5.6245903       76.906778              76.906778
              4       43.653476      0.77770945       1.0877051         13.349077           11.933333      0.82261844     -0.46417281       5.6245903        5.6245903       76.057772              76.057772
              2       43.405272      0.77770945       1.0860082         13.350853           11.934854      0.82408927       -0.469322       5.6245903        5.6245903       75.561363              75.561363
              3       42.676741      0.77770945       1.0740678         13.338148           11.924137       0.8208477     -0.49470654       5.6245903        5.6245903       74.104301              74.104301
              2       43.225669      0.77770945       1.0912227         13.346015           11.922685       0.8309674     -0.52124465       5.6245903        5.6245903       75.202157              75.202157
              4       42.625513      0.77770945       1.0754218         13.342515           11.929621      0.84073299     -0.51740504       5.6245903        5.6245903       74.001845              74.001845
              4        42.63542      0.77686712       1.0754218         13.342515           11.929621      0.84073299     -0.51740504       5.6245903        5.6245903        74.02166               74.02166
              3       43.138866      0.77686712       1.0757549         13.348884           11.934707       0.8344522     -0.51530992       5.6245903        5.6245903       75.028552              75.028552
              1       43.058942      0.77686712       1.0990384         13.359412           11.933923      0.84519763     -0.51055055       5.6245903        5.6245903       74.868704              74.868704
              5       43.101284      0.77686712       1.0595374         13.362662           11.945089      0.84168035     -0.52089935       5.6245903        5.6245903       74.953387              74.953387
              2       43.968549      0.77686712       1.0536807         13.368607           11.942311       0.8721724     -0.54452139       5.6245903        5.6245903       76.687917              76.687917
              2       44.043395      0.77686712       1.0594967         13.370197            11.94733       0.8682394     -0.52175085       5.6245903        5.6245903       76.837609              76.837609
              1       43.898349      0.77686712       1.0591772          13.36935           11.946106      0.86614423     -0.52180052       5.6245903        5.6245903       76.547517              76.547517
              3       43.897104      0.77686712       1.0593375         13.370269           11.946247      0.86568822     -0.52253751       5.6245903        5.6245903       76.545028              76.545028
              1        44.77643      0.78047823       1.0593375         13.370269           11.946247      0.86568822     -0.52253751       5.6245903        5.6245903        78.30368               78.30368
              1       43.369377      0.78047823       1.0497445         13.377772           11.949507      0.85676805      -0.5363928       5.6245903        5.6245903       75.489574              75.489574
              2       43.813778      0.78047823       1.0344212         13.369924            11.95275      0.85865664     -0.54459479       5.6245903        5.6245903       76.378376              76.378376
              4        43.46512      0.78047823       1.0326695         13.368792           11.950537      0.85653214     -0.54244557       5.6245903        5.6245903       75.681059              75.681059
              3       43.208453      0.78047823       1.0263851          13.37341           11.951025      0.85456639     -0.53246115       5.6245903        5.6245903       75.167725              75.167725
              1       43.373319      0.78047823        1.023371         13.374468            11.95156      0.85502777     -0.52868538       5.6245903        5.6245903       75.497458              75.497458
              1       43.938977      0.78047823       1.0251857         13.375665           11.953064      0.86613787     -0.53486056       5.6245903        5.6245903       76.628773              76.628773
              1         43.6036      0.78047823       1.0325096         13.386498           11.958932      0.86277008     -0.54282935       5.6245903        5.6245903       75.958019              75.958019
              3       43.869752      0.78047823       1.0221627          13.38734           11.957509      0.86216847     -0.55093184       5.6245903        5.6245903       76.490322              76.490322
              2       43.842074      0.78047823       1.0464308         13.370885           11.952803       0.8576541      -0.5436832       5.6245903        5.6245903       76.434967              76.434967
              3       44.696903      0.78047823       1.0213092         13.370294           11.940147      0.84673578     -0.52500642       5.6245903        5.6245903       78.144625              78.144625
              2       44.660837      0.78047823       1.0174633         13.368229           11.940651      0.84997018     -0.52151096       5.6245903        5.6245903       78.072493              78.072493
              3       44.918116      0.77791809       1.0174633         13.368229           11.940651      0.84997018     -0.52151096       5.6245903        5.6245903       78.587051              78.587051
              5       46.101428      0.77791809       1.0195407         13.370813           11.939654      0.84989204     -0.52083751       5.6245903        5.6245903       80.953676              80.953676
              1        46.49685      0.77791809       1.0182717         13.371204           11.939754      0.84903182     -0.51646427       5.6245903        5.6245903        81.74452               81.74452
              1        46.17396      0.77791809      0.99681798         13.367643           11.941052      0.85421291     -0.51745887       5.6245903        5.6245903        81.09874               81.09874
              1       46.712142      0.77791809       1.0013602          13.36946           11.943664      0.85973858     -0.51268217       5.6245903        5.6245903       82.175103              82.175103
              2       47.960774      0.77791809      0.99158999         13.370663           11.941753      0.86094289      -0.5192859       5.6245903        5.6245903       84.672367              84.672367
              1        48.39084      0.77791809       1.0092666         13.377284           11.941906      0.86582701     -0.53722524       5.6245903        5.6245903       85.532499              85.532499
              5       50.025548      0.77791809       1.0142538         13.372132           11.934745      0.86608121     -0.53988386       5.6245903        5.6245903       88.801915              88.801915
              1       49.890278      0.77791809       1.0129625         13.372029           11.935068      0.86642312     -0.53982535       5.6245903        5.6245903       88.531375              88.531375
              3       47.360641      0.77791809       1.0115191         13.369121           11.936363      0.86302427     -0.54138995       5.6245903        5.6245903       83.472102              83.472102
              5       44.356558      0.77791809       1.0042093          13.36615           11.941356      0.85481588     -0.54139033       5.6245903        5.6245903       77.463935              77.463935
              3       44.298938      0.77791809       0.9944895         13.360707           11.939199      0.85763819     -0.55036219       5.6245903        5.6245903       77.348696              77.348696
              2       44.101159      0.77791809      0.99982279         13.358026           11.938909      0.85610044     -0.55354746       5.6245903        5.6245903       76.953138              76.953138
              4       43.608748      0.77791809      0.99335492         13.353885           11.938626      0.85217165     -0.54274382       5.6245903        5.6245903       75.968316              75.968316
              1       43.529283      0.77791809      0.98912025         13.356523           11.939975      0.85025335     -0.53283469       5.6245903        5.6245903       75.809385              75.809385
              3       43.124571      0.77791809       1.0030481         13.352883           11.937911      0.84612894     -0.52507506       5.6245903        5.6245903       74.999962              74.999962
              2       43.069833      0.77791809       1.0096882         13.346008           11.934566      0.84689168     -0.53050306       5.6245903        5.6245903       74.890485              74.890485
              2       43.270872      0.77791809       1.0123721         13.348615           11.931639      0.84848245     -0.53232146       5.6245903        5.6245903       75.292563              75.292563
              3       43.381204      0.77791809       1.0106442         13.347797           11.930884      0.85061877     -0.52722683       5.6245903        5.6245903       75.513227              75.513227
              2       43.954926      0.77791809       1.0127403         13.348925           11.929556      0.85265562     -0.52603861       5.6245903        5.6245903       76.660672              76.660672
              3       42.744822      0.77791809       1.0550161         13.346454           11.934856      0.84470384     -0.51302939       5.6245903        5.6245903       74.240464              74.240464
              1       42.564209      0.77791809       1.0548624         13.346994           11.933084      0.84457482     -0.51576484       5.6245903        5.6245903       73.879238              73.879238
              3       42.552005      0.77791809       1.0558501         13.348831           11.933752      0.84354273     -0.51590612       5.6245903        5.6245903       73.854829              73.854829
              6       42.607802      0.77791809       1.0646694         13.347199            11.93342      0.84255834     -0.51664448       5.6245903        5.6245903       73.966423              73.966423
              1       42.608741      0.77791809       1.0738414         13.349843            11.93068      0.84037761      -0.5079859       5.6245903        5.6245903       73.968301              73.968301
              3       42.662603      0.77926222       1.0738414         13.349843            11.93068      0.84037761      -0.5079859       5.6245903        5.6245903       74.076026              74.076026
              1       42.507513      0.77926222       1.0788464         13.351511            11.93081      0.83547082     -0.51549344       5.6245903        5.6245903       73.765846              73.765846
              1       42.919247      0.77926222       1.0830052         13.353554           11.927919      0.84349638     -0.53208706       5.6245903        5.6245903       74.589313              74.589313
              1       43.114302      0.77926222       1.0965173         13.348836           11.932612      0.84511141     -0.53116923       5.6245903        5.6245903       74.979424              74.979424
              3       42.742347      0.77926222       1.0985847         13.346488           11.928946      0.84447854     -0.53047778       5.6245903        5.6245903       74.235514              74.235514
              1       44.353613      0.77926222       1.0976417         13.340722           11.927754      0.84308455     -0.54213875       5.6245903        5.6245903       77.458045              77.458045
              3       43.814767      0.77926222       1.0762998          13.34023           11.928527      0.84539767     -0.54086088       5.6245903        5.6245903       76.380354              76.380354
              2       43.844262      0.77926222       1.0760747         13.340106            11.92868      0.84526705     -0.54031653       5.6245903        5.6245903       76.439343              76.439343
              2         43.1994      0.77926222       1.0758879         13.339877           11.927752      0.84774838      -0.5371777       5.6245903        5.6245903       75.149619              75.149619
              1       43.209413      0.77926222       1.0528809         13.351934           11.927979      0.84805059      -0.5357094       5.6245903        5.6245903       75.169646              75.169646
              1       43.996202      0.77926222         1.07385         13.361535           11.931225      0.84663153     -0.52333243       5.6245903        5.6245903       76.743223              76.743223
