#        weight    minuslogpost          sigma8        ygk_Ahmc ygk_LOWZ__1_lM1_0 ygk_LOWZ__1_lMmin_0   ygk_mass_bias       ygk_rhogy   minuslogprior minuslogprior__0            chi2 chi2__ygk_like.ygkLike
              2       68.280283       0.8059269       1.0657828         12.970616           11.645597      0.72376974     -0.54861783       5.6245903        5.6245903       125.31139              125.31139
              1        68.36808       0.8059269       1.0565491         12.970286           11.640872      0.72245921      -0.5569765       5.6245903        5.6245903       125.48698              125.48698
              1       67.966911       0.8131675       1.0565491         12.970286           11.640872      0.72245921      -0.5569765       5.6245903        5.6245903       124.68464              124.68464
              1       66.999026       0.8131675       1.0562381         12.986171           11.651976      0.70296913     -0.57202294       5.6245903        5.6245903       122.74887              122.74887
              2       66.077578       0.8131675       1.0750585          12.98429           11.653735      0.70765362     -0.59943263       5.6245903        5.6245903       120.90598              120.90598
              1       66.162471       0.8131675       1.0746839         12.983969           11.654023      0.70758431     -0.59957509       5.6245903        5.6245903       121.07576              121.07576
              2       66.191144       0.8131675       1.0701282         12.986674           11.653318      0.70429005     -0.58916212       5.6245903        5.6245903       121.13311              121.13311
              4       65.938015       0.8131675       1.0766537         12.986354           11.648497      0.70118046      -0.5912151       5.6245903        5.6245903       120.62685              120.62685
              3        66.11877       0.8131675       1.0745141         12.988273           11.648396       0.6995033     -0.59005827       5.6245903        5.6245903       120.98836              120.98836
              6       66.025622       0.8131675       1.0708597         12.989037           11.647346      0.69977775     -0.60066074       5.6245903        5.6245903       120.80206              120.80206
              1       65.721838       0.8131675       1.0814397         12.986189           11.645921      0.70178052     -0.59924037       5.6245903        5.6245903        120.1945               120.1945
              1       65.680322       0.8131675       1.0811897         12.985857           11.645946      0.70178742     -0.59998069       5.6245903        5.6245903       120.11146              120.11146
              1       65.908611       0.8131675       1.0771058          12.98462           11.644724      0.70393063     -0.59646889       5.6245903        5.6245903       120.56804              120.56804
              2       65.899386       0.8131675       1.0723306         12.987547           11.645367      0.69928844     -0.60676999       5.6245903        5.6245903       120.54959              120.54959
              3       67.927301       0.8131675       1.0988233         12.996076           11.641725      0.69417828     -0.60105529       5.6245903        5.6245903       124.60542              124.60542
              1       64.672731       0.8131675       1.1165465         12.987884           11.644147      0.69606671     -0.62138101       5.6245903        5.6245903       118.09628              118.09628
              1       65.151425       0.8131675       1.1141122         12.997435           11.649258      0.69344059     -0.62116924       5.6245903        5.6245903       119.05367              119.05367
              1       64.183385       0.8131675       1.1114482         12.997274           11.656271      0.70695516     -0.62954146       5.6245903        5.6245903       117.11759              117.11759
              3        64.69456       0.8131675       1.1013258         12.997577           11.655318       0.7087845      -0.6177272       5.6245903        5.6245903       118.13994              118.13994
              1       64.728969      0.81278079       1.1013258         12.997577           11.655318       0.7087845      -0.6177272       5.6245903        5.6245903       118.20876              118.20876
              2       67.714142      0.81278079       1.1116228         13.011728           11.650599      0.69657666     -0.64681453       5.6245903        5.6245903        124.1791               124.1791
              1       69.117589      0.81278079       1.1141299         13.012749             11.6485      0.69575828     -0.64120516       5.6245903        5.6245903         126.986                126.986
              2       68.646173      0.81278079       1.1173403         13.012687           11.649191      0.69616721      -0.6413232       5.6245903        5.6245903       126.04317              126.04317
              1       65.240408      0.81278079       1.1227116         13.000698           11.648982       0.6840967     -0.64235414       5.6245903        5.6245903       119.23164              119.23164
              2       64.769001      0.81278079       1.1293055         13.001147           11.651026      0.68339553     -0.64130096       5.6245903        5.6245903       118.28882              118.28882
              1       64.672461      0.81278079       1.1299567         13.000903           11.650949      0.68381184      -0.6432575       5.6245903        5.6245903       118.09574              118.09574
              1       66.420823      0.81278079       1.1405206         12.996366           11.640421      0.67505424     -0.64327951       5.6245903        5.6245903       121.59246              121.59246
              1       66.533843      0.81278079       1.1409809         12.996436           11.640121      0.67551719     -0.64271977       5.6245903        5.6245903       121.81851              121.81851
              1       64.815752      0.83816201       1.1409809         12.996436           11.640121      0.67551719     -0.64271977       5.6245903        5.6245903       118.38232              118.38232
              1       64.257422      0.83816201       1.1399912          13.00161           11.627292      0.67222529     -0.64942859       5.6245903        5.6245903       117.26566              117.26566
              2       64.051269      0.83816201       1.1342001         13.006184           11.630357      0.67819891     -0.66963736       5.6245903        5.6245903       116.85336              116.85336
              2       62.804291      0.83816201       1.1592957         13.002306           11.634682      0.66526706     -0.69300462       5.6245903        5.6245903        114.3594               114.3594
              2       62.808605      0.83816201       1.1615985         13.000882           11.633757      0.66681113     -0.69368955       5.6245903        5.6245903       114.36803              114.36803
              1       62.731386      0.83816201       1.1650152         12.997872           11.630242      0.66393677     -0.69688569       5.6245903        5.6245903       114.21359              114.21359
              2       63.035278      0.83816201       1.1716353         12.999447           11.629746      0.66124377     -0.68387422       5.6245903        5.6245903       114.82138              114.82138
              3       63.004277      0.83816201       1.1735772         12.999956           11.631472      0.65978355     -0.68605426       5.6245903        5.6245903       114.75937              114.75937
              3       62.920771      0.83816201       1.1727178         13.002332           11.632471      0.65969861     -0.69342274       5.6245903        5.6245903       114.59236              114.59236
              2       62.959608      0.83816201       1.1685016         12.998117           11.625021      0.66538602     -0.70267027       5.6245903        5.6245903       114.67004              114.67004
              2       62.738326      0.83816201        1.163932         12.989384           11.616789      0.67322576     -0.72049592       5.6245903        5.6245903       114.22747              114.22747
              3       62.361832      0.83816201       1.1683237          12.98727           11.619209      0.67243137     -0.72334586       5.6245903        5.6245903       113.47448              113.47448
              1       62.292203      0.83816201       1.1646844          12.98673            11.61963      0.67111303     -0.72445296       5.6245903        5.6245903       113.33523              113.33523
              2       62.300983      0.83816201       1.1621966         12.984058           11.617141      0.67496748     -0.72331712       5.6245903        5.6245903       113.35278              113.35278
              2       63.094414      0.83816201       1.1775074         12.980769           11.621824      0.67938817     -0.73968216       5.6245903        5.6245903       114.93965              114.93965
              1       62.547617      0.83816201       1.1962423         12.982137           11.612309      0.67699613     -0.73673131       5.6245903        5.6245903       113.84605              113.84605
              1       61.963535      0.83816201       1.1825355         12.970667            11.60516      0.66411019     -0.76244058       5.6245903        5.6245903       112.67789              112.67789
              1        62.23294      0.83816201       1.1930614         12.970463           11.606251      0.67463312     -0.78875595       5.6245903        5.6245903        113.2167               113.2167
              2       62.202181      0.83816201       1.1859821         12.972706           11.602198      0.67177065     -0.79690807       5.6245903        5.6245903       113.15518              113.15518
              5       62.119458      0.83816201       1.1869883         12.970449            11.60111      0.67127573      -0.7974077       5.6245903        5.6245903       112.98973              112.98973
              1       62.019295      0.83816201       1.1821206          12.96598           11.603527      0.66671918     -0.80260893       5.6245903        5.6245903       112.78941              112.78941
              1        61.71091      0.83816201       1.1545386         12.957861           11.595895      0.67426371     -0.78951784       5.6245903        5.6245903       112.17264              112.17264
              1       61.750087      0.83816201       1.1529789         12.958683           11.598282      0.67322226     -0.78279818       5.6245903        5.6245903       112.25099              112.25099
              1       62.167275      0.83816201       1.1677085         12.951647           11.595329      0.67173069     -0.77266538       5.6245903        5.6245903       113.08537              113.08537
              4       61.785541      0.83816201       1.1672236         12.956986           11.594671      0.67393465     -0.77766833       5.6245903        5.6245903        112.3219               112.3219
              1       61.628629      0.83816201       1.1616047         12.956462           11.595308      0.66006091     -0.80414188       5.6245903        5.6245903       112.00808              112.00808
              3        62.96973      0.83816201       1.1837288         12.960304           11.585662      0.65351449     -0.79634619       5.6245903        5.6245903       114.69028              114.69028
              3        63.22513      0.83816201       1.2246274         12.957405           11.582734      0.63983718     -0.78470005       5.6245903        5.6245903       115.20108              115.20108
              3       63.656922      0.83816201       1.2228787         12.955366           11.578993      0.64092182     -0.77925665       5.6245903        5.6245903       116.06466              116.06466
              1        63.75816      0.83816201       1.2268163         12.955933           11.579203      0.64078615     -0.77589971       5.6245903        5.6245903       116.26714              116.26714
              3       62.294146      0.83816201       1.2273681         12.945482           11.579495      0.64296239      -0.7692114       5.6245903        5.6245903       113.33911              113.33911
              1        62.55207      0.83816201        1.227697          12.94937           11.580243      0.64191351     -0.76662816       5.6245903        5.6245903       113.85496              113.85496
              1       63.360634      0.83816201       1.2557219         12.953243           11.578844       0.6482486      -0.7816056       5.6245903        5.6245903       115.47209              115.47209
              3       62.835256      0.83816201       1.2564657         12.952508           11.583079      0.65382649     -0.77312021       5.6245903        5.6245903       114.42133              114.42133
              1       62.790815      0.83816201       1.2563373         12.952438           11.584061      0.65352701     -0.77430676       5.6245903        5.6245903       114.33245              114.33245
              1       62.795466      0.83816201       1.2563795         12.953626            11.58575      0.65359574     -0.77551033       5.6245903        5.6245903       114.34175              114.34175
              1       63.371592      0.83816201       1.2314038         12.956487           11.580521      0.66590541     -0.79163244       5.6245903        5.6245903         115.494                115.494
              8       63.521612      0.83816201       1.2603882          12.95412           11.579614      0.67722526     -0.80246457       5.6245903        5.6245903       115.79404              115.79404
              3       64.581179      0.83816201       1.2738336          12.95484           11.576636      0.68983227     -0.81290743       5.6245903        5.6245903       117.91318              117.91318
              3       63.823765      0.83816201       1.2652281         12.951882           11.577853      0.69212765     -0.76968878       5.6245903        5.6245903       116.39835              116.39835
              3       64.474755      0.83816201       1.2761055         12.953211           11.575687       0.6911151     -0.76669975       5.6245903        5.6245903       117.70033              117.70033
              1       64.963994      0.83816201        1.277291         12.951212           11.571256      0.68840737     -0.77635181       5.6245903        5.6245903       118.67881              118.67881
              1       65.547516      0.83816201       1.2887682         12.947339           11.584119       0.7089123     -0.81836039       5.6245903        5.6245903       119.84585              119.84585
              1       65.169606      0.83816201       1.2858355         12.948015           11.581819      0.71124451     -0.81767454       5.6245903        5.6245903       119.09003              119.09003
              2       65.007118      0.83816201       1.2790351         12.948932           11.583031      0.71023335     -0.82036082       5.6245903        5.6245903       118.76506              118.76506
              2       64.715853      0.83816201       1.2668932         12.957776           11.587631      0.71399165     -0.81099411       5.6245903        5.6245903       118.18252              118.18252
              2       65.431666      0.83816201       1.2612691         12.954322           11.591606       0.7167815     -0.81752679       5.6245903        5.6245903       119.61415              119.61415
              2       65.275125      0.83816201       1.2597243         12.954099           11.590705      0.71708369     -0.81740344       5.6245903        5.6245903       119.30107              119.30107
              1       64.961784      0.83816201       1.2620534         12.953028            11.58252      0.71938586     -0.82044429       5.6245903        5.6245903       118.67439              118.67439
              1       64.670475      0.83816201       1.2563892         12.949483           11.581682      0.71811143     -0.81462493       5.6245903        5.6245903       118.09177              118.09177
              1       64.558875      0.83760052       1.2563892         12.949483           11.581682      0.71811143     -0.81462493       5.6245903        5.6245903       117.86857              117.86857
              2       64.744096      0.83760052       1.2371911         12.954832           11.577685      0.70475271     -0.83428063       5.6245903        5.6245903       118.23901              118.23901
              1       65.715988      0.83760052       1.2487179         12.957642           11.575309      0.69836388     -0.82317965       5.6245903        5.6245903       120.18279              120.18279
              2       65.163002      0.83760052       1.2582328         12.960106           11.579727       0.6972345     -0.82904942       5.6245903        5.6245903       119.07682              119.07682
              1       65.027567      0.83760052       1.2489232         12.962635           11.583924      0.70560122     -0.83369568       5.6245903        5.6245903       118.80595              118.80595
              1       64.785395      0.83760052        1.249187         12.960735           11.583779      0.70585082     -0.83708837       5.6245903        5.6245903       118.32161              118.32161
              2       64.573051      0.83760052        1.227821         12.964497           11.586122      0.69572506     -0.85055767       5.6245903        5.6245903       117.89692              117.89692
              1       64.211405      0.83760052       1.2240685         12.962354           11.596547      0.70003506     -0.87404995       5.6245903        5.6245903       117.17363              117.17363
              2       64.591438      0.83760052       1.2281743         12.966751           11.590994      0.69325337     -0.89114236       5.6245903        5.6245903        117.9337               117.9337
              1        64.21892      0.83760052       1.2277894         12.964378           11.591469      0.69113272     -0.89092868       5.6245903        5.6245903       117.18866              117.18866
              1       64.142935      0.83760052       1.2203604         12.965723           11.591908      0.69007929     -0.89022684       5.6245903        5.6245903       117.03669              117.03669
              1        63.92473      0.83760052        1.226983         12.969779           11.597271      0.68655086     -0.88583278       5.6245903        5.6245903       116.60028              116.60028
              6       63.424305      0.83760052       1.1897074         12.950217           11.580213      0.67023982     -0.91643853       5.6245903        5.6245903       115.59943              115.59943
              1        63.80198      0.83760052       1.2020174         12.952454           11.580913      0.67567398     -0.91589825       5.6245903        5.6245903       116.35478              116.35478
              1       64.000612      0.83760052       1.2056619         12.954629           11.580598      0.67266766     -0.91238106       5.6245903        5.6245903       116.75204              116.75204
              4        63.39583      0.83760052       1.2026794          12.94744           11.575252      0.67715385     -0.87808845       5.6245903        5.6245903       115.54248              115.54248
              3       62.825068      0.83760052       1.2135679         12.944021            11.58196       0.6719036     -0.87227068       5.6245903        5.6245903       114.40096              114.40096
              2       63.152075      0.83760052       1.2130945         12.949187           11.588725      0.67997124     -0.86131448       5.6245903        5.6245903       115.05497              115.05497
              1       62.916802      0.83760052       1.2123851         12.952169           11.589284      0.67801959     -0.86260175       5.6245903        5.6245903       114.58442              114.58442
              1       62.990835      0.83760052       1.1858558         12.957909           11.594281      0.68780093     -0.87212018       5.6245903        5.6245903       114.73249              114.73249
              1        63.25908      0.83760052       1.1896828         12.960837           11.590531      0.69081674     -0.87120224       5.6245903        5.6245903       115.26898              115.26898
              3       63.250816      0.83760052       1.1916816         12.963171            11.59247      0.69020582     -0.86958363       5.6245903        5.6245903       115.25245              115.25245
              3       63.245614      0.83760052       1.1862037         12.963529            11.59117        0.689256      -0.8600865       5.6245903        5.6245903       115.24205              115.24205
              2       63.190997      0.83760052       1.1858106         12.963415           11.591407      0.68895953      -0.8602191       5.6245903        5.6245903       115.13281              115.13281
              4       62.922439      0.83760052       1.1611844         12.954652           11.584966      0.69325766     -0.84173189       5.6245903        5.6245903        114.5957               114.5957
              4       62.152801      0.83760052       1.1580494         12.946378           11.581414      0.67918028     -0.84759626       5.6245903        5.6245903       113.05642              113.05642
              3       61.985154      0.83760052        1.161277          12.94319           11.582014      0.67848047     -0.84324012       5.6245903        5.6245903       112.72113              112.72113
              1       62.039007      0.83760052       1.1669956         12.945333           11.583756      0.67929618     -0.84163877       5.6245903        5.6245903       112.82883              112.82883
              2       62.442271      0.83760052       1.1709836          12.94356           11.578044      0.68866517     -0.84062139       5.6245903        5.6245903       113.63536              113.63536
              1       62.493593      0.83760052       1.1734264         12.943596           11.583155      0.69040231     -0.84444116       5.6245903        5.6245903       113.73801              113.73801
              2       62.576173      0.83760052       1.1819105         12.947267           11.583148      0.69616386     -0.82843395       5.6245903        5.6245903       113.90317              113.90317
              2       62.749458      0.83760052       1.1875352         12.953136           11.583934      0.69113432     -0.82955623       5.6245903        5.6245903       114.24974              114.24974
              5       62.821433      0.83760052       1.1907598         12.952637           11.583142      0.69142337     -0.83122549       5.6245903        5.6245903       114.39369              114.39369
              1       63.413919      0.83760052       1.2154546          12.95296           11.592045      0.69464551     -0.83716503       5.6245903        5.6245903       115.57866              115.57866
              1       63.644062      0.83760052       1.2439165         12.957465           11.581438      0.67631471     -0.82122068       5.6245903        5.6245903       116.03894              116.03894
              1       64.651502      0.83760052       1.2456012          12.96054           11.579853      0.67575635     -0.82265261       5.6245903        5.6245903       118.05382              118.05382
              4       64.165861      0.83760052       1.2850121         12.956062           11.580085      0.67784258     -0.81902484       5.6245903        5.6245903       117.08254              117.08254
              3       64.990363      0.83760052       1.2872933         12.955517           11.587933      0.68766742     -0.87110241       5.6245903        5.6245903       118.73154              118.73154
              2       64.107254      0.83760052       1.2621195         12.965247           11.590451      0.68042285     -0.86228099       5.6245903        5.6245903       116.96533              116.96533
              1       63.781024      0.83760052       1.2531135         12.960884             11.5897      0.68073197     -0.86686066       5.6245903        5.6245903       116.31287              116.31287
              3       64.091701      0.83760052       1.2538526         12.964085           11.592716      0.68067481     -0.88250508       5.6245903        5.6245903       116.93422              116.93422
              1       64.013696      0.83760052       1.2515123         12.964391           11.589005       0.6803914      -0.8638066       5.6245903        5.6245903       116.77821              116.77821
              1       62.777464      0.83760052       1.2106954         12.957897           11.596466      0.65837969     -0.86390105       5.6245903        5.6245903       114.30575              114.30575
              2        62.40903      0.83760052       1.1922979         12.972067           11.603876      0.66523638     -0.86083104       5.6245903        5.6245903       113.56888              113.56888
              1       64.051489      0.83760052       1.2119148         12.970534           11.610909      0.66375431     -0.88517371       5.6245903        5.6245903        116.8538               116.8538
              1       63.933713      0.83760052       1.2249675         12.969218           11.593173      0.66912754     -0.89612857       5.6245903        5.6245903       116.61825              116.61825
              1       63.733313      0.83760052       1.2539135         12.957994           11.593868      0.66530656     -0.86824123       5.6245903        5.6245903       116.21744              116.21744
              1       63.032802      0.83313956       1.2539135         12.957994           11.593868      0.66530656     -0.86824123       5.6245903        5.6245903       114.81642              114.81642
              4       63.031663      0.83313956       1.2541191         12.958284           11.593763      0.66493637     -0.86818009       5.6245903        5.6245903       114.81415              114.81415
              5       63.235451      0.83313956       1.2598729          12.96148           11.593931      0.66585192     -0.86810241       5.6245903        5.6245903       115.22172              115.22172
              1       63.829473      0.83313956       1.2592942         12.965967           11.592598      0.66346927     -0.87046445       5.6245903        5.6245903       116.40977              116.40977
              3       64.008195      0.83313956       1.2612203         12.968053           11.593668      0.66651321     -0.86977853       5.6245903        5.6245903       116.76721              116.76721
              1       65.121722      0.83313956       1.2521206         12.971445            11.59116       0.6640543     -0.82619479       5.6245903        5.6245903       118.99426              118.99426
              3       62.887514      0.83313956       1.2545901         12.965241           11.603804      0.65259151      -0.8241948       5.6245903        5.6245903       114.52585              114.52585
              1       62.845658      0.83313956       1.2530902         12.971853           11.604729        0.649938     -0.82451937       5.6245903        5.6245903       114.44214              114.44214
              1       62.885974      0.83074604       1.2530902         12.971853           11.604729        0.649938     -0.82451937       5.6245903        5.6245903       114.52277              114.52277
              3       62.776821      0.83074604       1.2484026         12.971372           11.605462       0.6501097     -0.83930694       5.6245903        5.6245903       114.30446              114.30446
              1       62.839744      0.83074604       1.2500964         12.971768           11.604799      0.65210852     -0.83455641       5.6245903        5.6245903       114.43031              114.43031
              2       62.803203      0.83074604       1.2524749         12.966381            11.60666       0.6570494     -0.84088327       5.6245903        5.6245903       114.35722              114.35722
              1       62.522204      0.83074604        1.240799         12.962069           11.603843      0.65643464     -0.83582166       5.6245903        5.6245903       113.79523              113.79523
              1       62.604907      0.83074604       1.2369782         12.961857           11.605428      0.65596027     -0.83461578       5.6245903        5.6245903       113.96063              113.96063
              3       62.786948      0.83074604       1.2371466         12.960283           11.605503      0.65629991     -0.83505267       5.6245903        5.6245903       114.32472              114.32472
              1       62.557916      0.83074604       1.2411438         12.956345           11.600315      0.64489799     -0.81582173       5.6245903        5.6245903       113.86665              113.86665
              1       62.593419      0.83074604       1.2410327         12.956281           11.600406      0.64371432        -0.81856       5.6245903        5.6245903       113.93766              113.93766
              2       62.554648      0.83074604       1.2457967         12.948868           11.587299      0.63665371     -0.80174818       5.6245903        5.6245903       113.86011              113.86011
              1       62.731279      0.83074604       1.2567681         12.949365           11.587744       0.6349704       -0.805422       5.6245903        5.6245903       114.21338              114.21338
              4       62.874236      0.82857766       1.2567681         12.949365           11.587744       0.6349704       -0.805422       5.6245903        5.6245903       114.49929              114.49929
              3       62.874294      0.82857766       1.2567697         12.949364           11.587742        0.634971     -0.80542049       5.6245903        5.6245903       114.49941              114.49941
              3       62.998315      0.82857766       1.2610412         12.955432            11.60229      0.64477491     -0.77506322       5.6245903        5.6245903       114.74745              114.74745
              1       62.637216      0.82857766       1.2543505          12.95421           11.598794      0.64375613     -0.77187312       5.6245903        5.6245903       114.02525              114.02525
              2       62.742662      0.82987277       1.2543505          12.95421           11.598794      0.64375613     -0.77187312       5.6245903        5.6245903       114.23614              114.23614
              1       62.768074      0.82987277       1.2534559         12.953988           11.599032      0.64302198     -0.77398266       5.6245903        5.6245903       114.28697              114.28697
              1         62.5989      0.82987277        1.254913         12.954921           11.591617      0.65188324     -0.79068295       5.6245903        5.6245903       113.94862              113.94862
              3       62.547537      0.82987277       1.2474686         12.947769           11.583742      0.67035188      -0.7769296       5.6245903        5.6245903       113.84589              113.84589
              1       62.466023      0.82987277       1.2477999         12.945738           11.592784      0.66906018     -0.75332994       5.6245903        5.6245903       113.68287              113.68287
              3       63.084237      0.82987277       1.2601057         12.950893           11.598956      0.67610361     -0.75964469       5.6245903        5.6245903       114.91929              114.91929
              3       62.225548      0.82987277       1.2342826         12.955994           11.594073      0.66603156     -0.76752938       5.6245903        5.6245903       113.20192              113.20192
              2       62.059613      0.82987277       1.2356846         12.950262           11.591107      0.66456714     -0.77212616       5.6245903        5.6245903       112.87005              112.87005
              1       63.921977      0.82987277        1.258612         12.957651            11.58613      0.66631299     -0.77405217       5.6245903        5.6245903       116.59477              116.59477
              5       63.123366      0.82987277       1.2614187         12.962134           11.594449      0.66461647      -0.7639849       5.6245903        5.6245903       114.99755              114.99755
              4       63.218089      0.82987277       1.2302086         12.963019           11.594128      0.66989999     -0.75924041       5.6245903        5.6245903         115.187                115.187
              2       63.015628      0.82987277       1.2308554         12.962777           11.594819      0.67103365      -0.7596678       5.6245903        5.6245903       114.78207              114.78207
              1       63.072098        0.842266       1.2308554         12.962777           11.594819      0.67103365      -0.7596678       5.6245903        5.6245903       114.89501              114.89501
              1       63.163523        0.842266       1.2317453         12.962639           11.595481      0.67083067      -0.7599489       5.6245903        5.6245903       115.07786              115.07786
              2       62.932547        0.842266       1.1932708         12.967624           11.604621      0.66509012      -0.7888109       5.6245903        5.6245903       114.61591              114.61591
              2       62.904669        0.842266       1.1935801         12.967605           11.604411      0.66496069     -0.78939877       5.6245903        5.6245903       114.56016              114.56016
              4         62.6304        0.842266        1.191887         12.970033           11.593252      0.65351828      -0.8158121       5.6245903        5.6245903       114.01162              114.01162
              1       63.380994        0.842266       1.1948223         12.968755             11.5882      0.66014956     -0.81942422       5.6245903        5.6245903       115.51281              115.51281
              1       62.969637        0.842266       1.2059906         12.970644           11.592945      0.66148235     -0.82977283       5.6245903        5.6245903       114.69009              114.69009
              2       62.774851        0.842266       1.1896568         12.960375           11.584253      0.65289636     -0.85296886       5.6245903        5.6245903       114.30052              114.30052
              1       62.932507        0.842266       1.2219894         12.961276           11.588263      0.64133465     -0.86622444       5.6245903        5.6245903       114.61583              114.61583
              6       63.706835        0.842266       1.2403711         12.956694           11.579274      0.65331874     -0.87532301       5.6245903        5.6245903       116.16449              116.16449
              2       63.865575        0.842266       1.2393113         12.960537            11.58071      0.64790104     -0.86800915       5.6245903        5.6245903       116.48197              116.48197
              3       62.832196        0.842266       1.2329798         12.928498           11.555272      0.63532742     -0.81885383       5.6245903        5.6245903       114.41521              114.41521
              1       62.573822        0.842266        1.229353         12.924068           11.552705      0.63564811     -0.81297916       5.6245903        5.6245903       113.89846              113.89846
              1        62.60104      0.84196899        1.229353         12.924068           11.552705      0.63564811     -0.81297916       5.6245903        5.6245903        113.9529               113.9529
              4         62.2554      0.84196899       1.2289544         12.917229           11.553419      0.64233924      -0.8340689       5.6245903        5.6245903       113.26162              113.26162
              2       62.252129      0.84196899       1.2289274          12.91745           11.553467      0.64239526      -0.8339908       5.6245903        5.6245903       113.25508              113.25508
              2       62.254177      0.84196899       1.2017401         12.915906           11.551974       0.6566757      -0.8632269       5.6245903        5.6245903       113.25917              113.25917
              2       61.582163      0.84196899       1.1532817         12.913997           11.552527      0.65723654     -0.83278677       5.6245903        5.6245903       111.91515              111.91515
              1       61.893991      0.84196899       1.1399408         12.907711           11.546609      0.66495016     -0.85573999       5.6245903        5.6245903        112.5388               112.5388
              4       63.179111      0.84196899       1.1433186         12.917986           11.547743       0.6806503     -0.84902377       5.6245903        5.6245903       115.10904              115.10904
              4       61.708075      0.84196899       1.1295069         12.916021           11.560442      0.65801128     -0.83178169       5.6245903        5.6245903       112.16697              112.16697
              1       62.813149      0.84196899       1.1288258         12.920683           11.570087      0.66145704     -0.84051992       5.6245903        5.6245903       114.37712              114.37712
              2       62.408246      0.84196899       1.0911919         12.913924           11.565334      0.66026945     -0.81518532       5.6245903        5.6245903       113.56731              113.56731
              2       62.096253      0.84196899       1.0977954         12.917285           11.566389      0.66376375     -0.80034245       5.6245903        5.6245903       112.94333              112.94333
              1       63.024571      0.84196899       1.0887905         12.920112           11.572957      0.66819875     -0.80494076       5.6245903        5.6245903       114.79996              114.79996
              2       62.220364      0.84196899       1.0873995         12.922102           11.570751      0.66912196     -0.80636619       5.6245903        5.6245903       113.19155              113.19155
              1       61.679002      0.84196899       1.0795874         12.928163           11.572737      0.65799838     -0.81768416       5.6245903        5.6245903       112.10882              112.10882
              1       61.618459      0.84196899       1.0818273         12.927721           11.571472      0.65734181     -0.81848373       5.6245903        5.6245903       111.98774              111.98774
              3       61.586063      0.84196899       1.0867868         12.931528           11.571769      0.65941955     -0.82171248       5.6245903        5.6245903       111.92295              111.92295
              1       61.602329      0.84196899       1.0877146         12.934046           11.574108      0.66104837     -0.82284157       5.6245903        5.6245903       111.95548              111.95548
              2       61.980586      0.84196899       1.0836678         12.931975           11.569443      0.66810276     -0.84257649       5.6245903        5.6245903       112.71199              112.71199
              5       62.114366      0.84196899       1.0393002         12.934337           11.577901      0.65553004     -0.86044287       5.6245903        5.6245903       112.97955              112.97955
              1       64.155784      0.84196899       1.0617091         12.920703           11.577958      0.64193697     -0.86132197       5.6245903        5.6245903       117.06239              117.06239
              5        65.28681      0.84196899        1.067115         12.918922           11.579134      0.64586178     -0.85546561       5.6245903        5.6245903       119.32444              119.32444
              1       65.183682      0.84196899        1.085913         12.911365           11.571457      0.65017665     -0.85284865       5.6245903        5.6245903       119.11818              119.11818
              3       62.111932      0.84196899       1.0780442         12.916661           11.566037      0.65571572     -0.83528841       5.6245903        5.6245903       112.97468              112.97468
              3       62.028373      0.84196899       1.0679625         12.916161           11.564847      0.65401454     -0.84057765       5.6245903        5.6245903       112.80757              112.80757
              2       61.863962      0.84196899       1.0676233         12.916466           11.563354      0.65454325     -0.83938356       5.6245903        5.6245903       112.47874              112.47874
              1        62.28061      0.84196899       1.0755107         12.913824           11.560978      0.66476024     -0.86442417       5.6245903        5.6245903       113.31204              113.31204
              4       62.404968      0.84196899       1.0718212         12.917941           11.566475      0.66298777     -0.86099228       5.6245903        5.6245903       113.56076              113.56076
