#        weight    minuslogpost          sigma8        ygk_Ahmc ygk_LOWZ__0_lM1_0 ygk_LOWZ__0_lMmin_0   ygk_mass_bias       ygk_rhogy   minuslogprior minuslogprior__0            chi2 chi2__ygk_like.ygkLike
              1       15.556423      0.84933676       1.5338159         13.492782           12.195934      0.68992293     -0.25707024       4.7409248        4.7409248       21.630996              21.630996
              3       15.594785      0.84933676       1.5344694         13.491044           12.196458      0.69676415     -0.25916902       4.7409248        4.7409248        21.70772               21.70772
              1       15.493999      0.84933676       1.5344586         13.493287           12.195552      0.69697846     -0.25990434       4.7409248        4.7409248       21.506149              21.506149
              1       15.567378      0.84933676       1.5366765         13.498488            12.19557      0.69053408       -0.245969       4.7409248        4.7409248       21.652907              21.652907
              1       15.722825      0.85373465       1.5366765         13.498488            12.19557      0.69053408       -0.245969       4.7409248        4.7409248       21.963801              21.963801
              1       15.635981      0.85373465       1.5150173         13.502004           12.203749      0.68374703     -0.24698327       4.7409248        4.7409248       21.790112              21.790112
              1       15.572282      0.84534894       1.5150173         13.502004           12.203749      0.68374703     -0.24698327       4.7409248        4.7409248       21.662714              21.662714
              1       16.636911      0.84534894       1.5136944         13.499355           12.207093      0.67991163     -0.24987555       4.7409248        4.7409248       23.791973              23.791973
              1       15.546652      0.84534894       1.5098055         13.503638           12.199841       0.6766219     -0.25604256       4.7409248        4.7409248       21.611454              21.611454
              1       15.571676      0.84534894       1.5038411         13.518543            12.21041      0.67613524      -0.2541006       4.7409248        4.7409248       21.661502              21.661502
              1       15.813467      0.84534894       1.5175235         13.524588           12.206723      0.65599358     -0.24344942       4.7409248        4.7409248       22.145084              22.145084
              3       15.819903      0.84534894       1.4909006         13.515579           12.199901      0.64840617     -0.22084738       4.7409248        4.7409248       22.157956              22.157956
              1       15.735274      0.84780102       1.4909006         13.515579           12.199901      0.64840617     -0.22084738       4.7409248        4.7409248       21.988699              21.988699
              1       15.597249      0.84780102       1.4815878         13.513971           12.202538      0.65462212      -0.2298726       4.7409248        4.7409248       21.712648              21.712648
              2       15.593874      0.84780102       1.4814826         13.513826            12.20261      0.65461617     -0.22972115       4.7409248        4.7409248       21.705898              21.705898
              2       17.529312      0.84780102       1.4803575         13.512543            12.20582      0.63313769     -0.23619054       4.7409248        4.7409248       25.576775              25.576775
              2       17.720447      0.84780102       1.4808872           13.5104           12.204182      0.63683654     -0.24895049       4.7409248        4.7409248       25.959045              25.959045
              1       18.599215      0.84780102       1.4856385         13.514919           12.209897      0.63750351      -0.2500523       4.7409248        4.7409248        27.71658               27.71658
              2       19.204731      0.84780102       1.4815624         13.515516            12.21265      0.63821802     -0.25046802       4.7409248        4.7409248       28.927612              28.927612
              1       19.232674      0.84780102         1.48165         13.515424           12.212759      0.63845034     -0.25046042       4.7409248        4.7409248       28.983498              28.983498
              3       19.249959      0.84737904         1.48165         13.515424           12.212759      0.63845034     -0.25046042       4.7409248        4.7409248       29.018069              29.018069
              6       19.042676      0.84737904       1.4823349         13.516662           12.213114      0.63848721     -0.24962662       4.7409248        4.7409248       28.603503              28.603503
              1       18.909004      0.85073756       1.4823349         13.516662           12.213114      0.63848721     -0.24962662       4.7409248        4.7409248       28.336158              28.336158
              1       18.534876       0.8667827       1.4823349         13.516662           12.213114      0.63848721     -0.24962662       4.7409248        4.7409248       27.587903              27.587903
              1       19.113199       0.8667827       1.4881673          13.51433           12.211066      0.63706798     -0.25467635       4.7409248        4.7409248       28.744548              28.744548
              4       15.908774       0.8667827       1.4885522         13.508172           12.195819      0.63523541     -0.24469006       4.7409248        4.7409248       22.335699              22.335699
              2       15.705309       0.8667827       1.4866518          13.50961           12.196076      0.63662905     -0.24327821       4.7409248        4.7409248       21.928769              21.928769
              1       15.691025       0.8693146       1.4866518          13.50961           12.196076      0.63662905     -0.24327821       4.7409248        4.7409248       21.900201              21.900201
              1         16.1734       0.8693146       1.4885521         13.513571           12.201309      0.63482156     -0.24392632       4.7409248        4.7409248       22.864951              22.864951
              1       15.535664       0.8693146       1.4967191         13.515566            12.19947      0.64147374      -0.2411972       4.7409248        4.7409248       21.589479              21.589479
              1       15.885766       0.8693146       1.5000893         13.521212           12.190886      0.62744665     -0.22700482       4.7409248        4.7409248       22.289682              22.289682
              1       15.941931       0.8693146       1.5004457         13.521537           12.190853      0.62791112     -0.22666518       4.7409248        4.7409248       22.402013              22.402013
              1       15.863063       0.8693146       1.5130092         13.522345           12.200638      0.62705983     -0.23850765       4.7409248        4.7409248       22.244277              22.244277
              1       16.011742      0.86302675       1.5130092         13.522345           12.200638      0.62705983     -0.23850765       4.7409248        4.7409248       22.541634              22.541634
              1       16.209744      0.86302675        1.505703         13.531435           12.208693      0.62724385     -0.23899552       4.7409248        4.7409248       22.937638              22.937638
              2        16.16059      0.86302675       1.5117128         13.540158           12.204931      0.61267994     -0.23408635       4.7409248        4.7409248        22.83933               22.83933
              1       16.230568      0.86302675       1.5186888         13.540405           12.205051      0.61303153     -0.23665047       4.7409248        4.7409248       22.979286              22.979286
              3       16.934828      0.86302675        1.516612         13.548891           12.198649      0.61638301     -0.24132135       4.7409248        4.7409248       24.387807              24.387807
              1        17.76979      0.86302675       1.5239373          13.58443           12.217275      0.59648267     -0.21982213       4.7409248        4.7409248       26.057731              26.057731
              2       17.865538      0.86302675       1.5247333         13.584883           12.218128       0.6015655     -0.21687615       4.7409248        4.7409248       26.249227              26.249227
              1       17.323055      0.87370122       1.5247333         13.584883           12.218128       0.6015655     -0.21687615       4.7409248        4.7409248        25.16426               25.16426
              1       17.277853      0.87370122       1.5236317         13.583465           12.217861      0.60286187     -0.21643328       4.7409248        4.7409248       25.073857              25.073857
              1       17.234107      0.87370122       1.5201808         13.579801           12.213676       0.5959885     -0.21914905       4.7409248        4.7409248       24.986364              24.986364
              1       17.181408      0.87370122       1.5021457         13.583386           12.234986      0.58141181     -0.19701128       4.7409248        4.7409248       24.880967              24.880967
              1       16.406839      0.87370122       1.5068149         13.583354           12.226589       0.5798933     -0.18612006       4.7409248        4.7409248       23.331829              23.331829
              1       18.172034      0.87370122       1.4823746          13.57673           12.236889      0.57754446     -0.18808119       4.7409248        4.7409248       26.862218              26.862218
              2       17.912594      0.87991956       1.4823746          13.57673           12.236889      0.57754446     -0.18808119       4.7409248        4.7409248       26.343339              26.343339
              2       16.487231      0.87991956       1.4794177         13.585721           12.235752      0.57891631     -0.18921198       4.7409248        4.7409248       23.492613              23.492613
              1       16.520574      0.87991956       1.4794821         13.585816             12.2359       0.5785934     -0.18916801       4.7409248        4.7409248       23.559298              23.559298
              2       16.168912      0.87991956       1.4600542         13.583315           12.231738      0.57802953     -0.18550106       4.7409248        4.7409248       22.855974              22.855974
              1       16.161975      0.87991956       1.4591287         13.587099           12.232949      0.57892112     -0.18631169       4.7409248        4.7409248       22.842101              22.842101
              1       16.771847      0.87991956       1.4579019         13.587496           12.223269      0.57257662      -0.2045047       4.7409248        4.7409248       24.061844              24.061844
              2       16.661718      0.87991956       1.4566486         13.585161           12.228424      0.57192059     -0.20698565       4.7409248        4.7409248       23.841586              23.841586
              1       16.924295      0.87991956        1.455083         13.580963           12.229885      0.57320371     -0.20870897       4.7409248        4.7409248       24.366741              24.366741
              3       16.452955      0.87991956       1.4443352         13.586258           12.238212      0.58144876     -0.19864691       4.7409248        4.7409248        23.42406               23.42406
              1       16.766265      0.87991956       1.4493159         13.580789            12.23839      0.58087455     -0.19012606       4.7409248        4.7409248       24.050681              24.050681
              2       16.947419      0.87546621       1.4493159         13.580789            12.23839      0.58087455     -0.19012606       4.7409248        4.7409248       24.412988              24.412988
              2       17.244464      0.87546621       1.4523385         13.592631           12.227925      0.58263301     -0.19305478       4.7409248        4.7409248       25.007079              25.007079
              1        17.23507      0.87546621       1.4525949         13.592524           12.227891       0.5826846     -0.19306649       4.7409248        4.7409248       24.988291              24.988291
              3       16.780966      0.89610859       1.4525949         13.592524           12.227891       0.5826846     -0.19306649       4.7409248        4.7409248       24.080082              24.080082
              2       16.838892      0.88689777       1.4525949         13.592524           12.227891       0.5826846     -0.19306649       4.7409248        4.7409248       24.195935              24.195935
              1       16.247509      0.88689777       1.4528369         13.586837           12.227805      0.58138018     -0.19093215       4.7409248        4.7409248       23.013169              23.013169
              1       15.876829      0.88689777       1.4538541         13.580103           12.229665      0.58609408     -0.20603543       4.7409248        4.7409248       22.271808              22.271808
              1       15.848092      0.88689777       1.4531231         13.579876            12.23135      0.58847548     -0.20503278       4.7409248        4.7409248       22.214335              22.214335
              1       15.854146      0.88689777       1.4538888         13.579665           12.231383      0.58838577     -0.20466712       4.7409248        4.7409248       22.226443              22.226443
              1       15.799209      0.88689777       1.4537372         13.579556           12.229315      0.59035817     -0.20374508       4.7409248        4.7409248       22.116568              22.116568
              1       15.799258      0.88689777       1.4557308         13.583308           12.232367      0.59450942     -0.20500499       4.7409248        4.7409248       22.116666              22.116666
              1       16.266709      0.88689777       1.4561497         13.572038           12.235586      0.60022338     -0.21127734       4.7409248        4.7409248       23.051568              23.051568
              1        17.03178      0.88689777       1.4523675          13.57036           12.240659      0.60192543     -0.20436127       4.7409248        4.7409248       24.581711              24.581711
              1       17.031806      0.88676426       1.4523675          13.57036           12.240659      0.60192543     -0.20436127       4.7409248        4.7409248       24.581762              24.581762
              1       16.466147      0.88676426       1.4518114         13.572384           12.239745      0.60369238     -0.20622285       4.7409248        4.7409248       23.450444              23.450444
              1       17.123072      0.88676426       1.4500687         13.570014           12.242084      0.60585628      -0.2073724       4.7409248        4.7409248       24.764294              24.764294
              1       15.918127      0.88676426       1.4469568         13.569564           12.237901      0.61159565     -0.19943189       4.7409248        4.7409248       22.354405              22.354405
              2       16.018519      0.88676426       1.4456967         13.572653           12.241281      0.61122857     -0.19770441       4.7409248        4.7409248       22.555189              22.555189
              1       15.996717       0.8856876       1.4456967         13.572653           12.241281      0.61122857     -0.19770441       4.7409248        4.7409248       22.511585              22.511585
              1       16.221129       0.8856876       1.4431178         13.586233           12.246615      0.61430691     -0.17453397       4.7409248        4.7409248       22.960408              22.960408
              1       16.108143       0.8856876        1.432349         13.587129           12.255225      0.61109391      -0.1778128       4.7409248        4.7409248       22.734436              22.734436
              2       15.906938       0.8856876       1.4394983         13.600304           12.256725      0.60085759     -0.18372415       4.7409248        4.7409248       22.332027              22.332027
              1       16.156612      0.89683529       1.4394983         13.600304           12.256725      0.60085759     -0.18372415       4.7409248        4.7409248       22.831374              22.831374
              1       17.207346      0.89683529       1.4414176         13.594333            12.25821      0.59211332     -0.17919126       4.7409248        4.7409248       24.932842              24.932842
              1       15.990468      0.89683529       1.4403763         13.595164           12.249394      0.59429347     -0.18226992       4.7409248        4.7409248       22.499087              22.499087
              1       16.166752      0.89683529       1.4413931         13.598075           12.248869       0.5971392     -0.17831078       4.7409248        4.7409248       22.851655              22.851655
              1        16.25474      0.89683529       1.4485537         13.588159           12.248341      0.60342341     -0.17744543       4.7409248        4.7409248        23.02763               23.02763
              1       16.475643      0.89683529       1.4386133         13.583799           12.249107      0.60753507     -0.17454055       4.7409248        4.7409248       23.469437              23.469437
              1       16.311623      0.89442316       1.4386133         13.583799           12.249107      0.60753507     -0.17454055       4.7409248        4.7409248       23.141396              23.141396
              2        16.15243      0.89442316       1.4389257         13.579747           12.243775      0.59921168     -0.16636553       4.7409248        4.7409248       22.823011              22.823011
              4       16.053152      0.89442316         1.43958         13.578111            12.24107      0.59616404     -0.16805633       4.7409248        4.7409248       22.624454              22.624454
              2       16.136078      0.89442316       1.4316531         13.576442           12.238591      0.60143405     -0.17504167       4.7409248        4.7409248       22.790307              22.790307
              1       16.017603      0.89442316       1.4290488          13.57693           12.239726      0.59820304     -0.17498189       4.7409248        4.7409248       22.553357              22.553357
              1       15.801872      0.87426881       1.4290488          13.57693           12.239726      0.59820304     -0.17498189       4.7409248        4.7409248       22.121895              22.121895
              1       15.812488      0.87426881        1.430249         13.579725           12.239803      0.59770514     -0.17391242       4.7409248        4.7409248       22.143127              22.143127
              4         15.8233      0.87426881       1.4307361          13.57795           12.241939      0.59786833     -0.16989925       4.7409248        4.7409248        22.16475               22.16475
              1       15.901867      0.87426881       1.4365905         13.577368           12.243835      0.59967396     -0.16872276       4.7409248        4.7409248       22.321885              22.321885
              1       15.996041      0.87426881       1.4282896         13.576378           12.253303      0.62565144      -0.1830319       4.7409248        4.7409248       22.510232              22.510232
              1       15.797493      0.87426881       1.4354564         13.583171           12.250034      0.61960711     -0.20079571       4.7409248        4.7409248       22.113137              22.113137
              2       15.815674      0.88000166       1.4354564         13.583171           12.250034      0.61960711     -0.20079571       4.7409248        4.7409248       22.149498              22.149498
              1       15.818523      0.88000166       1.4354616         13.583111           12.250039      0.61960001     -0.20079643       4.7409248        4.7409248       22.155196              22.155196
              2       15.912016      0.88000166       1.4309087         13.581269           12.250569      0.63192767     -0.19891238       4.7409248        4.7409248       22.342183              22.342183
              1       16.025857      0.88232841       1.4309087         13.581269           12.250569      0.63192767     -0.19891238       4.7409248        4.7409248       22.569864              22.569864
              2       16.127226      0.88232841       1.4262926         13.581329           12.252453       0.6275073     -0.18161563       4.7409248        4.7409248       22.772602              22.772602
              1       15.871546      0.88232841       1.4343004         13.572197           12.242314      0.62205527     -0.19074882       4.7409248        4.7409248       22.261243              22.261243
              2       16.489772      0.88232841       1.4320808         13.572342           12.247812      0.61492406     -0.19468586       4.7409248        4.7409248       23.497694              23.497694
              2       16.496966      0.88284333       1.4320808         13.572342           12.247812      0.61492406     -0.19468586       4.7409248        4.7409248       23.512082              23.512082
              1       15.954054      0.88284333       1.4333559         13.574599           12.244699      0.61339996      -0.1946123       4.7409248        4.7409248       22.426258              22.426258
              2       16.318477      0.89359586       1.4333559         13.574599           12.244699      0.61339996      -0.1946123       4.7409248        4.7409248       23.155104              23.155104
              2       16.352977      0.89359586       1.4306051         13.588023           12.254384      0.61186314     -0.18077784       4.7409248        4.7409248       23.224105              23.224105
              3       16.397756      0.89359586       1.4299623         13.585907           12.252185      0.61285552     -0.17720247       4.7409248        4.7409248       23.313662              23.313662
              2       16.434781      0.89359586       1.4296792         13.585969           12.251119      0.61353074      -0.1771155       4.7409248        4.7409248       23.387713              23.387713
              1       16.440088      0.89359586       1.4280867         13.589035           12.253225      0.61684648      -0.1844157       4.7409248        4.7409248       23.398327              23.398327
              2        16.36676      0.89359586       1.4189906         13.590197           12.254245      0.61432714     -0.18279344       4.7409248        4.7409248        23.25167               23.25167
              2       16.589487      0.89359586       1.4149257         13.591226           12.255913      0.61824757     -0.18167585       4.7409248        4.7409248       23.697124              23.697124
              1       17.939463      0.90541184       1.4149257         13.591226           12.255913      0.61824757     -0.18167585       4.7409248        4.7409248       26.397077              26.397077
              3       17.866971      0.90541184       1.4144665         13.590158           12.256293      0.61741019      -0.1799916       4.7409248        4.7409248       26.252093              26.252093
              1         18.5055      0.90541184       1.4262342         13.597818           12.271011      0.63320139      -0.2056744       4.7409248        4.7409248       27.529151              27.529151
              3       20.705298      0.90541184         1.41888         13.588134           12.273716      0.63300158      -0.2105053       4.7409248        4.7409248       31.928747              31.928747
              3       21.806019      0.91387729         1.41888         13.588134           12.273716      0.63300158      -0.2105053       4.7409248        4.7409248       34.130188              34.130188
              2       21.522706      0.91387729       1.4190364         13.600658           12.281102      0.63097423     -0.21624917       4.7409248        4.7409248       33.563563              33.563563
              1       21.399761      0.91387729       1.4205374         13.601732           12.281549      0.63026844     -0.21304398       4.7409248        4.7409248       33.317673              33.317673
              1       22.202687      0.91387729       1.4262923         13.608485           12.277285       0.6542759     -0.21211918       4.7409248        4.7409248       34.923525              34.923525
              2       22.285352      0.91387729       1.4231222         13.610135           12.276841      0.65377246     -0.21222173       4.7409248        4.7409248       35.088855              35.088855
              1        20.98443      0.91387729       1.4207753         13.603373           12.276466      0.64625613      -0.2099872       4.7409248        4.7409248       32.487011              32.487011
              1        20.66237      0.91387729       1.4218398         13.604687           12.276026      0.64445855     -0.21101316       4.7409248        4.7409248       31.842891              31.842891
              1       21.091918      0.91566843       1.4218398         13.604687           12.276026      0.64445855     -0.21101316       4.7409248        4.7409248       32.701986              32.701986
              1       21.306165      0.91566843        1.423449         13.608678           12.279425      0.64269618     -0.20260219       4.7409248        4.7409248        33.13048               33.13048
              2       21.502003      0.91566843       1.4089907         13.581759           12.266987      0.63535123     -0.23070347       4.7409248        4.7409248       33.522156              33.522156
              1       20.348795      0.91566843       1.3860817         13.601296           12.264449      0.64707209     -0.23957235       4.7409248        4.7409248        31.21574               31.21574
              3       19.387616      0.91566843        1.393171         13.606979           12.266197      0.64481511     -0.24884778       4.7409248        4.7409248       29.293383              29.293383
              1       17.671554      0.90525337        1.393171         13.606979           12.266197      0.64481511     -0.24884778       4.7409248        4.7409248       25.861259              25.861259
              1       18.010126      0.90525337       1.3928366         13.609359           12.266987      0.64697886     -0.24841018       4.7409248        4.7409248       26.538403              26.538403
              2       19.659945      0.90525337       1.3822423           13.6004           12.281397      0.65029339     -0.25016592       4.7409248        4.7409248        29.83804               29.83804
              1       20.692686      0.90525337       1.3864921         13.597951           12.283548      0.65149055     -0.24339792       4.7409248        4.7409248       31.903523              31.903523
              4       18.773223      0.90525337       1.3739428         13.600794           12.278778      0.64585376     -0.23197572       4.7409248        4.7409248       28.064596              28.064596
              2       18.941782      0.90525337       1.3738833         13.599082           12.278489      0.64369642     -0.23416384       4.7409248        4.7409248       28.401714              28.401714
              1       19.113064      0.90525337       1.3713723           13.6009            12.28067      0.64331538     -0.23543045       4.7409248        4.7409248       28.744279              28.744279
              2       19.091507      0.90525337       1.3713745         13.601059           12.280682       0.6432388     -0.23543515       4.7409248        4.7409248       28.701164              28.701164
              2       18.447169      0.90525337       1.3804137         13.598546           12.274804      0.63715729      -0.2313365       4.7409248        4.7409248       27.412489              27.412489
              1       18.558389      0.90525337        1.378496         13.598474           12.275668       0.6367811     -0.22647153       4.7409248        4.7409248       27.634929              27.634929
              2       19.189361      0.90525337       1.3906788          13.60482           12.280768      0.65075558     -0.22139949       4.7409248        4.7409248       28.896873              28.896873
              1       19.255375      0.90525337       1.3938736         13.610292           12.276519      0.65095884     -0.22144621       4.7409248        4.7409248         29.0289                29.0289
              1        19.26049      0.90525337       1.3923783         13.609169           12.273444      0.64335217     -0.20861484       4.7409248        4.7409248        29.03913               29.03913
              1       17.969313      0.90525337        1.388301         13.612792           12.274684      0.63468552     -0.21361338       4.7409248        4.7409248       26.456776              26.456776
              3       18.439478      0.90828044        1.388301         13.612792           12.274684      0.63468552     -0.21361338       4.7409248        4.7409248       27.397106              27.397106
              1        17.94945      0.90828044       1.3968414          13.62103           12.284058        0.614876     -0.20783764       4.7409248        4.7409248        26.41705               26.41705
              1       18.663107      0.90828044       1.3975406         13.618752           12.285933      0.61566549     -0.20595912       4.7409248        4.7409248       27.844364              27.844364
              3       18.587408      0.90726845       1.3975406         13.618752           12.285933      0.61566549     -0.20595912       4.7409248        4.7409248       27.692966              27.692966
              1       18.595189      0.90726845       1.4010351         13.615983           12.283898      0.61392985     -0.20091827       4.7409248        4.7409248       27.708528              27.708528
              1       18.873392      0.90726845       1.3992291         13.612023           12.284109      0.62190383     -0.19901066       4.7409248        4.7409248       28.264934              28.264934
              2       18.901102      0.90754111       1.3992291         13.612023           12.284109      0.62190383     -0.19901066       4.7409248        4.7409248       28.320355              28.320355
              1        18.69111      0.90754111        1.399547         13.605202           12.277625       0.6204542     -0.20609365       4.7409248        4.7409248        27.90037               27.90037
              2       18.065489      0.90754111       1.3962636         13.605907           12.275265      0.61977028     -0.20461898       4.7409248        4.7409248       26.649129              26.649129
              1        17.94526      0.90754111       1.4040977         13.598167           12.268356      0.61689031     -0.19431632       4.7409248        4.7409248        26.40867               26.40867
              1       18.540949      0.90754111        1.404278         13.592227           12.267802      0.62062223     -0.19824383       4.7409248        4.7409248       27.600048              27.600048
              1       18.912715      0.90754111       1.4076624          13.59222           12.268619      0.61751866     -0.20114228       4.7409248        4.7409248       28.343581              28.343581
              1       19.286167      0.90754111       1.4096815          13.60108           12.248901      0.62113428     -0.20823308       4.7409248        4.7409248       29.090485              29.090485
              1       18.061572      0.90754111       1.4011396          13.59681           12.245116      0.61241095     -0.20992297       4.7409248        4.7409248       26.641294              26.641294
              1       18.111457      0.90797057       1.4011396          13.59681           12.245116      0.61241095     -0.20992297       4.7409248        4.7409248       26.741065              26.741065
              1       18.981976      0.90797057       1.4023252         13.596831           12.239758      0.61208099     -0.21493621       4.7409248        4.7409248       28.482102              28.482102
              1       18.044368      0.90797057       1.3946816         13.609765           12.246843      0.60662294      -0.2239021       4.7409248        4.7409248       26.606886              26.606886
              2       17.760175      0.90797057        1.396221         13.610161           12.246489      0.60337071     -0.22294394       4.7409248        4.7409248         26.0385                26.0385
              3       16.569842      0.90797057       1.3736151         13.597167           12.240101      0.59241824     -0.22079696       4.7409248        4.7409248       23.657835              23.657835
              1        16.74003      0.91140106       1.3736151         13.597167           12.240101      0.59241824     -0.22079696       4.7409248        4.7409248        23.99821               23.99821
              1       17.418119      0.91140106       1.3675525         13.593358           12.233547      0.59783178     -0.23559242       4.7409248        4.7409248       25.354389              25.354389
              1       16.405148      0.91140106       1.3782649         13.607235           12.239605      0.58821596     -0.24975654       4.7409248        4.7409248       23.328447              23.328447
              1       16.239803      0.91140106       1.3842454          13.59769           12.245086      0.58815512     -0.25219953       4.7409248        4.7409248       22.997757              22.997757
              3       15.863766      0.91140106       1.3708201          13.59211           12.234864      0.59347157     -0.26864041       4.7409248        4.7409248       22.245682              22.245682
              1       15.904671      0.91384132       1.3708201          13.59211           12.234864      0.59347157     -0.26864041       4.7409248        4.7409248       22.327493              22.327493
              2       17.243331      0.91384132       1.3661341         13.593054           12.242558      0.58237647     -0.27350588       4.7409248        4.7409248       25.004812              25.004812
              2       17.217784      0.91384132        1.364641         13.592877           12.241834      0.58146994     -0.27454329       4.7409248        4.7409248       24.953718              24.953718
              1        17.68484      0.91384132       1.3654737          13.59391            12.24373      0.58130289     -0.27709441       4.7409248        4.7409248       25.887831              25.887831
              1       16.388838      0.91384132       1.3591844         13.596559           12.244267      0.59219653     -0.27838899       4.7409248        4.7409248       23.295826              23.295826
              2       16.422447      0.91384132       1.3598295         13.595214           12.243659      0.59282776     -0.27921569       4.7409248        4.7409248       23.363045              23.363045
              1       16.383411      0.91384132       1.3547581         13.595022           12.245956      0.60023592     -0.28248119       4.7409248        4.7409248       23.284972              23.284972
              1       16.293579      0.91384132       1.3541423         13.596383           12.246005      0.59973869     -0.28269843       4.7409248        4.7409248       23.105309              23.105309
              7       16.259982      0.91384132        1.349834          13.59456           12.245003      0.59852529     -0.27935743       4.7409248        4.7409248       23.038114              23.038114
              2        16.28214      0.89641051        1.349834          13.59456           12.245003      0.59852529     -0.27935743       4.7409248        4.7409248        23.08243               23.08243
              1       16.233762      0.89641051       1.3584888          13.59907           12.244629      0.59399229     -0.27609992       4.7409248        4.7409248       22.985675              22.985675
