#        weight    minuslogpost          sigma8        ygk_Ahmc ygk_LOWZ__0_lM1_0 ygk_LOWZ__0_lMmin_0   ygk_mass_bias       ygk_rhogy   minuslogprior minuslogprior__0            chi2 chi2__ygk_like.ygkLike
              1       15.783185      0.84255532         1.49077         13.466479           12.173391       0.6710682     -0.26934264       4.7409248        4.7409248        22.08452               22.08452
              1        16.04602      0.84255532       1.4949386         13.459477            12.17087      0.67023932     -0.26726226       4.7409248        4.7409248       22.610191              22.610191
              1       15.910443      0.84255532        1.496246         13.460021           12.170691      0.67181784     -0.26763922       4.7409248        4.7409248       22.339037              22.339037
              1       17.096024      0.84255532       1.5079531         13.482793           12.184998      0.66021336     -0.27510165       4.7409248        4.7409248       24.710198              24.710198
              1       16.199412      0.84255532         1.50234         13.488616           12.186441      0.65871043     -0.26103395       4.7409248        4.7409248       22.916975              22.916975
              1       15.871342      0.84255532       1.5049182         13.490045           12.182709      0.65896968     -0.26018609       4.7409248        4.7409248       22.260833              22.260833
              2       15.633751      0.84848432       1.5049182         13.490045           12.182709      0.65896968     -0.26018609       4.7409248        4.7409248       21.785652              21.785652
              1       15.634716      0.84848432       1.5031454         13.493758           12.183035      0.66585866     -0.26172748       4.7409248        4.7409248       21.787582              21.787582
              1       15.651956      0.84786046       1.5031454         13.493758           12.183035      0.66585866     -0.26172748       4.7409248        4.7409248       21.822062              21.822062
              1       16.373761      0.84786046        1.500172         13.494604           12.176389      0.65924548     -0.25950511       4.7409248        4.7409248       23.265672              23.265672
              1        18.45665      0.84786046       1.4849655         13.494778           12.173413       0.6706588     -0.25485237       4.7409248        4.7409248       27.431451              27.431451
              2       18.417861      0.84786046       1.4844522         13.493364           12.172173      0.67092371     -0.25791966       4.7409248        4.7409248       27.353873              27.353873
              2       18.406885      0.84786046        1.481707         13.498412           12.174798      0.66913021     -0.26100258       4.7409248        4.7409248        27.33192               27.33192
              1       16.732837      0.84786046        1.482112         13.497569           12.181474      0.67008831     -0.25680967       4.7409248        4.7409248       23.983824              23.983824
              1       16.378775      0.84786046       1.4859001         13.496633            12.18212      0.67034514     -0.25845031       4.7409248        4.7409248       23.275701              23.275701
              1       16.604494       0.8402934       1.4859001         13.496633            12.18212      0.67034514     -0.25845031       4.7409248        4.7409248       23.727138              23.727138
              1       16.443641       0.8402934       1.4866415         13.500093           12.183958      0.66316227     -0.25911206       4.7409248        4.7409248       23.405433              23.405433
              2       16.666829       0.8402934       1.4868335         13.502526           12.184407      0.66451971     -0.25966631       4.7409248        4.7409248       23.851809              23.851809
              1       16.681052       0.8402934        1.487138         13.502435           12.184184      0.66428773     -0.25970298       4.7409248        4.7409248       23.880255              23.880255
              1       16.564867       0.8402934       1.4830778         13.502012           12.184356      0.65821991      -0.2550238       4.7409248        4.7409248       23.647884              23.647884
              2       16.272858       0.8402934        1.479886         13.498699           12.184237      0.65632019     -0.26055169       4.7409248        4.7409248       23.063867              23.063867
              1       16.374077       0.8402934       1.4780478         13.492069           12.179302      0.66068076     -0.25690951       4.7409248        4.7409248       23.266304              23.266304
              2        16.39051      0.83997841       1.4780478         13.492069           12.179302      0.66068076     -0.25690951       4.7409248        4.7409248        23.29917               23.29917
              1       15.985851      0.83997841        1.483251         13.499402             12.1894      0.66806412     -0.24838401       4.7409248        4.7409248       22.489852              22.489852
              3       15.940522      0.83997841       1.4897679         13.503841           12.191883      0.66667576     -0.25791804       4.7409248        4.7409248       22.399194              22.399194
              5       16.087129      0.83997841       1.4697635          13.49686           12.186522      0.65664979     -0.25292039       4.7409248        4.7409248       22.692409              22.692409
              3       16.076804      0.83997841       1.4710692         13.494793           12.185136      0.65596086     -0.25345009       4.7409248        4.7409248       22.671759              22.671759
              1       16.002122      0.83997841       1.4696376         13.495501           12.187174      0.65828495     -0.25615615       4.7409248        4.7409248       22.522394              22.522394
              1       16.182807      0.83997841       1.4658009         13.499944            12.18789      0.65482163     -0.25539853       4.7409248        4.7409248       22.883764              22.883764
              1       16.144775      0.83997841       1.4624715         13.495344           12.188811      0.65266699     -0.25599805       4.7409248        4.7409248       22.807701              22.807701
              2       15.969706      0.83997841       1.4591012         13.495013           12.188323      0.65697469     -0.25096944       4.7409248        4.7409248       22.457562              22.457562
              1        16.07513      0.83997841       1.4538463         13.486761           12.182728      0.65023095     -0.24965165       4.7409248        4.7409248        22.66841               22.66841
              3       16.119385      0.83997841       1.4527495         13.487759           12.183724      0.64903611     -0.24966346       4.7409248        4.7409248        22.75692               22.75692
              2       16.638865      0.83997841       1.4471406         13.481989           12.190779      0.65521829     -0.24656225       4.7409248        4.7409248       23.795881              23.795881
              1        15.74625      0.83997841        1.442694         13.491287           12.193608      0.65814416     -0.23187567       4.7409248        4.7409248       22.010651              22.010651
              2       15.924074      0.83997841       1.4475423         13.489222           12.197928      0.66354899     -0.23100979       4.7409248        4.7409248       22.366298              22.366298
              1       17.103661      0.83997841       1.4587088         13.502433           12.206627      0.65233335     -0.23543327       4.7409248        4.7409248       24.725473              24.725473
              1        16.24599      0.83997841       1.4649581         13.509432           12.195338       0.6586862     -0.23706294       4.7409248        4.7409248        23.01013               23.01013
              1       16.515143      0.83997841       1.4530653          13.51361           12.197254      0.65684256     -0.23469381       4.7409248        4.7409248       23.548436              23.548436
              2       16.723831      0.83997841       1.4526636         13.512313           12.196204      0.65987985     -0.23121068       4.7409248        4.7409248       23.965812              23.965812
              1        16.59552      0.84370733       1.4526636         13.512313           12.196204      0.65987985     -0.23121068       4.7409248        4.7409248        23.70919               23.70919
              1       16.121525      0.84370733       1.4578485         13.523256           12.208356      0.66680847      -0.2289177       4.7409248        4.7409248       22.761201              22.761201
              1       15.769646      0.84370733       1.4549238         13.520239           12.210085      0.67275875     -0.23504574       4.7409248        4.7409248       22.057442              22.057442
              1       15.735065      0.84370733       1.4552091         13.521309           12.210703      0.67047312     -0.23447734       4.7409248        4.7409248       21.988281              21.988281
              1       15.523034      0.84370733       1.4551264         13.519822            12.21383      0.67134153     -0.23154159       4.7409248        4.7409248       21.564218              21.564218
              1       15.910042      0.84370733       1.4515528         13.509777           12.212201      0.66533383     -0.23322026       4.7409248        4.7409248       22.338234              22.338234
              2       15.886917      0.84370733       1.4516374         13.509749           12.212017       0.6653279     -0.23303458       4.7409248        4.7409248       22.291984              22.291984
              2       15.812106      0.84370733       1.4504225         13.510121           12.211787      0.66538359     -0.23265117       4.7409248        4.7409248       22.142362              22.142362
              1       15.775094      0.84370733       1.4505283         13.520008            12.21921      0.67528434     -0.24731244       4.7409248        4.7409248       22.068339              22.068339
              1       16.776848      0.84370733       1.4594858         13.507899           12.226189      0.69788981     -0.23661365       4.7409248        4.7409248       24.071847              24.071847
              1       15.775089      0.84370733       1.4682696         13.509891           12.220817       0.6977886     -0.23799557       4.7409248        4.7409248       22.068328              22.068328
              1       15.918864      0.84971647       1.4682696         13.509891           12.220817       0.6977886     -0.23799557       4.7409248        4.7409248       22.355879              22.355879
              1       16.212859      0.84971647       1.4732724         13.520808           12.230597      0.69400048     -0.22820442       4.7409248        4.7409248       22.943869              22.943869
              1       16.204861      0.84971647       1.4852856         13.525685           12.230803      0.69950719     -0.25424393       4.7409248        4.7409248       22.927872              22.927872
              1       15.534841      0.84971647       1.4741981         13.532904            12.22937      0.69951389     -0.25801689       4.7409248        4.7409248       21.587833              21.587833
              2       15.692881       0.8549547       1.4741981         13.532904            12.22937      0.69951389     -0.25801689       4.7409248        4.7409248       21.903913              21.903913
              1        15.63245       0.8549547       1.4726282         13.528555           12.225337      0.69661957     -0.26019993       4.7409248        4.7409248       21.783051              21.783051
              1       15.661443       0.8549547       1.4720592         13.527626           12.225066      0.69870015      -0.2601985       4.7409248        4.7409248       21.841036              21.841036
              1       15.682971       0.8549547       1.4716908         13.540165           12.227268      0.69362807     -0.25997719       4.7409248        4.7409248       21.884093              21.884093
              2        15.60568       0.8521763       1.4716908         13.540165           12.227268      0.69362807     -0.25997719       4.7409248        4.7409248       21.729511              21.729511
              2       15.975122       0.8521763       1.4741398         13.542547           12.228251      0.69985325     -0.25793578       4.7409248        4.7409248       22.468395              22.468395
              1       16.944872       0.8521763       1.4624961         13.546578           12.226257      0.70902599     -0.27568251       4.7409248        4.7409248       24.407895              24.407895
              1       17.062084      0.85426857       1.4624961         13.546578           12.226257      0.70902599     -0.27568251       4.7409248        4.7409248       24.642319              24.642319
              1       17.783755      0.85426857       1.4606673         13.553759           12.225958      0.70365566     -0.27627802       4.7409248        4.7409248        26.08566               26.08566
              1       17.133294      0.85426857        1.473158         13.551381           12.221474      0.69743955     -0.28500808       4.7409248        4.7409248       24.784738              24.784738
              1       15.817439      0.85426857       1.4667376         13.540389           12.218131      0.68459663     -0.28033834       4.7409248        4.7409248       22.153028              22.153028
              1       15.484401      0.85426857       1.4698137         13.540085           12.224861      0.68248744     -0.27780897       4.7409248        4.7409248       21.486952              21.486952
              1       15.730716      0.85426857       1.4675956         13.539147           12.227289      0.68230068     -0.28184146       4.7409248        4.7409248       21.979583              21.979583
              2       15.682282      0.85426857       1.4926982         13.549101           12.234949      0.69267281     -0.28246502       4.7409248        4.7409248       21.882714              21.882714
              2       15.778867      0.84691064       1.4926982         13.549101           12.234949      0.69267281     -0.28246502       4.7409248        4.7409248       22.075884              22.075884
              1       15.758064      0.84691064       1.4951396         13.540157           12.230524      0.69842873     -0.28557556       4.7409248        4.7409248       22.034278              22.034278
              1       15.535181      0.84691064       1.4956091         13.540481           12.228549      0.69859336     -0.28302449       4.7409248        4.7409248       21.588513              21.588513
              1       15.486719      0.84691064       1.5024141         13.546385           12.234883      0.70456531     -0.27320634       4.7409248        4.7409248       21.491588              21.491588
              2        15.65369      0.84691064       1.5005953         13.543548           12.236615      0.70653154     -0.27255276       4.7409248        4.7409248        21.82553               21.82553
              1       15.506693      0.84691064       1.4976063         13.551907            12.24051      0.71616461     -0.28388032       4.7409248        4.7409248       21.531536              21.531536
              4       15.601204      0.84691064       1.5059004         13.546967           12.238866      0.71937529     -0.28754999       4.7409248        4.7409248       21.720559              21.720559
              2       15.666629      0.85041399       1.5059004         13.546967           12.238866      0.71937529     -0.28754999       4.7409248        4.7409248       21.851408              21.851408
              3         15.6141      0.85041399       1.5015237         13.544012           12.236057      0.71631489     -0.28576462       4.7409248        4.7409248        21.74635               21.74635
              3        15.58399      0.85041399       1.5049601         13.546051           12.235861      0.71300941     -0.28799509       4.7409248        4.7409248        21.68613               21.68613
              1       15.597669      0.85041399       1.5050561         13.555454           12.239734      0.71944585     -0.28913025       4.7409248        4.7409248       21.713489              21.713489
              1        15.77447      0.85041399       1.5104961         13.556159           12.239472      0.71995495     -0.28083605       4.7409248        4.7409248       22.067091              22.067091
              2       15.599277      0.84487042       1.5104961         13.556159           12.239472      0.71995495     -0.28083605       4.7409248        4.7409248       21.716704              21.716704
              1       16.587774      0.84487042       1.5194006         13.563376           12.231227      0.71353053     -0.29416822       4.7409248        4.7409248       23.693698              23.693698
              1           16.49      0.84487042       1.5205161         13.563043           12.231764      0.71483018     -0.29456162       4.7409248        4.7409248       23.498151              23.498151
              1       15.627965      0.84487042       1.5289961         13.553626           12.229847      0.70752518     -0.28928948       4.7409248        4.7409248        21.77408               21.77408
              1       16.161922      0.84487042       1.5278921         13.551723           12.224826      0.71008837      -0.2891874       4.7409248        4.7409248       22.841994              22.841994
              1       15.736336      0.84487042       1.5310058         13.552388           12.230767      0.71555174     -0.28575428       4.7409248        4.7409248       21.990823              21.990823
              1       15.788419      0.84487042       1.5347785         13.556619           12.231588      0.71150055     -0.28497056       4.7409248        4.7409248       22.094988              22.094988
              1       15.770099      0.84487042       1.5351481         13.556238            12.23146       0.7114341     -0.28490394       4.7409248        4.7409248       22.058348              22.058348
              2       16.885073      0.84487042       1.5308972         13.556355           12.227252      0.70949237     -0.27070028       4.7409248        4.7409248       24.288297              24.288297
              1       16.832833      0.84250862       1.5308972         13.556355           12.227252      0.70949237     -0.27070028       4.7409248        4.7409248       24.183816              24.183816
              1       16.029068      0.84250862       1.5519811         13.556136           12.229239      0.71739727     -0.28770366       4.7409248        4.7409248       22.576287              22.576287
              1       16.153158      0.83122413       1.5519811         13.556136           12.229239      0.71739727     -0.28770366       4.7409248        4.7409248       22.824467              22.824467
              1       16.136996      0.83122413        1.551079         13.556009           12.228526      0.71410653      -0.2904338       4.7409248        4.7409248       22.792143              22.792143
              1       15.955492      0.83122413        1.551225         13.555141           12.229817      0.71369465     -0.29028226       4.7409248        4.7409248       22.429135              22.429135
              1       15.904524      0.83122413        1.549607         13.554226           12.230012      0.71519033     -0.29155859       4.7409248        4.7409248       22.327198              22.327198
              2       15.932508      0.83122413       1.5454055         13.570665           12.242229      0.71604303     -0.29515652       4.7409248        4.7409248       22.383167              22.383167
              1       16.097136      0.82779791       1.5454055         13.570665           12.242229      0.71604303     -0.29515652       4.7409248        4.7409248       22.712422              22.712422
              1       16.037045      0.82779791       1.5438581         13.571642           12.244267      0.71850371     -0.29638092       4.7409248        4.7409248        22.59224               22.59224
              1       16.080088      0.82779791       1.5442219         13.572302           12.245773      0.71687733     -0.29707667       4.7409248        4.7409248       22.678326              22.678326
              2       16.211386      0.82779791       1.5429034         13.568852           12.246053      0.71624775     -0.29896286       4.7409248        4.7409248       22.940922              22.940922
              1       16.347761      0.82779791       1.5479649         13.572622           12.247037      0.71199038      -0.2980099       4.7409248        4.7409248       23.213672              23.213672
              1       16.444938      0.82779791       1.5421731         13.576368           12.241999      0.70770387     -0.29601056       4.7409248        4.7409248       23.408027              23.408027
              2        16.50663      0.82779791       1.5377418         13.580268           12.249232      0.70660796     -0.30027619       4.7409248        4.7409248        23.53141               23.53141
              2       16.604834      0.82779791       1.5360032         13.579446           12.253917      0.70689413      -0.2913512       4.7409248        4.7409248       23.727819              23.727819
              2       17.084767      0.82779791       1.5399834         13.583791           12.256206      0.70279024     -0.29633904       4.7409248        4.7409248       24.687684              24.687684
              2       16.793459      0.82779791       1.5415643         13.585581           12.256506      0.70537708     -0.29550945       4.7409248        4.7409248       24.105069              24.105069
              2       16.644902      0.82779791       1.5357401         13.592583           12.258755       0.7021952     -0.29040651       4.7409248        4.7409248       23.807954              23.807954
              1       16.613379      0.82779791       1.5238223         13.592019           12.256664       0.6952305     -0.28005918       4.7409248        4.7409248       23.744908              23.744908
              1       17.882269      0.81282934       1.5238223         13.592019           12.256664       0.6952305     -0.28005918       4.7409248        4.7409248       26.282689              26.282689
              1        17.87693      0.81282934       1.5238416         13.592033           12.256478      0.69525525     -0.28005699       4.7409248        4.7409248        26.27201               26.27201
              2       17.926813      0.81282934       1.5254051         13.586354           12.256265      0.69558719     -0.27838572       4.7409248        4.7409248       26.371777              26.371777
              1       17.819577      0.81282934       1.5201248         13.584069           12.256017      0.69948784     -0.28201669       4.7409248        4.7409248       26.157304              26.157304
              3       17.815896      0.81282934       1.5201194         13.584089           12.255966      0.69946392     -0.28201489       4.7409248        4.7409248       26.149943              26.149943
              1       17.756166      0.81282934       1.5184931         13.586854           12.257288      0.69948707     -0.28068914       4.7409248        4.7409248       26.030482              26.030482
              1       18.134601      0.80895243       1.5184931         13.586854           12.257288      0.69948707     -0.28068914       4.7409248        4.7409248       26.787352              26.787352
              1       17.592382      0.80895243       1.5194222          13.58583           12.253001      0.70813779     -0.27329058       4.7409248        4.7409248       25.702915              25.702915
              1       17.886818      0.80895243       1.5194909         13.584129           12.259229      0.70868019     -0.28307609       4.7409248        4.7409248       26.291786              26.291786
              1       18.548773      0.80241529       1.5194909         13.584129           12.259229      0.70868019     -0.28307609       4.7409248        4.7409248       27.615696              27.615696
              2        18.27883      0.80241529       1.5219608         13.594517           12.257399      0.71729877     -0.28555106       4.7409248        4.7409248        27.07581               27.07581
              1        18.02743      0.80241529       1.5280972         13.594342           12.261236       0.7172879     -0.28303582       4.7409248        4.7409248        26.57301               26.57301
              1       17.347087      0.80241529       1.5250246         13.584805           12.263313      0.73117399     -0.27930915       4.7409248        4.7409248       25.212324              25.212324
              1       17.489546      0.80241529       1.5238918         13.597272            12.26449      0.73699828      -0.2781697       4.7409248        4.7409248       25.497242              25.497242
              1       16.878899      0.80241529       1.5244182         13.593102           12.267555      0.74466979     -0.27439469       4.7409248        4.7409248       24.275948              24.275948
              2       16.836392      0.80241529       1.5145537         13.592747           12.271915      0.74211177     -0.27175267       4.7409248        4.7409248       24.190934              24.190934
              2        17.28117      0.80241529       1.5206816         13.595635           12.266043       0.7334948      -0.2471377       4.7409248        4.7409248        25.08049               25.08049
              4        17.13528      0.80241529       1.5197591         13.594393           12.266381      0.73256423     -0.24681544       4.7409248        4.7409248        24.78871               24.78871
              1       18.180947      0.80241529       1.5102561         13.605433           12.266912      0.72466921     -0.25483143       4.7409248        4.7409248       26.880044              26.880044
              1       17.031319      0.80241529       1.4973448         13.597521           12.270847      0.74435532     -0.26954886       4.7409248        4.7409248       24.580788              24.580788
              2       17.038899      0.80241529       1.4968879         13.598455            12.27149      0.74404694     -0.27031756       4.7409248        4.7409248       24.595949              24.595949
              4        17.37819      0.80241529       1.4905976         13.588781           12.278871      0.74341783     -0.27190775       4.7409248        4.7409248        25.27453               25.27453
              1       17.150952      0.80241529       1.4753067         13.591525           12.271376      0.73539407     -0.27867647       4.7409248        4.7409248       24.820054              24.820054
              3       17.399689      0.80241529       1.4768601         13.598096           12.274553      0.72940432     -0.27594017       4.7409248        4.7409248       25.317528              25.317528
              1       17.358751      0.80241529       1.4771133         13.596568           12.271591      0.72795882     -0.27213759       4.7409248        4.7409248       25.235653              25.235653
              1       17.506119      0.80241529       1.4805102         13.595369           12.269904      0.72523221     -0.27519658       4.7409248        4.7409248       25.530388              25.530388
              1       17.552769      0.80241529       1.4790059         13.593207           12.265594      0.72626179     -0.27428837       4.7409248        4.7409248       25.623689              25.623689
              1       18.494112      0.79265488       1.4790059         13.593207           12.265594      0.72626179     -0.27428837       4.7409248        4.7409248       27.506374              27.506374
              1       18.100155      0.79265488       1.4788395          13.58728           12.270598      0.73358159     -0.27322823       4.7409248        4.7409248        26.71846               26.71846
              1       18.281907      0.79265488       1.4694278         13.587931           12.274708      0.72964769     -0.26330665       4.7409248        4.7409248       27.081965              27.081965
              2       18.142443      0.79265488       1.4632489         13.600648           12.272953      0.74120487      -0.2646925       4.7409248        4.7409248       26.803037              26.803037
              2        18.24282      0.79265488       1.4623672         13.596077           12.278942       0.7315311     -0.26768824       4.7409248        4.7409248        27.00379               27.00379
              2       18.167571      0.79265488       1.4603935         13.592388           12.269942      0.72701569     -0.26488847       4.7409248        4.7409248       26.853292              26.853292
              1       17.955187      0.79265488        1.454375         13.598233           12.277678      0.72288329     -0.24322574       4.7409248        4.7409248       26.428524              26.428524
              1       18.073067      0.79265488       1.4630624         13.600139           12.276871      0.72017347     -0.24155512       4.7409248        4.7409248       26.664284              26.664284
              2       17.659764      0.79683826       1.4630624         13.600139           12.276871      0.72017347     -0.24155512       4.7409248        4.7409248       25.837678              25.837678
              1       17.105557      0.79683826       1.4754341         13.604205           12.285097      0.73141324     -0.23164217       4.7409248        4.7409248       24.729265              24.729265
              3       17.059614      0.79683826       1.4619017         13.609054           12.287687      0.72674029     -0.21359264       4.7409248        4.7409248       24.637379              24.637379
              3       17.246961      0.79683826       1.4661275         13.613046           12.287869      0.72413466     -0.21266371       4.7409248        4.7409248       25.012073              25.012073
              2       16.207138      0.81586917       1.4661275         13.613046           12.287869      0.72413466     -0.21266371       4.7409248        4.7409248       22.932426              22.932426
              1       16.332055      0.81586917       1.4610703         13.614656            12.28742      0.71288809     -0.22803484       4.7409248        4.7409248        23.18226               23.18226
              1       16.356609      0.81586917       1.4593763         13.606939           12.281099      0.71230865     -0.23161378       4.7409248        4.7409248       23.231369              23.231369
              1        16.37944      0.81586917       1.4626282         13.606351           12.279688      0.71390682     -0.22965165       4.7409248        4.7409248       23.277031              23.277031
              1       16.883184      0.81586917       1.4643832         13.609198           12.276434      0.70904373     -0.23008755       4.7409248        4.7409248       24.284519              24.284519
              3       16.454222      0.81586917       1.4642695         13.604974           12.279278      0.70418613     -0.22516126       4.7409248        4.7409248       23.426594              23.426594
              1       16.297254      0.81841451       1.4642695         13.604974           12.279278      0.70418613     -0.22516126       4.7409248        4.7409248       23.112659              23.112659
              2       16.874834      0.81841451       1.4600097         13.617049           12.280917      0.69807824     -0.22286678       4.7409248        4.7409248       24.267819              24.267819
              2       16.575669      0.81841451       1.4669743         13.622919           12.287744      0.70479929     -0.22781432       4.7409248        4.7409248       23.669489              23.669489
              1       16.351947      0.81841451       1.4520438         13.621332           12.293201      0.71085147     -0.23496451       4.7409248        4.7409248       23.222045              23.222045
              3       16.101724      0.82279362       1.4520438         13.621332           12.293201      0.71085147     -0.23496451       4.7409248        4.7409248       22.721598              22.721598
              1       16.544992      0.82279362       1.4600346         13.625527           12.287632      0.70874587      -0.2405089       4.7409248        4.7409248       23.608134              23.608134
              2       16.733119      0.82279362       1.4542206         13.631801           12.290929       0.6978958     -0.24333258       4.7409248        4.7409248       23.984389              23.984389
              1       16.639441         0.82429       1.4542206         13.631801           12.290929       0.6978958     -0.24333258       4.7409248        4.7409248       23.797033              23.797033
              2       19.700351         0.82429       1.4383419         13.637275           12.276531      0.68445121     -0.24964425       4.7409248        4.7409248       29.918853              29.918853
              1        19.57587         0.82429       1.4331508         13.641987           12.281268      0.68348915     -0.24125575       4.7409248        4.7409248        29.66989               29.66989
              1       19.657184         0.82429        1.432517          13.64108           12.280648      0.68427094     -0.24069903       4.7409248        4.7409248       29.832518              29.832518
              1       17.155248         0.82429       1.4218166         13.633545           12.293846      0.68432386     -0.25053536       4.7409248        4.7409248       24.828646              24.828646
              1       17.318428         0.82429       1.4175946         13.635137            12.29315      0.68095768     -0.25231762       4.7409248        4.7409248       25.155007              25.155007
              1       17.154156         0.82429       1.4109216         13.631489           12.295252      0.67958266     -0.23799084       4.7409248        4.7409248       24.826463              24.826463
              2       17.091872         0.82429        1.408645         13.632555           12.297683      0.68287917     -0.23881993       4.7409248        4.7409248       24.701895              24.701895
              1       17.354159         0.82429       1.4108518         13.636693            12.30148      0.68059268     -0.23751481       4.7409248        4.7409248       25.226468              25.226468
              1       17.039688      0.82813808       1.4108518         13.636693            12.30148      0.68059268     -0.23751481       4.7409248        4.7409248       24.597526              24.597526
              1       16.969623      0.82813808       1.4112907         13.636412           12.301387       0.6813965     -0.23656505       4.7409248        4.7409248       24.457397              24.457397
              1       17.196506      0.82813808       1.3972518          13.63941           12.294362      0.69521846     -0.24157665       4.7409248        4.7409248       24.911162              24.911162
              1       16.472574      0.82813808       1.3755481         13.634485           12.301302      0.68443414     -0.22319592       4.7409248        4.7409248       23.463299              23.463299
              1       16.470815      0.82813808       1.3753371         13.629637           12.299834       0.6840924     -0.22439063       4.7409248        4.7409248        23.45978               23.45978
              1       15.909229       0.8399185       1.3753371         13.629637           12.299834       0.6840924     -0.22439063       4.7409248        4.7409248       22.336608              22.336608
              1       16.479502       0.8399185       1.3757835         13.631501           12.292599      0.68121468     -0.22232059       4.7409248        4.7409248       23.477154              23.477154
              1       16.335493       0.8399185       1.3752219         13.627877           12.291074      0.67881793      -0.2195534       4.7409248        4.7409248       23.189137              23.189137
              9       16.470425       0.8399185       1.4011289         13.610659           12.299254      0.69590156     -0.21754204       4.7409248        4.7409248          23.459                 23.459
              1       15.739678       0.8399185       1.4239318         13.612112           12.296448      0.70581063     -0.21040506       4.7409248        4.7409248       21.997506              21.997506
