#        weight    minuslogpost          sigma8        ygk_Ahmc ygk_LOWZ__0_lM1_0 ygk_LOWZ__0_lMmin_0   ygk_mass_bias       ygk_rhogy   minuslogprior minuslogprior__0            chi2 chi2__ygk_like.ygkLike
              1       15.540035      0.85907126       1.4920236         13.455432           12.149608        0.658652     -0.29093698       4.7409248        4.7409248        21.59822               21.59822
              1       15.652124      0.85907126       1.4964766         13.450091           12.153562      0.65966374     -0.29119186       4.7409248        4.7409248       21.822398              21.822398
              2       15.636523      0.86596921       1.4964766         13.450091           12.153562      0.65966374     -0.29119186       4.7409248        4.7409248       21.791197              21.791197
              2       15.534242      0.86596921       1.4895018         13.441876           12.148537      0.66591469     -0.29400924       4.7409248        4.7409248       21.586635              21.586635
              1       15.565575      0.85345739       1.4895018         13.441876           12.148537      0.66591469     -0.29400924       4.7409248        4.7409248       21.649301              21.649301
              1       15.507773      0.85345739       1.4891561         13.441709           12.146271      0.66623448     -0.29681289       4.7409248        4.7409248       21.533697              21.533697
              1       16.027262      0.85345739       1.4921007         13.433208           12.133112      0.66611608     -0.28604874       4.7409248        4.7409248       22.572675              22.572675
              1       15.584526      0.85345739       1.4913857         13.425006           12.136247      0.66133749     -0.28855117       4.7409248        4.7409248       21.687203              21.687203
              1       15.596518      0.85345739        1.492489         13.425286           12.136181      0.66073513     -0.28871904       4.7409248        4.7409248       21.711186              21.711186
              2       16.387268      0.85345739        1.504071         13.416962           12.141414      0.67837244     -0.29186982       4.7409248        4.7409248       23.292686              23.292686
              1       15.717962      0.85345739       1.4995986         13.415553           12.136225      0.67492015     -0.28716438       4.7409248        4.7409248       21.954075              21.954075
              1       15.544219      0.85345739       1.4983427         13.417728            12.13565      0.67463456     -0.28855032       4.7409248        4.7409248       21.606588              21.606588
              1       15.622905       0.8604037       1.4983427         13.417728            12.13565      0.67463456     -0.28855032       4.7409248        4.7409248        21.76396               21.76396
              1       15.844999       0.8604037       1.4905397         13.420741           12.143221      0.68189589     -0.28138899       4.7409248        4.7409248       22.208149              22.208149
              1       15.818114       0.8604037       1.4905233         13.420657           12.142923      0.68229739     -0.28146375       4.7409248        4.7409248       22.154378              22.154378
              4       15.864146       0.8604037       1.4900862         13.420823           12.143558        0.682446     -0.28183071       4.7409248        4.7409248       22.246442              22.246442
              1        16.43263       0.8604037       1.4879861         13.420943           12.151162      0.69404422     -0.26141726       4.7409248        4.7409248       23.383411              23.383411
              1       16.941949       0.8604037       1.4946762         13.426155           12.148789      0.70562169     -0.26645387       4.7409248        4.7409248       24.402049              24.402049
              1        17.14824       0.8604037       1.4970999         13.426829           12.142657      0.69566299     -0.26060027       4.7409248        4.7409248       24.814631              24.814631
              1       18.813411      0.87336834       1.4970999         13.426829           12.142657      0.69566299     -0.26060027       4.7409248        4.7409248       28.144973              28.144973
              1       18.096783      0.87336834          1.5101         13.439869           12.158761      0.69495253     -0.25182348       4.7409248        4.7409248       26.711717              26.711717
              2       18.159556      0.87336834       1.5135363         13.433654            12.16062      0.69463858     -0.25111693       4.7409248        4.7409248       26.837263              26.837263
              2       18.410034      0.87336834        1.510516         13.432741            12.16189       0.6951398     -0.24757762       4.7409248        4.7409248       27.338219              27.338219
              1       17.506907      0.87336834       1.5023156         13.439744           12.159225      0.68734102     -0.24928015       4.7409248        4.7409248       25.531965              25.531965
              1       17.496611      0.87336834       1.5022468         13.439915           12.159876      0.68736985     -0.24939348       4.7409248        4.7409248       25.511373              25.511373
              4       17.516387      0.87336834       1.5003716         13.437952           12.159938      0.68785348     -0.25075097       4.7409248        4.7409248       25.550925              25.550925
              2        17.54576      0.87336834       1.4983661         13.436803           12.157489      0.68776928     -0.24996072       4.7409248        4.7409248       25.609671              25.609671
              2       18.091236      0.87336834       1.4991249           13.4493           12.152111      0.67727564     -0.24765187       4.7409248        4.7409248       26.700622              26.700622
              1        18.82663      0.87336834       1.4917321         13.454477           12.154903      0.68099395     -0.24984089       4.7409248        4.7409248       28.171409              28.171409
              2       17.060897      0.87336834       1.4944127         13.459243           12.171431      0.67806342     -0.23859849       4.7409248        4.7409248       24.639945              24.639945
              1         17.2709      0.87336834       1.4760199         13.466349           12.184086      0.68629979     -0.25368347       4.7409248        4.7409248       25.059951              25.059951
              1       18.050554      0.87336834       1.4880563         13.467821           12.188557      0.68687394     -0.26360098       4.7409248        4.7409248       26.619259              26.619259
              2       17.729916      0.86974475       1.4880563         13.467821           12.188557      0.68687394     -0.26360098       4.7409248        4.7409248       25.977983              25.977983
              1       17.817202      0.86974475       1.4918899         13.472106           12.190614      0.68347102     -0.26656459       4.7409248        4.7409248       26.152554              26.152554
              1       17.601551      0.86974475       1.4920041         13.475728              12.193      0.68025413      -0.2558304       4.7409248        4.7409248       25.721252              25.721252
              3       17.132235      0.86974475       1.4930831          13.47762           12.192688      0.68335822     -0.25548057       4.7409248        4.7409248        24.78262               24.78262
              1       17.813588      0.86974475       1.4815141         13.483301           12.200825        0.685084     -0.25856566       4.7409248        4.7409248       26.145326              26.145326
              1       17.793367      0.86974475       1.4804614         13.483303            12.20091      0.68573221     -0.25901872       4.7409248        4.7409248       26.104885              26.104885
              2       18.371777      0.86974475       1.4800321         13.483028           12.202664      0.68490004     -0.25888366       4.7409248        4.7409248       27.261704              27.261704
              2       18.254128      0.86974475       1.4799284         13.483432           12.203276      0.68655084     -0.25616437       4.7409248        4.7409248       27.026407              27.026407
              1       19.003497      0.86974475       1.4822779          13.48215            12.20495      0.68903084     -0.25776675       4.7409248        4.7409248       28.525145              28.525145
              1       19.011992      0.86974475       1.4822744         13.482126            12.20496      0.68903149     -0.25775847       4.7409248        4.7409248       28.542134              28.542134
              1       17.021375      0.86974475       1.4798769         13.479608           12.191158      0.69256653     -0.24919858       4.7409248        4.7409248         24.5609                24.5609
              2       17.397863      0.86974475       1.4790144         13.481704           12.193497      0.69702799     -0.24689504       4.7409248        4.7409248       25.313876              25.313876
              1       16.146829      0.85817059       1.4790144         13.481704           12.193497      0.69702799     -0.24689504       4.7409248        4.7409248       22.811808              22.811808
              1        16.15193      0.85817059       1.4399081         13.480077           12.190539      0.70099388     -0.26473409       4.7409248        4.7409248        22.82201               22.82201
              1        15.81073      0.85250177       1.4399081         13.480077           12.190539      0.70099388     -0.26473409       4.7409248        4.7409248        22.13961               22.13961
              1       16.092549      0.85250177       1.4385578         13.474763           12.197259      0.70443987     -0.26524127       4.7409248        4.7409248       22.703249              22.703249
              1       16.081372      0.85250177       1.4383865         13.462984           12.188701      0.70334794      -0.2621969       4.7409248        4.7409248       22.680894              22.680894
              1       16.083109      0.85250177       1.4380203         13.463094            12.18886      0.70317874     -0.26140571       4.7409248        4.7409248       22.684369              22.684369
              1        17.43181      0.85250177       1.4397114         13.461167           12.192073      0.69438692     -0.26288415       4.7409248        4.7409248        25.38177               25.38177
              2       17.625718      0.85250177       1.4457823         13.461099           12.192934      0.69540284     -0.26002097       4.7409248        4.7409248       25.769586              25.769586
              1       17.806177      0.85671301       1.4457823         13.461099           12.192934      0.69540284     -0.26002097       4.7409248        4.7409248       26.130505              26.130505
              1       17.640564      0.85671301       1.4467055         13.458211           12.192366       0.7066992     -0.26365681       4.7409248        4.7409248       25.799279              25.799279
              3       17.404284      0.85671301       1.4497048          13.45585           12.191114      0.71005844     -0.25038696       4.7409248        4.7409248       25.326718              25.326718
              1       17.426975      0.85671301       1.4501773         13.455034            12.19063      0.71016665     -0.25004825       4.7409248        4.7409248       25.372101              25.372101
              2       17.183081      0.85671301       1.4532171         13.462336           12.191062      0.71323526     -0.23707159       4.7409248        4.7409248       24.884313              24.884313
              1       16.940951      0.85671301       1.4530672         13.462157           12.191002       0.7078849     -0.23566892       4.7409248        4.7409248       24.400052              24.400052
              1       16.935228       0.8566622       1.4530672         13.462157           12.191002       0.7078849     -0.23566892       4.7409248        4.7409248       24.388607              24.388607
              1       16.686009       0.8566622       1.4629009         13.466107             12.1907      0.70638993      -0.2398313       4.7409248        4.7409248       23.890168              23.890168
              1       17.110064       0.8566622       1.4656704         13.469376           12.188997      0.70846424     -0.23505773       4.7409248        4.7409248       24.738278              24.738278
              1       17.101586       0.8566622       1.4654293         13.469912           12.189467      0.70855145     -0.23515509       4.7409248        4.7409248       24.721322              24.721322
              5       16.980169       0.8566622       1.4545588         13.467329           12.190119       0.7028821     -0.22438391       4.7409248        4.7409248       24.478489              24.478489
              1        16.51059       0.8566622       1.4611711         13.477393           12.200034      0.68977948     -0.22113144       4.7409248        4.7409248       23.539331              23.539331
              1       16.894344       0.8566622       1.4523236          13.48211            12.20751      0.69495142     -0.21969633       4.7409248        4.7409248       24.306838              24.306838
              2       16.143139      0.84232439       1.4523236          13.48211            12.20751      0.69495142     -0.21969633       4.7409248        4.7409248       22.804429              22.804429
              1       16.209916      0.84232439       1.4608281         13.486641           12.211119      0.70295001     -0.22978273       4.7409248        4.7409248       22.937983              22.937983
              1       16.058167      0.84232439       1.4602787         13.486588           12.209577       0.7012293     -0.23085364       4.7409248        4.7409248       22.634485              22.634485
              2       17.304235      0.84232439       1.4419946         13.485974           12.216187      0.69473102      -0.2205211       4.7409248        4.7409248       25.126621              25.126621
              1       17.274868      0.83975735       1.4419946         13.485974           12.216187      0.69473102      -0.2205211       4.7409248        4.7409248       25.067887              25.067887
              1       17.253814      0.83975735       1.4420251         13.486279           12.216287       0.6946493     -0.22056438       4.7409248        4.7409248       25.025779              25.025779
              3        15.81913      0.83975735       1.4456285         13.488453           12.210861      0.69280661     -0.21174599       4.7409248        4.7409248        22.15641               22.15641
              1       15.524592      0.83975735       1.4432253         13.492858           12.209564      0.69267315     -0.21406494       4.7409248        4.7409248       21.567335              21.567335
              2       15.584947      0.83975735         1.44322         13.488409           12.206266      0.68850887     -0.22042528       4.7409248        4.7409248       21.688045              21.688045
              1       15.954036      0.83975735       1.4468753         13.489835           12.209943      0.68888942     -0.22358206       4.7409248        4.7409248       22.426223              22.426223
              1       15.886809      0.83975735       1.4470883         13.489837           12.209501      0.68920071     -0.22391374       4.7409248        4.7409248       22.291769              22.291769
              3        15.95434      0.83975735       1.4460445         13.490309           12.206396      0.68016235     -0.22892732       4.7409248        4.7409248       22.426831              22.426831
              1       17.015866      0.83975735       1.4481941         13.498194           12.215848      0.68221233     -0.23817952       4.7409248        4.7409248       24.549883              24.549883
              2       16.505033      0.83975735       1.4458885         13.499677           12.215085      0.68277712     -0.23810572       4.7409248        4.7409248       23.528217              23.528217
              1       18.023978      0.83975735        1.449299         13.499774           12.212944      0.66803673     -0.24883965       4.7409248        4.7409248       26.566107              26.566107
              1       15.957843      0.83975735       1.4600499         13.501669           12.204907      0.67047377        -0.24715       4.7409248        4.7409248       22.433836              22.433836
              1       16.261829      0.83975735       1.4550319          13.51517           12.201229       0.6709695     -0.24856907       4.7409248        4.7409248       23.041808              23.041808
              1       15.718068      0.83975735       1.4585337         13.514236            12.20601      0.69059531     -0.27536988       4.7409248        4.7409248       21.954286              21.954286
              1       15.609514       0.8530618       1.4585337         13.514236            12.20601      0.69059531     -0.27536988       4.7409248        4.7409248       21.737179              21.737179
              2       15.559077       0.8530618       1.4617591         13.509556           12.204265      0.69274326     -0.27495553       4.7409248        4.7409248       21.636305              21.636305
              1       15.988348       0.8530618       1.4645497         13.513126           12.202207      0.69595517     -0.28165949       4.7409248        4.7409248       22.494846              22.494846
              1       16.288042       0.8530618       1.4621452          13.51354           12.203194      0.70101018     -0.28032134       4.7409248        4.7409248       23.094235              23.094235
              2       17.178942       0.8530618       1.4488273         13.506604           12.193125      0.69908019     -0.28739214       4.7409248        4.7409248       24.876034              24.876034
              1       17.844265      0.82304404       1.4488273         13.506604           12.193125      0.69908019     -0.28739214       4.7409248        4.7409248       26.206681              26.206681
              1       17.644581      0.82304404       1.4608897         13.489327           12.201191      0.69031722     -0.29072798       4.7409248        4.7409248       25.807312              25.807312
              2       17.703737      0.82304404       1.4629021         13.492165           12.202203      0.68887093     -0.29190119       4.7409248        4.7409248       25.925625              25.925625
              2       17.453479      0.82304404       1.4633666         13.491416           12.200181      0.69132739     -0.29768638       4.7409248        4.7409248       25.425109              25.425109
              2        16.75587      0.82304404        1.478833          13.48388           12.193776       0.6994701      -0.2973972       4.7409248        4.7409248        24.02989               24.02989
              1       15.976997      0.82304404       1.4799199         13.492273           12.197369      0.70762089     -0.28675027       4.7409248        4.7409248       22.472145              22.472145
              2       16.033056      0.82304404       1.4790348         13.490921           12.193424      0.70478312     -0.28209138       4.7409248        4.7409248       22.584262              22.584262
              1       16.971329      0.80938219       1.4790348         13.490921           12.193424      0.70478312     -0.28209138       4.7409248        4.7409248       24.460808              24.460808
              1       16.936873      0.80938219       1.4759592         13.491226           12.202666      0.70883746     -0.27958753       4.7409248        4.7409248       24.391897              24.391897
              1       15.676119      0.83476653       1.4759592         13.491226           12.202666      0.70883746     -0.27958753       4.7409248        4.7409248       21.870389              21.870389
              1       15.928396      0.83476653       1.4708267         13.489904           12.202888      0.70864803     -0.28624176       4.7409248        4.7409248       22.374942              22.374942
              1       15.463551      0.83476653       1.4658228         13.491904            12.19951      0.71036263     -0.28294085       4.7409248        4.7409248       21.445252              21.445252
              1       15.535721      0.83476653       1.4647975         13.489792           12.199885      0.70809332     -0.28165328       4.7409248        4.7409248       21.589593              21.589593
              1       15.526401      0.83476653       1.4659207         13.481667           12.197372      0.71499606     -0.28118477       4.7409248        4.7409248       21.570953              21.570953
              2       15.953552      0.83476653       1.4661859         13.483044             12.2004      0.71193182     -0.28492556       4.7409248        4.7409248       22.425255              22.425255
              1       16.385758      0.82181344       1.4661859         13.483044             12.2004      0.71193182     -0.28492556       4.7409248        4.7409248       23.289666              23.289666
              2       16.979447      0.82181344       1.4679397          13.48148           12.202715      0.71139598     -0.28306431       4.7409248        4.7409248       24.477044              24.477044
              1        16.92795      0.82181344       1.4692229         13.481003           12.201806      0.71108879      -0.2836333       4.7409248        4.7409248       24.374051              24.374051
              1       15.751461      0.82181344       1.4650345         13.482868           12.197864      0.71358674     -0.27185349       4.7409248        4.7409248       22.021072              22.021072
              1       16.880329      0.82181344       1.4476392         13.486985           12.189618      0.72184036      -0.2831998       4.7409248        4.7409248       24.278809              24.278809
              2       16.402502      0.82181344       1.4457542         13.489127           12.193795      0.72158142     -0.28275671       4.7409248        4.7409248       23.323154              23.323154
              1       16.284746      0.82181344       1.4438207         13.488029            12.19323      0.71766501     -0.28262891       4.7409248        4.7409248       23.087643              23.087643
              2        17.15433      0.82181344       1.4453452         13.493017           12.191295      0.71577681     -0.28312388       4.7409248        4.7409248       24.826811              24.826811
              1       15.756069      0.82181344       1.4413182         13.468613           12.185345      0.71897819     -0.28582122       4.7409248        4.7409248       22.030289              22.030289
              1       15.649077      0.82181344       1.4293153         13.468571           12.193859      0.72430492     -0.27998157       4.7409248        4.7409248       21.816304              21.816304
              1        16.09826      0.81139379       1.4293153         13.468571           12.193859      0.72430492     -0.27998157       4.7409248        4.7409248        22.71467               22.71467
              1       16.592159      0.81139379       1.4265046         13.469125           12.196563      0.72290248     -0.28841709       4.7409248        4.7409248       23.702468              23.702468
              1       16.747837      0.81139379       1.4285092          13.46878            12.19822       0.7253965     -0.28899105       4.7409248        4.7409248       24.013825              24.013825
              3       17.055157      0.81139379       1.4242597         13.469819           12.200836      0.72509196     -0.28896607       4.7409248        4.7409248       24.628465              24.628465
              1       17.111242      0.81038425       1.4242597         13.469819           12.200836      0.72509196     -0.28896607       4.7409248        4.7409248       24.740635              24.740635
              1       16.148394      0.81038425       1.4242455         13.475879           12.198589       0.7270194     -0.28475958       4.7409248        4.7409248       22.814938              22.814938
              1       15.745031      0.81038425       1.4223932         13.472065           12.199261      0.74541206     -0.28734153       4.7409248        4.7409248       22.008213              22.008213
              1       15.920051      0.81038425       1.4248622         13.463266           12.195328      0.74347234     -0.29127751       4.7409248        4.7409248       22.358253              22.358253
              1       16.262582      0.81038425       1.4226953         13.463982           12.198225      0.74491235     -0.29784303       4.7409248        4.7409248       23.043315              23.043315
              1       15.905805      0.81038425       1.4248231         13.461899           12.198129      0.75482725     -0.29664052       4.7409248        4.7409248        22.32976               22.32976
              2       15.888823      0.81038425       1.4251983         13.462119           12.198028      0.75480999     -0.29678855       4.7409248        4.7409248       22.295796              22.295796
              2       15.806182      0.81291258       1.4251983         13.462119           12.198028      0.75480999     -0.29678855       4.7409248        4.7409248       22.130514              22.130514
              1       15.585378      0.81291258       1.4211428         13.460649           12.197251      0.76147866     -0.29639422       4.7409248        4.7409248       21.688906              21.688906
              1       15.648079      0.81291258       1.4115778         13.456888           12.195031      0.75421442     -0.29031273       4.7409248        4.7409248       21.814309              21.814309
              1       15.580631      0.81291258       1.4111447         13.457883           12.194128       0.7540969     -0.29084876       4.7409248        4.7409248       21.679413              21.679413
              3       15.979534      0.81291258       1.4144426         13.464367           12.192452      0.75664905     -0.27921611       4.7409248        4.7409248       22.477218              22.477218
              1       15.583592      0.81291258       1.4231777          13.45107            12.18666      0.75231861     -0.27284671       4.7409248        4.7409248       21.685334              21.685334
              1         16.6505      0.78909924       1.4231777          13.45107            12.18666      0.75231861     -0.27284671       4.7409248        4.7409248       23.819151              23.819151
              3       16.330214      0.78909924        1.420996         13.448066           12.189505      0.75934108     -0.26876407       4.7409248        4.7409248       23.178579              23.178579
              1       16.517018      0.78909924       1.4029827         13.439114           12.193766      0.76755373     -0.26977409       4.7409248        4.7409248       23.552186              23.552186
              2       16.393224      0.78909924        1.394091         13.440635           12.186371      0.75405407     -0.26563332       4.7409248        4.7409248       23.304599              23.304599
              3       15.552078      0.80825019        1.394091         13.440635           12.186371      0.75405407     -0.26563332       4.7409248        4.7409248       21.622306              21.622306
              2        15.61756      0.80825019       1.4115455         13.434317           12.182071      0.75186399     -0.26746773       4.7409248        4.7409248        21.75327               21.75327
              1       15.757465      0.80825019       1.4189888         13.447313           12.192868      0.75502779     -0.27048872       4.7409248        4.7409248       22.033081              22.033081
              1       15.568591      0.80825019        1.417692         13.448077           12.187744      0.76183835     -0.28157932       4.7409248        4.7409248       21.655332              21.655332
              1       15.548595      0.81890385        1.417692         13.448077           12.187744      0.76183835     -0.28157932       4.7409248        4.7409248        21.61534               21.61534
              1       15.881717      0.81890385       1.4194248         13.441857           12.191265      0.77949053     -0.27299759       4.7409248        4.7409248       22.281585              22.281585
              1       16.544769      0.82746131       1.4194248         13.441857           12.191265      0.77949053     -0.27299759       4.7409248        4.7409248       23.607689              23.607689
              2       16.401329      0.82746131       1.4188613           13.4454            12.19171      0.78262453     -0.28557718       4.7409248        4.7409248       23.320809              23.320809
              1       16.379062      0.82746131        1.425746         13.437946           12.189605      0.76859344     -0.29155487       4.7409248        4.7409248       23.276274              23.276274
              3       16.364332      0.82746131       1.4264557         13.438265           12.189711      0.76871709     -0.29146237       4.7409248        4.7409248       23.246814              23.246814
              1       16.008999      0.82746131       1.4207548         13.440637           12.183891       0.7730401     -0.29252638       4.7409248        4.7409248       22.536148              22.536148
              1       16.034226      0.82746131       1.4208307         13.440627           12.183849      0.77324158     -0.29190819       4.7409248        4.7409248       22.586603              22.586603
              1       16.466136      0.82746131       1.4215856         13.442111           12.176846      0.76455699     -0.28962198       4.7409248        4.7409248       23.450423              23.450423
              1       17.295109      0.82746131       1.4271466         13.444251           12.174366      0.76698273     -0.29122861       4.7409248        4.7409248       25.108369              25.108369
              1       16.926271      0.82746131       1.4279597         13.437271           12.171561      0.76793294     -0.29194754       4.7409248        4.7409248       24.370692              24.370692
              3       17.288513      0.83207191       1.4279597         13.437271           12.171561      0.76793294     -0.29194754       4.7409248        4.7409248       25.095177              25.095177
              1       17.037683      0.83207191        1.424594         13.429301           12.170931      0.76550353     -0.27796057       4.7409248        4.7409248       24.593516              24.593516
              1       16.248346      0.83207191       1.4281475         13.427156           12.171284      0.75896539      -0.2794472       4.7409248        4.7409248       23.014842              23.014842
              1       16.640351      0.83207191       1.4149993         13.410281           12.169112      0.76011996     -0.29212435       4.7409248        4.7409248       23.798852              23.798852
              2       17.113383      0.83207191       1.4155299         13.408723           12.170578      0.76047923     -0.29161881       4.7409248        4.7409248       24.744917              24.744917
              1       17.162197      0.83207191       1.4142268         13.408363           12.170636      0.76029876     -0.29140086       4.7409248        4.7409248       24.842545              24.842545
              2       16.909052      0.83207191       1.4140899         13.409063           12.170391      0.76199512     -0.28959368       4.7409248        4.7409248       24.336254              24.336254
              2       16.356367      0.81252886       1.4140899         13.409063           12.170391      0.76199512     -0.28959368       4.7409248        4.7409248       23.230884              23.230884
              1       16.307627      0.81252886       1.4130175         13.409947           12.170984      0.76269004     -0.28986785       4.7409248        4.7409248       23.133404              23.133404
              3       15.897176      0.81252886       1.4100959         13.411158           12.168518      0.75916046     -0.28881327       4.7409248        4.7409248       22.312502              22.312502
              1       15.902909      0.81804479       1.4100959         13.411158           12.168518      0.75916046     -0.28881327       4.7409248        4.7409248       22.323969              22.323969
              1       15.971935      0.82217487       1.4100959         13.411158           12.168518      0.75916046     -0.28881327       4.7409248        4.7409248        22.46202               22.46202
              2         16.2847      0.82217487       1.4090214         13.397483           12.163258      0.76757888      -0.2829714       4.7409248        4.7409248        23.08755               23.08755
              2       16.690973      0.82217487       1.4041735         13.398996           12.168141      0.76965038     -0.27890763       4.7409248        4.7409248       23.900097              23.900097
              1       17.100328      0.82217487       1.4054426          13.39888           12.170261       0.7727203     -0.28146236       4.7409248        4.7409248       24.718807              24.718807
              1       17.156006      0.82217487       1.4036332         13.399678           12.170955      0.77137568      -0.2814735       4.7409248        4.7409248       24.830162              24.830162
              1        16.01943      0.82217487       1.4089562         13.398516           12.160994      0.75834602     -0.27741383       4.7409248        4.7409248        22.55701               22.55701
              1       15.987535      0.82123527       1.4089562         13.398516           12.160994      0.75834602     -0.27741383       4.7409248        4.7409248       22.493221              22.493221
              1       15.976604      0.82123527       1.4044873         13.394982           12.159292      0.76129922     -0.26726215       4.7409248        4.7409248       22.471359              22.471359
              1       16.562056      0.82123527       1.4054389         13.392133           12.162199      0.75982635     -0.26691944       4.7409248        4.7409248       23.642262              23.642262
              1       16.583519      0.82123527       1.4047199         13.391121           12.161557      0.75986812     -0.26770811       4.7409248        4.7409248       23.685188              23.685188
              2        16.34429      0.80475494       1.4047199         13.391121           12.161557      0.75986812     -0.26770811       4.7409248        4.7409248        23.20673               23.20673
              1       15.896293      0.80475494       1.4029017         13.385579           12.156559      0.76708944     -0.26931723       4.7409248        4.7409248       22.310736              22.310736
              1       16.701376      0.80475494       1.3918954          13.39514            12.14707      0.76405772     -0.27394023       4.7409248        4.7409248       23.920902              23.920902
              4       16.051354      0.80475494       1.3841151         13.394479           12.152531      0.76636034     -0.26950302       4.7409248        4.7409248       22.620859              22.620859
              1       16.126746      0.81208664       1.3841151         13.394479           12.152531      0.76636034     -0.26950302       4.7409248        4.7409248       22.771642              22.771642
              3        15.62359      0.81208664       1.3923102         13.398571           12.160646      0.76110926     -0.26666106       4.7409248        4.7409248        21.76533               21.76533
              1       15.612449      0.81208664       1.4121468         13.400901           12.160555      0.75186257     -0.24761205       4.7409248        4.7409248       21.743049              21.743049
              1       15.591347      0.80650209       1.4121468         13.400901           12.160555      0.75186257     -0.24761205       4.7409248        4.7409248       21.700845              21.700845
              2       15.662476      0.80650209       1.4116438         13.409232           12.162715      0.75010416     -0.24895046       4.7409248        4.7409248       21.843103              21.843103
              1       15.703289      0.80650209       1.4229944          13.41047           12.163109      0.75902072     -0.25659158       4.7409248        4.7409248       21.924729              21.924729
              1       15.652569      0.80650209       1.4212632         13.411238           12.167293      0.76483196      -0.2520419       4.7409248        4.7409248       21.823289              21.823289
              1       15.572632      0.80650209       1.4102293         13.415052           12.169689      0.75603876     -0.25281494       4.7409248        4.7409248       21.663414              21.663414
              1        15.87711      0.80650209       1.4185569         13.425737           12.171064      0.74993826     -0.24530936       4.7409248        4.7409248       22.272371              22.272371
              1       15.555079      0.80650209       1.4164298         13.429918           12.180406      0.75693313     -0.24492754       4.7409248        4.7409248       21.628308              21.628308
              1       15.569797      0.80650209       1.4142084         13.425023           12.181587      0.75709688     -0.23557711       4.7409248        4.7409248       21.657744              21.657744
              3       15.574262      0.80742661       1.4142084         13.425023           12.181587      0.75709688     -0.23557711       4.7409248        4.7409248       21.666675              21.666675
              3       15.578913      0.80742661       1.4188259         13.429868           12.184006      0.75281096     -0.23580389       4.7409248        4.7409248       21.675976              21.675976
              2        15.56178      0.80742661         1.42709         13.429843           12.181822      0.76065589     -0.23964735       4.7409248        4.7409248        21.64171               21.64171
              1       15.770957      0.81544455         1.42709         13.429843           12.181822      0.76065589     -0.23964735       4.7409248        4.7409248       22.060064              22.060064
              4       15.702326      0.81544455       1.4236973          13.43764           12.189956      0.76188504      -0.2514221       4.7409248        4.7409248       21.922803              21.922803
              2       15.783574      0.81544455       1.4228777         13.437488           12.190957      0.76057622     -0.25073168       4.7409248        4.7409248       22.085299              22.085299
              1       15.835227      0.81737469       1.4228777         13.437488           12.190957      0.76057622     -0.25073168       4.7409248        4.7409248       22.188605              22.188605
              1       18.531149      0.81737469       1.4275815         13.429817           12.197268       0.7611395     -0.25258983       4.7409248        4.7409248       27.580448              27.580448
              1       18.396818      0.81737469       1.4246997         13.431965           12.198956       0.7674852     -0.26109388       4.7409248        4.7409248       27.311787              27.311787
