#        weight    minuslogpost        ygk_Ahmc ygk_LOWZ__0_lM1_0 ygk_LOWZ__0_lMmin_0   ygk_mass_bias       ygk_rhogy   minuslogprior minuslogprior__0            chi2 chi2__ygk_like.ygkLike
              1       20.860034        1.188309          13.87238           12.472008       1.0108842     -0.54253702        5.362226         5.362226       30.995616              30.995616
              1       20.426239       1.1871659         13.870792           12.473625        1.009504     -0.54374364        5.362226         5.362226       30.128025              30.128025
              2       20.448104       1.1869723         13.870122           12.472939       1.0086744     -0.54264901        5.362226         5.362226       30.171756              30.171756
              1       20.442585       1.1879429         13.870666           12.473199       1.0086159     -0.54323432        5.362226         5.362226       30.160717              30.160717
              4        22.22803       1.1827831          13.88643           12.475074       1.0044394      -0.5359012        5.362226         5.362226       33.731608              33.731608
              1       21.785612       1.1836824         13.886537           12.476318       1.0018067      -0.5355832        5.362226         5.362226       32.846772              32.846772
              2       21.661932       1.1888205         13.873841           12.469967       1.0011864     -0.52613358        5.362226         5.362226       32.599412              32.599412
              2       20.872568       1.1866852         13.872939           12.473941        1.002626     -0.52341886        5.362226         5.362226       31.020685              31.020685
              1       21.115093       1.1869072         13.870867           12.472098       1.0046591     -0.52252382        5.362226         5.362226       31.505735              31.505735
              4       21.389742       1.1863084         13.870102           12.468839       1.0044834     -0.53045496        5.362226         5.362226       32.055032              32.055032
              1       19.599958       1.1767978         13.862021           12.482783       1.0080579     -0.52061679        5.362226         5.362226       28.475464              28.475464
              1       19.581423       1.1758823         13.859192           12.481003       1.0103159     -0.52212388        5.362226         5.362226       28.438395              28.438395
              2        19.58783        1.176531          13.85855           12.481153       1.0099145     -0.52209134        5.362226         5.362226       28.451209              28.451209
              2       19.581119       1.1774413         13.858759           12.480627       1.0101929     -0.52248792        5.362226         5.362226       28.437786              28.437786
              1       20.160477       1.1687466         13.874789           12.488577       1.0148033     -0.54131279        5.362226         5.362226       29.596501              29.596501
              1       20.930472       1.1626129         13.876576           12.482551       1.0300154      -0.5357765        5.362226         5.362226       31.136491              31.136491
              1       21.160695       1.1707791         13.868858           12.499775       1.0411612     -0.53611731        5.362226         5.362226       31.596939              31.596939
              1       20.291207       1.1785196         13.873523           12.497843       1.0465194     -0.53113519        5.362226         5.362226       29.857961              29.857961
              1       20.361715       1.1769813         13.875976           12.500526       1.0455367     -0.52894468        5.362226         5.362226       29.998978              29.998978
              2       19.995138       1.1801343         13.872925           12.495744       1.0354418     -0.52198357        5.362226         5.362226       29.265825              29.265825
              1       20.895066       1.1910242         13.881026           12.500832       1.0256832      -0.5340202        5.362226         5.362226       31.065681              31.065681
              1       20.863689       1.1909741         13.881135           12.500737       1.0258804     -0.53408568        5.362226         5.362226       31.002925              31.002925
              1       20.147461       1.1859868         13.881498           12.499056       1.0265295     -0.52526461        5.362226         5.362226        29.57047               29.57047
              1       20.136399       1.1882731         13.888749           12.494687       1.0212027     -0.52471121        5.362226         5.362226       29.548345              29.548345
              1       20.107941       1.1867057         13.889804           12.496129       1.0207192      -0.5253307        5.362226         5.362226       29.491431              29.491431
              1        20.32737       1.2015868         13.900485           12.511958        1.029737     -0.51500504        5.362226         5.362226       29.930288              29.930288
              1       20.303926       1.2015174         13.900308           12.511507       1.0297158     -0.51520268        5.362226         5.362226         29.8834                29.8834
              1       20.278012       1.2186836         13.903233            12.50477       1.0251505      -0.5079993        5.362226         5.362226       29.831572              29.831572
              1       20.721908       1.2103281         13.904687           12.501688       1.0146526     -0.49821314        5.362226         5.362226       30.719364              30.719364
              1       22.538439       1.2092419         13.917325           12.499612       1.0123129     -0.50418166        5.362226         5.362226       34.352426              34.352426
              1       20.281807       1.2121832         13.912711           12.504845       1.0007271     -0.51176567        5.362226         5.362226       29.839162              29.839162
              2       20.578808       1.2153935         13.915845            12.50376       1.0031017     -0.51352224        5.362226         5.362226       30.433164              30.433164
              3       20.311179       1.2135016         13.914027           12.507073       1.0057461     -0.51869548        5.362226         5.362226       29.897906              29.897906
              1         20.3743       1.2000155         13.910796           12.506914      0.99258197     -0.51906693        5.362226         5.362226       30.024149              30.024149
              1       20.340082       1.2056106         13.904694           12.498674      0.98860903     -0.52479925        5.362226         5.362226       29.955711              29.955711
              1       20.772224       1.2038108         13.911198            12.50098      0.98917818     -0.53718998        5.362226         5.362226       30.819995              30.819995
              1       20.836319       1.2029359         13.913991           12.497539      0.98940322      -0.5362268        5.362226         5.362226       30.948185              30.948185
              1       21.012513       1.1833712         13.897565           12.489023       1.0137575     -0.54247414        5.362226         5.362226       31.300574              31.300574
              2       21.333488       1.1925862         13.904878           12.493952       1.0280997     -0.54406702        5.362226         5.362226       31.942524              31.942524
              1       21.586498       1.1932624         13.904225           12.492316       1.0286497     -0.54326251        5.362226         5.362226       32.448544              32.448544
              1       20.833291       1.1930633         13.885708           12.499532       1.0352197     -0.54794546        5.362226         5.362226       30.942129              30.942129
              1        20.84639       1.1938757         13.885727           12.498675       1.0347505     -0.55003427        5.362226         5.362226       30.968329              30.968329
              1       20.666084       1.1955966          13.88395           12.488758       1.0458897     -0.54592925        5.362226         5.362226       30.607717              30.607717
              1       20.665453       1.1955884         13.883947           12.488765       1.0458968      -0.5459274        5.362226         5.362226       30.606455              30.606455
              1       20.236966        1.202233         13.874022           12.492818       1.0440415     -0.53818564        5.362226         5.362226       29.749479              29.749479
              2       20.044921       1.1960259         13.871531           12.488678       1.0397151     -0.53492199        5.362226         5.362226        29.36539               29.36539
              1       20.141468       1.1962798         13.870967           12.491663         1.04118     -0.53508142        5.362226         5.362226       29.558485              29.558485
              2       20.098994       1.1936692         13.871729           12.491284       1.0427569     -0.53452103        5.362226         5.362226       29.473536              29.473536
              1        20.39012       1.1901983         13.870705           12.491969       1.0406557     -0.54292313        5.362226         5.362226       30.055788              30.055788
              1       20.514289       1.1890659         13.868012           12.492063       1.0397371     -0.54188966        5.362226         5.362226       30.304126              30.304126
              2       20.739637       1.1873749         13.867772            12.49462        1.040555     -0.53916038        5.362226         5.362226       30.754822              30.754822
              2       20.613661       1.1791342         13.862211           12.490408       1.0307049     -0.53785666        5.362226         5.362226        30.50287               30.50287
              2       20.228566       1.1780957         13.854991           12.485776       1.0377558     -0.53690896        5.362226         5.362226       29.732681              29.732681
              1       19.808029       1.1824247         13.856133           12.479122       1.0329487     -0.53541393        5.362226         5.362226       28.891605              28.891605
              1       20.299296       1.1759737         13.851541           12.475879       1.0368291     -0.51518832        5.362226         5.362226        29.87414               29.87414
              1       19.690299       1.1749382         13.847644           12.477511       1.0326642     -0.51534253        5.362226         5.362226       28.656145              28.656145
              2       19.892121       1.1706406         13.850416           12.476455       1.0307448     -0.51588495        5.362226         5.362226       29.059789              29.059789
              2       20.638762        1.173165         13.862743            12.47895       1.0295465     -0.51504645        5.362226         5.362226       30.553072              30.553072
              1       20.602598       1.1707093         13.863493           12.480228       1.0328826     -0.51771884        5.362226         5.362226       30.480744              30.480744
              1       20.309737       1.1704488         13.863471           12.480329       1.0299496     -0.52109926        5.362226         5.362226       29.895022              29.895022
              1       20.459712       1.1689024         13.865448           12.481467        1.033726     -0.52312782        5.362226         5.362226       30.194972              30.194972
              1       20.547287       1.1689426         13.866232           12.481245       1.0333114     -0.52329071        5.362226         5.362226       30.370121              30.370121
              1       20.175422       1.1784693          13.86354           12.488725       1.0298818     -0.53536242        5.362226         5.362226       29.626392              29.626392
              1       20.654752       1.1770456         13.864394           12.492877       1.0284883     -0.53370812        5.362226         5.362226       30.585052              30.585052
              2       20.393187       1.1832273         13.866865           12.493909       1.0316074     -0.52962748        5.362226         5.362226       30.061921              30.061921
              1       19.572138       1.1956788         13.857364           12.479704       1.0168904     -0.52193758        5.362226         5.362226       28.419823              28.419823
              2        19.58967       1.1982492         13.858819           12.480563       1.0212053     -0.51445692        5.362226         5.362226       28.454889              28.454889
