#        weight    minuslogpost        ygk_Ahmc ygk_LOWZ__0_lM1_0 ygk_LOWZ__0_lMmin_0   ygk_mass_bias       ygk_rhogy   minuslogprior minuslogprior__0            chi2 chi2__ygk_like.ygkLike
              3       19.974376       1.1516633         13.862654            12.47418      0.98168696     -0.50433288        5.362226         5.362226       29.224301              29.224301
              1        19.72647       1.1499117         13.860751           12.477406      0.98772037     -0.49762307        5.362226         5.362226       28.728487              28.728487
              1        19.65603       1.1481597         13.866746           12.481429      0.98042747     -0.49175671        5.362226         5.362226       28.587608              28.587608
              1       19.393718       1.1637347         13.867641           12.485285      0.98679707     -0.49072947        5.362226         5.362226       28.062985              28.062985
              2       19.414687       1.1637548         13.867813           12.485114      0.98680426     -0.49058466        5.362226         5.362226       28.104922              28.104922
              1       19.739057       1.1779459         13.847916           12.462115      0.96959221     -0.49534662        5.362226         5.362226       28.753662              28.753662
              1       20.852787       1.1752236         13.843498           12.456351      0.98064333     -0.49710711        5.362226         5.362226       30.981123              30.981123
              6       20.948374       1.1793297         13.842718           12.455453      0.98114575     -0.49609167        5.362226         5.362226       31.172296              31.172296
              1       20.479349       1.1798342         13.847335           12.462266       0.9841998     -0.49032278        5.362226         5.362226       30.234246              30.234246
              2        20.32884       1.1800469         13.846784           12.462436      0.98297324     -0.48945251        5.362226         5.362226       29.933229              29.933229
              1        19.61583       1.1794014         13.856152           12.468662      0.97283356     -0.49887839        5.362226         5.362226       28.507208              28.507208
              1       19.660581       1.1800267         13.856697           12.468834      0.97401472     -0.49911987        5.362226         5.362226       28.596711              28.596711
              1       19.379173       1.1865312          13.86172           12.474194      0.96864323     -0.49340181        5.362226         5.362226       28.033894              28.033894
              4       19.515521       1.1867893         13.864759           12.478062      0.96437454     -0.50400138        5.362226         5.362226       28.306589              28.306589
              1       19.465561       1.1913441         13.855236           12.467434      0.96801607     -0.49766873        5.362226         5.362226       28.206669              28.206669
              1       19.506303        1.191462         13.855455           12.467064      0.96742598     -0.49770523        5.362226         5.362226       28.288155              28.288155
              1       19.117498       1.1900952         13.853743           12.470981       0.9636154     -0.49053306        5.362226         5.362226       27.510544              27.510544
              3       19.242338       1.1893103         13.848618           12.472257      0.96096676     -0.49401019        5.362226         5.362226       27.760224              27.760224
              3       19.199151       1.1987759         13.842838           12.468409      0.96237314     -0.49542634        5.362226         5.362226        27.67385               27.67385
              1       19.673777       1.1979276         13.842399           12.470461      0.96058581     -0.49869117        5.362226         5.362226       28.623101              28.623101
              3       19.180448       1.1843064          13.84979           12.468941       0.9655168     -0.49980188        5.362226         5.362226       27.636443              27.636443
              1       19.156855       1.1806177         13.845733           12.464601      0.96042435     -0.49823694        5.362226         5.362226       27.589258              27.589258
              1        19.37799       1.1777531         13.846245           12.462064      0.96161298     -0.49628944        5.362226         5.362226       28.031527              28.031527
              1       19.715015       1.1876384         13.850683           12.464154       0.9631246     -0.48111715        5.362226         5.362226       28.705578              28.705578
              1       19.385267       1.1874522         13.847056            12.46356      0.96046655     -0.47958818        5.362226         5.362226       28.046082              28.046082
              4       19.312823       1.1842171         13.851233           12.466299      0.95498777     -0.47853364        5.362226         5.362226       27.901193              27.901193
              1       19.943204       1.1762239         13.845329           12.460594      0.96216602     -0.47919728        5.362226         5.362226       29.161956              29.161956
              1       20.163198       1.1767499         13.846261           12.460298      0.96326152      -0.4794295        5.362226         5.362226       29.601944              29.601944
              2       20.099204       1.1794997         13.843914           12.461711      0.96643936     -0.46943484        5.362226         5.362226       29.473957              29.473957
              1       20.893095       1.1797843         13.839898           12.454931      0.96772213     -0.47559076        5.362226         5.362226       31.061739              31.061739
              1       21.427167       1.1758314         13.841264           12.453439      0.96443537     -0.47570598        5.362226         5.362226       32.129882              32.129882
              1        19.18201       1.1781378         13.826963           12.453223      0.95554276     -0.46788544        5.362226         5.362226       27.639569              27.639569
              3       18.979125       1.1842893         13.829868           12.453953       0.9491515     -0.47163316        5.362226         5.362226       27.233798              27.233798
              1        19.23125       1.1761633         13.822044            12.45938      0.95005057     -0.48933774        5.362226         5.362226       27.738048              27.738048
              1       19.138535       1.1715066         13.830123           12.464318      0.95441056     -0.48903659        5.362226         5.362226       27.552618              27.552618
              2       18.895987       1.1697737         13.828017           12.462612      0.95829852     -0.48763549        5.362226         5.362226       27.067522              27.067522
              1       18.818711       1.1700257         13.827498           12.461305      0.95821569     -0.48734729        5.362226         5.362226        26.91297               26.91297
              1        19.11581       1.1779634         13.822952           12.465394      0.96552103     -0.48182229        5.362226         5.362226       27.507169              27.507169
              1       19.200215       1.2016239         13.835783           12.465472      0.94919861     -0.48373578        5.362226         5.362226       27.675978              27.675978
              1       18.997908       1.2053495         13.839582           12.461385      0.95898974     -0.49588398        5.362226         5.362226       27.271365              27.271365
              1       19.397592        1.212126         13.843617           12.460614      0.95200655     -0.50705403        5.362226         5.362226       28.070732              28.070732
              2       19.461665       1.2110895         13.839092           12.458327      0.94401547     -0.50416363        5.362226         5.362226       28.198877              28.198877
              2        19.26005       1.2249612         13.844625           12.461547      0.94224797     -0.49286684        5.362226         5.362226       27.795648              27.795648
              1       19.298242       1.2290482         13.845111           12.455751      0.94799644     -0.49875516        5.362226         5.362226       27.872033              27.872033
              1       19.011293       1.2391833         13.828899           12.454095      0.94821132     -0.49122036        5.362226         5.362226       27.298135              27.298135
              1       19.329579       1.2429452         13.830022           12.455039      0.94401951     -0.49353779        5.362226         5.362226       27.934707              27.934707
              1       19.355314       1.2439184         13.830832            12.45611      0.94499633     -0.49289625        5.362226         5.362226       27.986177              27.986177
              1       19.867228       1.2433928          13.82943           12.458174      0.94565002     -0.49477048        5.362226         5.362226       29.010003              29.010003
              2       19.430547       1.2448055          13.82879           12.450916      0.93303651     -0.49461217        5.362226         5.362226       28.136642              28.136642
              3       18.869809       1.2330847          13.81969           12.440172      0.93847084     -0.48639733        5.362226         5.362226       27.015165              27.015165
              2       18.873571       1.2329786         13.819675           12.440081      0.93809837     -0.48609988        5.362226         5.362226        27.02269               27.02269
              2       19.538709       1.2388194         13.822474           12.434504      0.92098529     -0.50702248        5.362226         5.362226       28.352965              28.352965
              1       19.535805       1.2388868         13.822421           12.434533      0.92097255     -0.50700809        5.362226         5.362226       28.347157              28.347157
              2       19.777982       1.2366537         13.820498           12.433089      0.90918236       -0.508002        5.362226         5.362226       28.831511              28.831511
              1       19.776315       1.2349094         13.819141           12.430603      0.91016818     -0.50953963        5.362226         5.362226       28.828179              28.828179
              2       20.385528       1.2469823         13.814592           12.431233      0.90948546      -0.5206783        5.362226         5.362226       30.046605              30.046605
              1       20.215556       1.2447626         13.811965           12.429504       0.9083532     -0.51807591        5.362226         5.362226        29.70666               29.70666
              3       20.102678       1.2481903         13.809284           12.427981      0.91045892     -0.51795429        5.362226         5.362226       29.480904              29.480904
