#        weight    minuslogpost        ygk_Ahmc ygk_LOWZ__0_lM1_0 ygk_LOWZ__0_lMmin_0   ygk_mass_bias       ygk_rhogy   minuslogprior minuslogprior__0            chi2 chi2__ygk_like.ygkLike
              2       20.145851       1.1586088         13.846677           12.474892      0.98542624     -0.52816714        5.362226         5.362226        29.56725               29.56725
              3       19.721216       1.1470926         13.858004           12.473266      0.98984931     -0.52232189        5.362226         5.362226       28.717981              28.717981
              1       20.137472       1.1442593         13.866121           12.474646      0.99180594     -0.53251061        5.362226         5.362226       29.550493              29.550493
              1       20.147685       1.1446887         13.860753           12.472194       1.0013526     -0.53540505        5.362226         5.362226       29.570918              29.570918
              2       20.957281        1.139685         13.857644           12.464006      0.99679643     -0.53847362        5.362226         5.362226       31.190111              31.190111
              1       20.011457       1.1527697         13.850489           12.466557       0.9896996     -0.54883001        5.362226         5.362226       29.298462              29.298462
              1       20.070306       1.1526889         13.849635           12.468292      0.99100126     -0.54898548        5.362226         5.362226        29.41616               29.41616
              1       19.978574       1.1536282         13.854599           12.467434      0.99640194     -0.54110051        5.362226         5.362226       29.232696              29.232696
              2       20.056212       1.1532402         13.853542           12.465912       0.9976737     -0.54142499        5.362226         5.362226       29.387972              29.387972
              1        20.06434        1.156572         13.853637           12.465632      0.99821476     -0.54228317        5.362226         5.362226       29.404229              29.404229
              1       19.964963        1.158675         13.856433           12.468653      0.99721707     -0.53886732        5.362226         5.362226       29.205475              29.205475
              1       20.150559       1.1699747         13.860262           12.472211      0.99876432     -0.55165302        5.362226         5.362226       29.576666              29.576666
              1       20.240607       1.1685287         13.860701           12.473496      0.99770004     -0.55257033        5.362226         5.362226       29.756761              29.756761
              1       20.292417       1.1679732         13.860224           12.475015       1.0000304     -0.55249976        5.362226         5.362226       29.860381              29.860381
              1       20.311115       1.1658696         13.866246           12.472308       1.0025421     -0.55300494        5.362226         5.362226       29.897777              29.897777
              1       20.317336       1.1670426         13.868249           12.473636       1.0014988     -0.55238499        5.362226         5.362226       29.910219              29.910219
              1       20.344559       1.1649857         13.869206           12.474059       1.0021509     -0.55139435        5.362226         5.362226       29.964666              29.964666
              2       20.719156        1.164398         13.874419           12.474219       1.0063166     -0.56046039        5.362226         5.362226       30.713861              30.713861
              1       20.666678       1.1699721         13.869582           12.485343       1.0192385     -0.55746826        5.362226         5.362226       30.608905              30.608905
              1       21.191249        1.173067         13.867443           12.485666       1.0132829      -0.5583296        5.362226         5.362226       31.658045              31.658045
              1        20.74344       1.1700762         13.868036           12.482991       1.0113433     -0.55814089        5.362226         5.362226       30.762429              30.762429
              1       20.982759       1.1690897         13.867194           12.483811       1.0113566     -0.55937748        5.362226         5.362226       31.241066              31.241066
              3       20.748743         1.17523         13.872146           12.474887       1.0143314     -0.57353178        5.362226         5.362226       30.773034              30.773034
              1       20.871075       1.1706891          13.87149           12.470477       1.0107688     -0.56510074        5.362226         5.362226       31.017699              31.017699
              1       21.621116       1.1800301         13.873608           12.466276       1.0100419     -0.56240914        5.362226         5.362226       32.517779              32.517779
              3       21.383332       1.1804872         13.870269           12.465315       1.0104153     -0.56276786        5.362226         5.362226       32.042213              32.042213
              1       21.493741       1.1636205         13.879934           12.478305      0.99592983     -0.58205231        5.362226         5.362226       32.263031              32.263031
              2       21.506502       1.1636701         13.879952           12.478527      0.99615495     -0.58210645        5.362226         5.362226       32.288552              32.288552
              2       21.633892       1.1547452         13.879293           12.486793      0.99361859     -0.56715747        5.362226         5.362226       32.543331              32.543331
              2       21.500147        1.157568         13.882211           12.487646      0.99309037     -0.56548412        5.362226         5.362226       32.275842              32.275842
              3       21.092854       1.1556814         13.884203           12.486008      0.99431939      -0.5645529        5.362226         5.362226       31.461256              31.461256
              1       20.948001        1.162944         13.891837           12.484089      0.99882915      -0.5561213        5.362226         5.362226        31.17155               31.17155
              4        20.97643       1.1627802         13.892642           12.484386      0.99856962     -0.55650226        5.362226         5.362226       31.228408              31.228408
              1       21.436933       1.1611277         13.892127           12.480591       1.0021255     -0.55864106        5.362226         5.362226       32.149415              32.149415
              1       21.149327       1.1520994         13.886881           12.480652        1.002415     -0.55002997        5.362226         5.362226       31.574202              31.574202
              3        21.66604       1.1492898         13.895066           12.484612       1.0076262     -0.54819258        5.362226         5.362226       32.607628              32.607628
              1       21.633385       1.1465331         13.909861           12.494141      0.99896731     -0.54167213        5.362226         5.362226       32.542317              32.542317
              1       20.924003       1.1570983         13.912314           12.501555       1.0059191     -0.54437395        5.362226         5.362226       31.123553              31.123553
              2       20.599919       1.1542408         13.900382           12.511284       1.0115071     -0.52530491        5.362226         5.362226       30.475386              30.475386
              1         20.7284        1.151282         13.907925           12.503289       1.0134885     -0.52864705        5.362226         5.362226       30.732349              30.732349
              1       21.037067       1.1486497         13.919894           12.511074       1.0131939     -0.51810373        5.362226         5.362226       31.349683              31.349683
              1       21.121143       1.1585633         13.923619            12.51127       1.0113185     -0.52005539        5.362226         5.362226       31.517834              31.517834
              1        21.69085       1.1503502         13.929137           12.524014      0.99900161     -0.53812358        5.362226         5.362226       32.657248              32.657248
              1       22.279182       1.1511332          13.92994           12.528605       1.0091939     -0.54194448        5.362226         5.362226       33.833912              33.833912
              1        22.03649       1.1481293         13.925877           12.527644       1.0131428     -0.53940163        5.362226         5.362226       33.348527              33.348527
              2       23.093889       1.1527723         13.920463           12.527831       1.0121806     -0.54100107        5.362226         5.362226       35.463327              35.463327
              1       22.938827       1.1507734         13.920099           12.525744        1.013318     -0.54649897        5.362226         5.362226       35.153202              35.153202
              1        21.77722       1.1538126         13.921879           12.522335       1.0162015     -0.54583142        5.362226         5.362226       32.829988              32.829988
              1       21.195681       1.1511383         13.921611           12.513883       1.0155084     -0.55360556        5.362226         5.362226        31.66691               31.66691
              1       21.102994       1.1591188         13.921623           12.512083       1.0233781     -0.55509596        5.362226         5.362226       31.481536              31.481536
              3       21.115978       1.1599984         13.921778           12.512052       1.0224427     -0.55528702        5.362226         5.362226       31.507503              31.507503
              3       21.334981       1.1568107         13.923133           12.507269       1.0146611     -0.55997052        5.362226         5.362226       31.945511              31.945511
              1        21.38212       1.1574851         13.923393           12.506704       1.0153642     -0.56094492        5.362226         5.362226       32.039787              32.039787
              2       21.360843       1.1612982         13.923356           12.509065       1.0127304     -0.56158653        5.362226         5.362226       31.997234              31.997234
              1        21.30708       1.1506417         13.923225           12.507727       1.0073947     -0.55707463        5.362226         5.362226       31.889708              31.889708
              3       21.198564       1.1494988         13.922083           12.509231       1.0107732     -0.55536582        5.362226         5.362226       31.672676              31.672676
              1       21.817769       1.1372788         13.924177           12.504575       1.0180842      -0.5644072        5.362226         5.362226       32.911086              32.911086
              1       21.273537         1.13231         13.918969           12.509165       1.0168883     -0.56222822        5.362226         5.362226       31.822622              31.822622
              1       21.731666       1.1241257           13.9335           12.512289       1.0040893     -0.55975958        5.362226         5.362226        32.73888               32.73888
              1       22.449348       1.1221159         13.930605           12.504308       1.0008164     -0.55625082        5.362226         5.362226       34.174244              34.174244
