#        weight    minuslogpost          sigma8        ygk_Ahmc ygk_LOWZ__0_lM1_0 ygk_LOWZ__0_lMmin_0   minuslogprior minuslogprior__0            chi2 chi2__ygk_like.ygkLike
              2       19.674052      0.80359821       1.1740649         14.120276           12.666566       4.7960384        4.7960384       29.756026              29.756026
              1       19.867959       0.7575461       1.1740649         14.120276           12.666566       4.7960384        4.7960384       30.143842              30.143842
              2       19.888916       0.7575461       1.1749276         14.118286           12.667318       4.7960384        4.7960384       30.185755              30.185755
              1       19.746419       0.7575461       1.1551907         14.115439           12.665445       4.7960384        4.7960384       29.900762              29.900762
              1       20.708911       0.7575461       1.1491964         14.120633            12.68016       4.7960384        4.7960384       31.825745              31.825745
              1       20.727272       0.7575461       1.1539413         14.121682           12.680274       4.7960384        4.7960384       31.862468              31.862468
              1       20.380039       0.7575461       1.1464949         14.130524           12.676394       4.7960384        4.7960384       31.168001              31.168001
              1       20.250821      0.76563756       1.1464949         14.130524           12.676394       4.7960384        4.7960384       30.909565              30.909565
              1       20.085343      0.76563756       1.1442123         14.136984           12.659307       4.7960384        4.7960384       30.578609              30.578609
              1       18.991404      0.76563756       1.1675058         14.106751           12.647099       4.7960384        4.7960384       28.390732              28.390732
              1       18.888153      0.76563756       1.1376761         14.101418           12.646078       4.7960384        4.7960384       28.184229              28.184229
              2       19.068372      0.75871736       1.1376761         14.101418           12.646078       4.7960384        4.7960384       28.544667              28.544667
              1       19.792088      0.75871736       1.1307364         14.115329           12.643568       4.7960384        4.7960384       29.992098              29.992098
              1       20.050566      0.75871736       1.1349278         14.114708           12.637229       4.7960384        4.7960384       30.509056              30.509056
              2        20.35383      0.75871736       1.0974918         14.109023           12.631598       4.7960384        4.7960384       31.115584              31.115584
              1       20.600721      0.75871736       1.1065133         14.111231            12.62954       4.7960384        4.7960384       31.609365              31.609365
              2       20.291074      0.75871736       1.1115621         14.097427           12.620257       4.7960384        4.7960384       30.990071              30.990071
              2          19.856      0.75871736       1.1177695          14.09291           12.620677       4.7960384        4.7960384       30.119923              30.119923
              1       21.248133      0.75871736       1.1132327          14.08987           12.604753       4.7960384        4.7960384       32.904188              32.904188
              1       21.728781      0.75871736       1.1268946         14.094392           12.602917       4.7960384        4.7960384       33.865484              33.865484
              2       21.068681      0.75871736       1.1085216         14.101904           12.616416       4.7960384        4.7960384       32.545284              32.545284
              1        21.27767      0.75871736       1.1067153         14.102723           12.615346       4.7960384        4.7960384       32.963262              32.963262
              2       21.424981      0.75586399       1.1067153         14.102723           12.615346       4.7960384        4.7960384       33.257885              33.257885
              1       20.243747      0.75586399       1.0794554         14.095293           12.624027       4.7960384        4.7960384       30.895416              30.895416
              2       17.794376      0.84213161       1.0794554         14.095293           12.624027       4.7960384        4.7960384       25.996675              25.996675
              1       17.757968      0.84213161       1.0849389         14.094364           12.623426       4.7960384        4.7960384       25.923859              25.923859
              1       17.955139      0.84213161       1.0912292         14.096772           12.634054       4.7960384        4.7960384       26.318201              26.318201
              1       17.944674       0.8225552       1.0912292         14.096772           12.634054       4.7960384        4.7960384       26.297272              26.297272
              1       17.897198       0.8225552       1.0894549         14.093505           12.635057       4.7960384        4.7960384       26.202318              26.202318
              2        18.01744       0.8225552       1.1074165          14.09495           12.638662       4.7960384        4.7960384       26.442804              26.442804
              1       17.696391       0.8225552        1.119226         14.076545           12.631333       4.7960384        4.7960384       25.800706              25.800706
              1       17.906263       0.7791267        1.119226         14.076545           12.631333       4.7960384        4.7960384        26.22045               26.22045
              1       17.753392      0.82741951        1.119226         14.076545           12.631333       4.7960384        4.7960384       25.914707              25.914707
              4       17.573977      0.82741951       1.1184454         14.073352           12.627761       4.7960384        4.7960384       25.555876              25.555876
              1       17.356739      0.82741951       1.1305459         14.077921           12.619956       4.7960384        4.7960384         25.1214                25.1214
              1       17.482553      0.82741951       1.1437955         14.077249           12.624699       4.7960384        4.7960384       25.373029              25.373029
              1       17.352619      0.82741951       1.1467341         14.070058           12.621628       4.7960384        4.7960384       25.113162              25.113162
              1       17.368149      0.80001827       1.1467341         14.070058           12.621628       4.7960384        4.7960384       25.144222              25.144222
              1       17.436309      0.80001827        1.153281         14.067899           12.626185       4.7960384        4.7960384       25.280541              25.280541
              1       17.471259      0.80001827       1.1317014         14.053606           12.627163       4.7960384        4.7960384       25.350441              25.350441
              1       17.068925      0.80001827       1.1474366         14.047068           12.618414       4.7960384        4.7960384       24.545773              24.545773
              2       16.759522      0.80001827       1.1604452         14.041449           12.610463       4.7960384        4.7960384       23.926968              23.926968
              1       16.938441      0.80001827       1.1663677         14.053706           12.604223       4.7960384        4.7960384       24.284805              24.284805
              1       16.909818      0.80001827       1.1734399         14.054161           12.606795       4.7960384        4.7960384        24.22756               24.22756
              2       16.530515      0.80001827        1.187645          14.03662           12.602932       4.7960384        4.7960384       23.468954              23.468954
              2       16.504992      0.80001827          1.1528         14.029176           12.604701       4.7960384        4.7960384       23.417907              23.417907
              2       16.433041      0.80001827       1.1490129         14.026457           12.603013       4.7960384        4.7960384       23.274004              23.274004
              1        16.88324      0.83257681       1.1490129         14.026457           12.603013       4.7960384        4.7960384       24.174404              24.174404
              1       16.808398      0.83257681       1.1385629         14.029647           12.603736       4.7960384        4.7960384       24.024719              24.024719
              1        16.45687      0.83257681       1.1348769         14.026894           12.597779       4.7960384        4.7960384       23.321663              23.321663
              1       16.464963      0.78785423       1.1348769         14.026894           12.597779       4.7960384        4.7960384       23.337849              23.337849
              1       17.163452      0.78785423       1.1345698         14.039694           12.591912       4.7960384        4.7960384       24.734827              24.734827
              2       17.099672      0.78785423       1.1632417         14.038158           12.588187       4.7960384        4.7960384       24.607267              24.607267
              1       16.979176      0.78785423       1.1685045         14.033938           12.585536       4.7960384        4.7960384       24.366275              24.366275
              1       16.955076      0.78785423       1.1694409         14.033978           12.585936       4.7960384        4.7960384       24.318074              24.318074
              1        16.30597      0.78785423        1.149611         14.019613           12.598965       4.7960384        4.7960384       23.019862              23.019862
              1        16.33595      0.78785423        1.147666         14.016582           12.583746       4.7960384        4.7960384       23.079824              23.079824
              1       15.939941      0.81439574        1.147666         14.016582           12.583746       4.7960384        4.7960384       22.287806              22.287806
              1       15.867228      0.81439574       1.1282886         14.010406           12.585595       4.7960384        4.7960384       22.142379              22.142379
              2       15.956472      0.81439574       1.1215667         14.015443           12.584807       4.7960384        4.7960384       22.320867              22.320867
              1       17.993494      0.89329314       1.1215667         14.015443           12.584807       4.7960384        4.7960384       26.394911              26.394911
              1       17.105597      0.89329314       1.1456001         14.023699           12.578704       4.7960384        4.7960384       24.619117              24.619117
              2       17.751467      0.89329314       1.1436361         14.032887           12.589199       4.7960384        4.7960384       25.910858              25.910858
              3       17.461042      0.89329314       1.1628359         14.046219           12.590176       4.7960384        4.7960384       25.330008              25.330008
              2       17.341644      0.89329314       1.1633069          14.04856           12.589431       4.7960384        4.7960384       25.091212              25.091212
              1       17.168768      0.89329314       1.1721779         14.046984            12.58588       4.7960384        4.7960384        24.74546               24.74546
              1       16.581023      0.89329314       1.1353933         14.042205            12.56503       4.7960384        4.7960384       23.569969              23.569969
              1       16.630139      0.89329314       1.1324159         14.042198           12.562719       4.7960384        4.7960384       23.668201              23.668201
              1       17.032782      0.89329314        1.139523         14.050612           12.560405       4.7960384        4.7960384       24.473487              24.473487
              2       16.872021      0.89329314        1.170203         14.041424           12.550554       4.7960384        4.7960384       24.151965              24.151965
              1       16.447074      0.89329314       1.1815222         14.037269           12.556591       4.7960384        4.7960384       23.302072              23.302072
              1        16.54108      0.89329314       1.1865356         14.040237           12.556284       4.7960384        4.7960384       23.490084              23.490084
              1       16.565698      0.88762742       1.1865356         14.040237           12.556284       4.7960384        4.7960384       23.539319              23.539319
              1        16.60897      0.88762742       1.1715413         14.047838           12.568543       4.7960384        4.7960384       23.625863              23.625863
              1       16.620513      0.88762742       1.1751485         14.045965           12.563713       4.7960384        4.7960384        23.64895               23.64895
              1       16.145571      0.88762742       1.1294039         14.021608           12.564618       4.7960384        4.7960384       22.699064              22.699064
              1       16.467212      0.88762742       1.1088093         14.030999            12.55713       4.7960384        4.7960384       23.342347              23.342347
              3       16.523172       0.8816682       1.1088093         14.030999            12.55713       4.7960384        4.7960384       23.454267              23.454267
              3        16.23939       0.8816682       1.1309359          14.03059           12.565259       4.7960384        4.7960384       22.886703              22.886703
              1       16.253083       0.8816682       1.1243733         14.030009           12.563641       4.7960384        4.7960384       22.914089              22.914089
              1       16.501793       0.8816682       1.1062487         14.034081            12.58055       4.7960384        4.7960384       23.411509              23.411509
              3       16.904066      0.89642002       1.1062487         14.034081            12.58055       4.7960384        4.7960384       24.216054              24.216054
              1       16.646664      0.89642002       1.1083353         14.035618            12.57537       4.7960384        4.7960384       23.701251              23.701251
              2       16.876492      0.89642002       1.1308932         14.046695           12.580929       4.7960384        4.7960384       24.160906              24.160906
              1       16.897431      0.89642002        1.132211         14.047641           12.581457       4.7960384        4.7960384       24.202786              24.202786
              1       16.889514      0.89642002       1.1313432         14.048027           12.581305       4.7960384        4.7960384       24.186952              24.186952
              2       17.145781      0.89642002       1.1256166         14.046959           12.586797       4.7960384        4.7960384       24.699484              24.699484
              1       17.555718      0.89642002       1.1282674         14.038635           12.589171       4.7960384        4.7960384       25.519359              25.519359
              2       17.368486      0.89642002       1.1367496         14.038527           12.586424       4.7960384        4.7960384       25.144895              25.144895
              2       17.492674      0.89642002       1.1366706          14.04067           12.588677       4.7960384        4.7960384       25.393271              25.393271
              1       18.372135      0.91247058       1.1366706          14.04067           12.588677       4.7960384        4.7960384       27.152192              27.152192
              1        18.69091      0.91247058       1.1419677         14.039197           12.590126       4.7960384        4.7960384       27.789743              27.789743
              1       17.822257      0.91247058       1.1114631         14.034765           12.582908       4.7960384        4.7960384       26.052437              26.052437
              1       17.878021      0.91247058        1.101421         14.043836           12.587949       4.7960384        4.7960384       26.163965              26.163965
              1       17.054824      0.91247058       1.1097901          14.05481           12.572368       4.7960384        4.7960384       24.517571              24.517571
              1       17.395603      0.92828062       1.1097901          14.05481           12.572368       4.7960384        4.7960384       25.199129              25.199129
              1       17.553607      0.92828062       1.1193646         14.058197           12.576258       4.7960384        4.7960384       25.515138              25.515138
              1       18.103334      0.94189988       1.1193646         14.058197           12.576258       4.7960384        4.7960384       26.614591              26.614591
              1       18.028657      0.94189988       1.1205105         14.058675           12.575137       4.7960384        4.7960384       26.465237              26.465237
              2       17.969688      0.94189988       1.0980211         14.073777           12.575826       4.7960384        4.7960384         26.3473                26.3473
              1        18.16878      0.94189988       1.0997833         14.078227           12.582277       4.7960384        4.7960384       26.745483              26.745483
              1       18.264667      0.94189988       1.1189949         14.074958           12.583221       4.7960384        4.7960384       26.937257              26.937257
              1       18.150508      0.94189988       1.1218943         14.078463           12.580605       4.7960384        4.7960384       26.708939              26.708939
              1       17.952731      0.94189988       1.1322887         14.075695           12.572825       4.7960384        4.7960384       26.313385              26.313385
              2       18.075738      0.94189988       1.1436282         14.082394            12.57423       4.7960384        4.7960384         26.5594                26.5594
              1       18.070101      0.94189988       1.1458647         14.081202           12.575401       4.7960384        4.7960384       26.548125              26.548125
              1       18.089234      0.94189988        1.207748          14.07376           12.573555       4.7960384        4.7960384        26.58639               26.58639
              2        18.12827      0.94189988       1.2084508         14.074981           12.574523       4.7960384        4.7960384       26.664463              26.664463
              1       19.079506      0.96126413       1.2084508         14.074981           12.574523       4.7960384        4.7960384       28.566935              28.566935
              1       18.282502      0.96126413       1.2035232         14.075864           12.549487       4.7960384        4.7960384       26.972926              26.972926
              1       18.626218      0.96126413       1.1987095         14.084997           12.550046       4.7960384        4.7960384       27.660359              27.660359
              3       18.605808      0.95808171       1.1987095         14.084997           12.550046       4.7960384        4.7960384        27.61954               27.61954
              2       18.608348      0.95808171       1.1999453         14.084868           12.549676       4.7960384        4.7960384       27.624619              27.624619
              1       18.354677      0.95808171       1.2147929         14.078915           12.564196       4.7960384        4.7960384       27.117278              27.117278
              1       18.431109      0.95808171       1.2164352         14.077117           12.566386       4.7960384        4.7960384        27.27014               27.27014
              1        19.61974      0.98068546       1.2164352         14.077117           12.566386       4.7960384        4.7960384       29.647402              29.647402
              1       19.699911      0.98068546       1.2444287         14.085733           12.568208       4.7960384        4.7960384       29.807745              29.807745
              1       20.492081      0.98068546       1.2215829         14.100775           12.584833       4.7960384        4.7960384       31.392085              31.392085
              1       19.951389      0.98068546       1.2186816         14.114556           12.581337       4.7960384        4.7960384       30.310701              30.310701
              1       18.879539      0.90518556       1.2186816         14.114556           12.581337       4.7960384        4.7960384          28.167                 28.167
              1       18.621557      0.90518556       1.2192747         14.116316           12.588151       4.7960384        4.7960384       27.651037              27.651037
              1       18.602567      0.90518556       1.2385303         14.117167           12.587512       4.7960384        4.7960384       27.613058              27.613058
              2       18.694285      0.89633393       1.2385303         14.117167           12.587512       4.7960384        4.7960384       27.796493              27.796493
              1       18.646701      0.89633393       1.2390792         14.117819            12.58911       4.7960384        4.7960384       27.701325              27.701325
              1       18.635713      0.89633393       1.2447706         14.117747           12.588651       4.7960384        4.7960384        27.67935               27.67935
              2       18.627062      0.89633393        1.245815         14.118042           12.589052       4.7960384        4.7960384       27.662047              27.662047
              1       18.509807      0.89633393        1.226274         14.121812           12.599004       4.7960384        4.7960384       27.427536              27.427536
              1       18.167456      0.89633393       1.2286448         14.114187           12.603057       4.7960384        4.7960384       26.742834              26.742834
              2       18.502149      0.89633393       1.2150792         14.124285           12.604711       4.7960384        4.7960384       27.412222              27.412222
              1       19.062734      0.85471194       1.2150792         14.124285           12.604711       4.7960384        4.7960384       28.533391              28.533391
              1       20.494246      0.85471194       1.1991099         14.121668           12.587945       4.7960384        4.7960384       31.396414              31.396414
              1       20.612953      0.85471194       1.2393454         14.119077           12.580799       4.7960384        4.7960384       31.633828              31.633828
              1       21.617695      0.85471194       1.2492431         14.139235           12.587422       4.7960384        4.7960384       33.643314              33.643314
              1       20.901368      0.85471194       1.2519624         14.137429           12.591905       4.7960384        4.7960384        32.21066               32.21066
              3       21.114427      0.84961054       1.2519624         14.137429           12.591905       4.7960384        4.7960384       32.636778              32.636778
              1        22.42373      0.84961054       1.2822261         14.130816           12.573432       4.7960384        4.7960384       35.255382              35.255382
              1       21.239629      0.84961054       1.2854389         14.124247           12.577099       4.7960384        4.7960384       32.887181              32.887181
              1       20.204249      0.87454968       1.2854389         14.124247           12.577099       4.7960384        4.7960384       30.816421              30.816421
              1       19.101295      0.87454968       1.2614211         14.106144           12.575635       4.7960384        4.7960384       28.610513              28.610513
              3       20.256345      0.87454968        1.243786         14.112383            12.57082       4.7960384        4.7960384       30.920612              30.920612
              1       18.953729      0.95026892        1.243786         14.112383            12.57082       4.7960384        4.7960384       28.315381              28.315381
              3       18.698144      0.95026892       1.2403936         14.094579           12.554505       4.7960384        4.7960384       27.804211              27.804211
              1       19.064089      0.95026892       1.2112994         14.100475           12.556345       4.7960384        4.7960384       28.536101              28.536101
              1       19.430213      0.95026892       1.2126951         14.103261           12.552934       4.7960384        4.7960384       29.268349              29.268349
              1       19.444772      0.95026892       1.2084285         14.099175           12.549159       4.7960384        4.7960384       29.297466              29.297466
              1       18.741901      0.95026892       1.2098509         14.090824           12.552273       4.7960384        4.7960384       27.891725              27.891725
              2        19.24797      0.95026892        1.231058         14.086135           12.537275       4.7960384        4.7960384       28.903864              28.903864
              1       18.985424      0.95026892       1.2460778          14.08848           12.541851       4.7960384        4.7960384        28.37877               28.37877
              1       18.578034      0.95026892       1.2604121         14.090888           12.550993       4.7960384        4.7960384        27.56399               27.56399
              1       18.574186      0.95026892       1.2506414         14.092668           12.554354       4.7960384        4.7960384       27.556294              27.556294
              1       18.229312      0.95026892       1.2488641         14.085189           12.557021       4.7960384        4.7960384       26.866548              26.866548
              3       18.277875      0.95331804       1.2488641         14.085189           12.557021       4.7960384        4.7960384       26.963673              26.963673
              1       18.228879      0.95331804        1.242619         14.083228           12.557456       4.7960384        4.7960384       26.865682              26.865682
              2       18.211625      0.95331804       1.2674341         14.064047           12.560061       4.7960384        4.7960384       26.831172              26.831172
              1       17.854768      0.95331804       1.2606161         14.066048           12.550286       4.7960384        4.7960384       26.117459              26.117459
              1       17.655476      0.94472636       1.2606161         14.066048           12.550286       4.7960384        4.7960384       25.718874              25.718874
              1       17.547117      0.94472636       1.2812558         14.061537           12.545764       4.7960384        4.7960384       25.502157              25.502157
              1       17.633521      0.94878039       1.2812558         14.061537           12.545764       4.7960384        4.7960384       25.674964              25.674964
              1       17.628218      0.94878039       1.2333701         14.060531           12.546346       4.7960384        4.7960384       25.664359              25.664359
              1        17.96742      0.94878039       1.2326836         14.061333           12.533613       4.7960384        4.7960384       26.342764              26.342764
              3       16.957164      0.94878039       1.2360539         14.019674           12.530945       4.7960384        4.7960384       24.322251              24.322251
              1       15.990424      0.90008375       1.2307925          14.01576           12.543874       4.7960384        4.7960384       22.388771              22.388771
              1       16.202538      0.90008375       1.1517883         14.023229           12.553961       4.7960384        4.7960384       22.812999              22.812999
              1       16.402624      0.90008375      0.87370027          13.99333           12.544315       4.7960384        4.7960384       23.213172              23.213172
              7       14.116731      0.90008375      0.91411183         13.862452           12.479691       4.7960384        4.7960384       18.641384              18.641384
              1       14.546524      0.90008375       1.0743954         13.865053           12.477411       4.7960384        4.7960384       19.500972              19.500972
              4       13.532568      0.90008375       1.0994293         13.855049           12.449266       4.7960384        4.7960384       17.473059              17.473059
              1       13.364548      0.84053995       1.0929958         13.850263           12.465076       4.7960384        4.7960384       17.137019              17.137019
              1       14.115832      0.84053995       1.0751867         13.874312           12.473728       4.7960384        4.7960384       18.639586              18.639586
              2       13.574623      0.84053995      0.70360009         13.815367           12.490443       4.7960384        4.7960384       17.557169              17.557169
              3       13.102499      0.84053995      0.68799549         13.760323           12.442906       4.7960384        4.7960384       16.612922              16.612922
              1       13.801033      0.92725732      0.69736494         13.767293           12.419881       4.7960384        4.7960384       18.009989              18.009989
              1       13.710982      0.92725732      0.70113316         13.767651           12.418042       4.7960384        4.7960384       17.829887              17.829887
              3       13.808914      0.92725732      0.72585436         13.773797           12.422088       4.7960384        4.7960384       18.025752              18.025752
              1       13.854935      0.92725732      0.79132101         13.808115           12.419258       4.7960384        4.7960384       18.117793              18.117793
              3       13.967726      0.92725732      0.78361427         13.804014           12.413312       4.7960384        4.7960384       18.343375              18.343375
              1       14.221058      0.92725732      0.77909458         13.804101           12.409154       4.7960384        4.7960384       18.850038              18.850038
              1       14.520875      0.89076412      0.77515164         13.801168           12.418844       4.7960384        4.7960384       19.449674              19.449674
              2       14.071085      0.89076412      0.73783071         13.786773           12.417037       4.7960384        4.7960384       18.550093              18.550093
              2       14.627913      0.89076412      0.46694984         13.684544           12.416545       4.7960384        4.7960384       19.663748              19.663748
              2       13.343253      0.76008625      0.45283064          13.67404           12.451243       4.7960384        4.7960384        17.09443               17.09443
              2        13.24153       0.7720954      0.45412818         13.675006           12.448054       4.7960384        4.7960384       16.890983              16.890983
              4       14.003937       0.7720954      0.58752377         13.733711           12.456255       4.7960384        4.7960384       18.415797              18.415797
              3        13.79945      0.92198518      0.60371874         13.745758           12.416456       4.7960384        4.7960384       18.006824              18.006824
              2       12.858763      0.92198518      0.79258019         13.716649           12.357921       4.7960384        4.7960384       16.125448              16.125448
              3       14.340559      0.92198518       1.0084688         13.737787           12.330257       4.7960384        4.7960384        19.08904               19.08904
              2       13.917723      0.98325789       1.0150891         13.742712           12.313988       4.7960384        4.7960384        18.24337               18.24337
              1       13.865908      0.98325789        1.009211         13.741859           12.314941       4.7960384        4.7960384       18.139738              18.139738
              5       13.890364      0.98325789       1.0039295         13.735374           12.308761       4.7960384        4.7960384       18.188651              18.188651
              1       13.463063      0.98325789       1.0365469         13.724214           12.318832       4.7960384        4.7960384        17.33405               17.33405
              1       13.079623      0.96749101       1.0348433         13.722947           12.323019       4.7960384        4.7960384       16.567169              16.567169
              2       13.272748      0.96749101       1.2781872          13.73128           12.317161       4.7960384        4.7960384       16.953419              16.953419
              1       13.964829      0.96749101       1.2799978         13.634692           12.263051       4.7960384        4.7960384       18.337581              18.337581
              1       12.653229      0.96749101       1.1530846         13.674121           12.268546       4.7960384        4.7960384        15.71438               15.71438
              3       15.018647      0.96749101       1.3332465         13.795021           12.319725       4.7960384        4.7960384       20.445216              20.445216
              1       13.419776      0.96749101       1.1850718         13.726933           12.296181       4.7960384        4.7960384       17.247476              17.247476
              2       12.640495      0.96749101       1.3720639         13.652314           12.228551       4.7960384        4.7960384       15.688914              15.688914
              1       12.661755      0.94847247        1.370009         13.650785           12.233601       4.7960384        4.7960384       15.731433              15.731433
              1       14.104216      0.94847247       1.1528003          13.78103           12.385739       4.7960384        4.7960384       18.616356              18.616356
              1       13.460578      0.94847247       1.1281664         13.798494           12.380949       4.7960384        4.7960384       17.329079              17.329079
              1       13.409126      0.94847247      0.95027239         13.741066           12.367502       4.7960384        4.7960384       17.226175              17.226175
              4       13.835821      0.96095885      0.95162149         13.742069           12.364187       4.7960384        4.7960384       18.079564              18.079564
              1       14.062614      0.96095885       1.0132229         13.766929           12.377549       4.7960384        4.7960384       18.533151              18.533151
              3       14.510692      0.96095885      0.97565092         13.799925           12.405212       4.7960384        4.7960384       19.429307              19.429307
              2       14.364842      0.96095885       1.1310555         13.849167           12.401232       4.7960384        4.7960384       19.137607              19.137607
              3       14.006537      0.96095885       1.0400308          13.82079           12.393806       4.7960384        4.7960384       18.420997              18.420997
              1       13.964989      0.96095885       1.0561125           13.8172           12.395289       4.7960384        4.7960384       18.337901              18.337901
              1       12.624091      0.96095885       1.1154928         13.651339           12.251999       4.7960384        4.7960384       15.656106              15.656106
              2       13.687574      0.96095885       1.1852968         13.669326           12.245122       4.7960384        4.7960384       17.783072              17.783072
              1       13.575608      0.96095885      0.99627057         13.569947           12.181533       4.7960384        4.7960384       17.559139              17.559139
              3       13.780224      0.96095885      0.93597104         13.586534           12.199229       4.7960384        4.7960384       17.968372              17.968372
              1       13.781822      0.96089758      0.93596442         13.586529           12.199246       4.7960384        4.7960384       17.971568              17.971568
              1       14.659854      0.96089758      0.81257244         13.546864           12.171588       4.7960384        4.7960384       19.727631              19.727631
              1        13.73733      0.96089758      0.86203969         13.518951           12.151242       4.7960384        4.7960384       17.882584              17.882584
              3       11.832657      0.96089758       0.8045825           13.4913            12.17633       4.7960384        4.7960384       14.073237              14.073237
              1       12.465787      0.96089758      0.71063406         13.567464           12.226001       4.7960384        4.7960384       15.339498              15.339498
              2       12.623407      0.94240388      0.70863589         13.565978           12.230912       4.7960384        4.7960384       15.654738              15.654738
              1       12.581011      0.94240388      0.69576572         13.579587           12.244911       4.7960384        4.7960384       15.569946              15.569946
              2       11.983421      0.94240388       0.7881954         13.574776           12.250867       4.7960384        4.7960384       14.374765              14.374765
              5       11.872309      0.90965357      0.78465686         13.572144           12.259563       4.7960384        4.7960384        14.15254               14.15254
              1       11.897864      0.90965357       0.7833531         13.571774           12.258665       4.7960384        4.7960384       14.203652              14.203652
              2       11.790075      0.90965357      0.93510546         13.466628           12.191587       4.7960384        4.7960384       13.988074              13.988074
              1       11.864663      0.91194202      0.93535272         13.466812           12.190979       4.7960384        4.7960384        14.13725               14.13725
              1       12.078838      0.91194202       0.7847648         13.569094           12.250731       4.7960384        4.7960384       14.565598              14.565598
              2       12.191007      0.91194202      0.75263749         13.558538           12.243753       4.7960384        4.7960384       14.789938              14.789938
              1       12.718557      0.91194202      0.70848516         13.579491           12.258231       4.7960384        4.7960384       15.845037              15.845037
              1       13.170783      0.91194202      0.83241181          13.63035           12.279935       4.7960384        4.7960384       16.749489              16.749489
              2       12.708646      0.94095923        0.835547         13.632682            12.27223       4.7960384        4.7960384       15.825214              15.825214
              2       12.458762      0.94095923      0.88659325         13.629385           12.294217       4.7960384        4.7960384       15.325448              15.325448
              1       12.651504      0.82519087      0.87408496          13.62008           12.324955       4.7960384        4.7960384        15.71093               15.71093
              1       12.032796      0.82519087       1.0309235         13.496853            12.22618       4.7960384        4.7960384       14.473516              14.473516
              1       11.198281      0.82519087      0.99924905         13.514412           12.262925       4.7960384        4.7960384       12.804484              12.804484
              6       11.168275      0.82519087       1.0566845         13.516939           12.262839       4.7960384        4.7960384       12.744472              12.744472
