#        weight    minuslogpost          sigma8        ygk_Ahmc ygk_LOWZ__0_lM1_0 ygk_LOWZ__0_lMmin_0   minuslogprior minuslogprior__0            chi2 chi2__ygk_like.ygkLike
              1       10.113013      0.93967433       1.1833519         13.195597           11.915945       3.9123729        3.9123729        12.40128               12.40128
              1       10.250778      0.93967433       1.1923373         13.193345           11.917239       3.9123729        3.9123729        12.67681               12.67681
              1       10.173005      0.93967433       1.1928742         13.195228           11.916785       3.9123729        3.9123729       12.521264              12.521264
              3        10.20761      0.93967433       1.1875339         13.195793           11.918686       3.9123729        3.9123729       12.590474              12.590474
              1       10.065112      0.93967433       1.1879593         13.201192           11.918275       3.9123729        3.9123729       12.305477              12.305477
              1       10.296046      0.93967433       1.1705477         13.201998           11.927531       3.9123729        3.9123729       12.767347              12.767347
              1        10.05435      0.92755826       1.1705477         13.201998           11.927531       3.9123729        3.9123729       12.283954              12.283954
              1       11.161488      0.92755826       1.1788516         13.195973           11.943675       3.9123729        3.9123729       14.498231              14.498231
              1       11.005305      0.92755826       1.1794214         13.198939           11.944489       3.9123729        3.9123729       14.185863              14.185863
              1       10.635085      0.92182418       1.1794214         13.198939           11.944489       3.9123729        3.9123729       13.445425              13.445425
              1       10.064818      0.92182418       1.2006899         13.207633           11.932233       3.9123729        3.9123729       12.304891              12.304891
              2       10.097347      0.92182418       1.1984998         13.197679           11.921371       3.9123729        3.9123729       12.369948              12.369948
              2       11.093114      0.92182418       1.1988996         13.167889            11.92199       3.9123729        3.9123729       14.361482              14.361482
              1       10.292447      0.90422905       1.1988996         13.167889            11.92199       3.9123729        3.9123729       12.760148              12.760148
              1       10.245445      0.90422905       1.1813313         13.167443           11.911877       3.9123729        3.9123729       12.666144              12.666144
              1       10.251484      0.90422905       1.1814368         13.166775           11.911032       3.9123729        3.9123729       12.678222              12.678222
              1       10.210703      0.90422905       1.1944936         13.165267           11.913852       3.9123729        3.9123729        12.59666               12.59666
              1       10.292791      0.90422905        1.193453         13.161531           11.916672       3.9123729        3.9123729       12.760836              12.760836
              3       10.883859      0.91921741        1.193453         13.161531           11.916672       3.9123729        3.9123729       13.942971              13.942971
              1       10.770164      0.91921741       1.1996755         13.162292           11.915317       3.9123729        3.9123729       13.715581              13.715581
              3       10.610222      0.91921741       1.1994262         13.166167           11.916348       3.9123729        3.9123729       13.395699              13.395699
              1       11.015288      0.91921741        1.192472          13.16238           11.919062       3.9123729        3.9123729        14.20583               14.20583
              1       10.752489      0.91509344        1.192472          13.16238           11.919062       3.9123729        3.9123729       13.680232              13.680232
              1       11.048098      0.91509344       1.2005459         13.169383           11.928121       3.9123729        3.9123729        14.27145               14.27145
              1       11.861075      0.91509344       1.1898892         13.169962           11.937171       3.9123729        3.9123729       15.897405              15.897405
              1       11.449744      0.91074961       1.1898892         13.169962           11.937171       3.9123729        3.9123729       15.074742              15.074742
              1       11.765369      0.91074961       1.1905984         13.167893           11.938139       3.9123729        3.9123729       15.705991              15.705991
              1       11.849444      0.91074961       1.1925438         13.167172           11.938055       3.9123729        3.9123729       15.874141              15.874141
              1       12.679453      0.91798762       1.1925438         13.167172           11.938055       3.9123729        3.9123729        17.53416               17.53416
              1       10.120755      0.91798762        1.203041         13.196358             11.9308       3.9123729        3.9123729       12.416764              12.416764
              2       10.755432      0.91798762         1.20508         13.199868           11.947872       3.9123729        3.9123729       13.686118              13.686118
              2       10.437118      0.91160206         1.20508         13.199868           11.947872       3.9123729        3.9123729       13.049491              13.049491
              3       10.539849      0.91160206       1.2077568         13.195375           11.945651       3.9123729        3.9123729       13.254953              13.254953
              1       10.933051      0.91160206       1.2007828         13.184606           11.942592       3.9123729        3.9123729       14.041357              14.041357
              4       11.008967      0.91160206       1.2078863         13.180835           11.939674       3.9123729        3.9123729       14.193188              14.193188
              1       10.554251      0.90340814       1.2078863         13.180835           11.939674       3.9123729        3.9123729       13.283755              13.283755
              1       10.544118      0.90340814        1.203317         13.183087            11.94182       3.9123729        3.9123729       13.263491              13.263491
              1       10.273862      0.90340814       1.2066327         13.190291            11.94132       3.9123729        3.9123729       12.722978              12.722978
              1       10.313775      0.90340814       1.2007939         13.191993           11.927105       3.9123729        3.9123729       12.802804              12.802804
              2       10.193671      0.92264107       1.2007939         13.191993           11.927105       3.9123729        3.9123729       12.562597              12.562597
              1       10.434402      0.90024226       1.2007939         13.191993           11.927105       3.9123729        3.9123729       13.044059              13.044059
              3       10.458293      0.90024226       1.1961339         13.193734           11.928325       3.9123729        3.9123729       13.091841              13.091841
              1        10.45536      0.90030882       1.1961339         13.193734           11.928325       3.9123729        3.9123729       13.085975              13.085975
              1       10.724007      0.90030882       1.1888648         13.196031           11.925681       3.9123729        3.9123729       13.623269              13.623269
              1       10.378466      0.90030882       1.1869964         13.220023           11.951667       3.9123729        3.9123729       12.932186              12.932186
              1       11.131004      0.90030882       1.1799482         13.234994           11.952117       3.9123729        3.9123729       14.437262              14.437262
              1       11.520047      0.90030882       1.1709917         13.230983           11.945264       3.9123729        3.9123729       15.215348              15.215348
              1       11.107631      0.90030882       1.1685772          13.22973           11.949154       3.9123729        3.9123729       14.390516              14.390516
              1        10.18825      0.91800641       1.1685772          13.22973           11.949154       3.9123729        3.9123729       12.551754              12.551754
              1       10.332564      0.91800641       1.1869766          13.23573           11.948559       3.9123729        3.9123729       12.840383              12.840383
              2       10.075417      0.91800641       1.1876295         13.234504           11.956381       3.9123729        3.9123729       12.326088              12.326088
              1        10.08297      0.91800641        1.190906          13.22427           11.954503       3.9123729        3.9123729       12.341194              12.341194
              1       10.147831      0.91800641       1.1932884          13.22925           11.961922       3.9123729        3.9123729       12.470915              12.470915
              1       10.094936      0.91800641       1.1918176          13.23102           11.961207       3.9123729        3.9123729       12.365126              12.365126
              2       10.439532      0.92974857       1.1918176          13.23102           11.961207       3.9123729        3.9123729       13.054317              13.054317
              1       10.872053      0.93708292       1.1918176          13.23102           11.961207       3.9123729        3.9123729       13.919361              13.919361
              2       11.433965      0.93708292        1.189497         13.222931           11.960301       3.9123729        3.9123729       15.043185              15.043185
              1       10.293021      0.93708292       1.1830724         13.226041           11.948988       3.9123729        3.9123729       12.761296              12.761296
              1       11.193221      0.93708292       1.1746417         13.217387           11.954612       3.9123729        3.9123729       14.561695              14.561695
              2       10.850963      0.93708292       1.1706038         13.221265           11.954527       3.9123729        3.9123729        13.87718               13.87718
              1       10.185015      0.93708292       1.1658666         13.216002           11.939327       3.9123729        3.9123729       12.545284              12.545284
              2       10.890525      0.93708292       1.1659055         13.215274           11.950325       3.9123729        3.9123729       13.956304              13.956304
              1        10.24279      0.92429753       1.1659055         13.215274           11.950325       3.9123729        3.9123729       12.660834              12.660834
              1       10.252408      0.92429753       1.1716771         13.215551           11.950323       3.9123729        3.9123729        12.68007               12.68007
              2       10.042718      0.92429753       1.1591537         13.228454           11.951013       3.9123729        3.9123729        12.26069               12.26069
              1       10.063443      0.92429753       1.1420828         13.212361           11.942098       3.9123729        3.9123729        12.30214               12.30214
              1       10.346045      0.92429753       1.1400674         13.209967           11.950277       3.9123729        3.9123729       12.867344              12.867344
              1       10.300717      0.92429753       1.1676064         13.226813           11.961376       3.9123729        3.9123729       12.776688              12.776688
              3         10.1078      0.91620674       1.1676064         13.226813           11.961376       3.9123729        3.9123729       12.390854              12.390854
              1       10.223205      0.91620674       1.1637482         13.223565            11.96323       3.9123729        3.9123729       12.621664              12.621664
              1       10.150373      0.90192548       1.1637482         13.223565            11.96323       3.9123729        3.9123729       12.476001              12.476001
              3       10.136989      0.90192548       1.1635368         13.225208            11.96567       3.9123729        3.9123729       12.449233              12.449233
              1        10.11896      0.90192548       1.1723192         13.233863           11.972821       3.9123729        3.9123729       12.413175              12.413175
              3       10.104274       0.9049306       1.1723192         13.233863           11.972821       3.9123729        3.9123729       12.383803              12.383803
              1        10.10422      0.90528076       1.1723192         13.233863           11.972821       3.9123729        3.9123729       12.383693              12.383693
              1        10.16126      0.90528076       1.1717679         13.232668            11.96487       3.9123729        3.9123729       12.497773              12.497773
              2       10.120898      0.90528076       1.1639027         13.224691           11.966614       3.9123729        3.9123729        12.41705               12.41705
              1       10.113266      0.90528076       1.1639171          13.22659           11.967355       3.9123729        3.9123729       12.401786              12.401786
              1       10.126173      0.90528076       1.1498259         13.225913           11.969364       3.9123729        3.9123729       12.427599              12.427599
              3       10.167956      0.90942693       1.1498259         13.225913           11.969364       3.9123729        3.9123729       12.511167              12.511167
              1         10.6166      0.90942693        1.146454         13.209496           11.965742       3.9123729        3.9123729       13.408453              13.408453
              2       10.709655      0.90942693       1.1555098         13.207814           11.964937       3.9123729        3.9123729       13.594564              13.594564
              3       12.033599      0.90942693       1.1663121         13.196386           11.967518       3.9123729        3.9123729       16.242453              16.242453
              1       11.010139      0.90942693       1.1647099         13.210676           11.970374       3.9123729        3.9123729       14.195532              14.195532
              1       10.280589      0.89223599       1.1647099         13.210676           11.970374       3.9123729        3.9123729       12.736431              12.736431
              1        10.22115      0.89223599       1.1637215         13.211109           11.967654       3.9123729        3.9123729       12.617555              12.617555
              1       10.376578      0.89223599        1.148536          13.20839           11.972739       3.9123729        3.9123729       12.928409              12.928409
              1       10.437276      0.89223599       1.1357477         13.194951           11.963614       3.9123729        3.9123729       13.049806              13.049806
              2       10.347308      0.89223599       1.1394266         13.193971           11.959901       3.9123729        3.9123729        12.86987               12.86987
              2       10.425186      0.89223599        1.140106         13.192627           11.960929       3.9123729        3.9123729       13.025626              13.025626
              1       10.453937      0.89324199        1.140106         13.192627           11.960929       3.9123729        3.9123729       13.083128              13.083128
              1       10.357196      0.89324199       1.1341746         13.201362           11.966498       3.9123729        3.9123729       12.889645              12.889645
              1       10.283104      0.89324199       1.1092625            13.191            11.95622       3.9123729        3.9123729       12.741462              12.741462
              2       10.237072      0.89324199       1.1061065          13.19473           11.955405       3.9123729        3.9123729       12.649398              12.649398
              1       10.841692      0.87428466       1.1061065          13.19473           11.955405       3.9123729        3.9123729       13.858638              13.858638
              1       10.686264      0.87428466       1.0946108         13.184096           11.951262       3.9123729        3.9123729       13.547782              13.547782
              2       10.435949       0.8807757       1.0946108         13.184096           11.951262       3.9123729        3.9123729       13.047152              13.047152
              1        10.37411       0.8807757       1.0930456         13.175301           11.949428       3.9123729        3.9123729       12.923474              12.923474
              1       10.373225       0.8807757       1.0784697         13.177282           11.952367       3.9123729        3.9123729       12.921703              12.921703
              1       10.411691      0.87837305       1.0784697         13.177282           11.952367       3.9123729        3.9123729       12.998636              12.998636
              1       10.614782      0.87837305       1.0762764         13.185632            11.95151       3.9123729        3.9123729       13.404818              13.404818
              2       10.373396      0.87837305       1.1018625          13.19355           11.963173       3.9123729        3.9123729       12.922047              12.922047
              1       10.427975      0.87837305       1.0979703         13.189312           11.970232       3.9123729        3.9123729       13.031205              13.031205
              1       10.790928      0.88976375       1.0979703         13.189312           11.970232       3.9123729        3.9123729       13.757111              13.757111
              2       10.653406      0.88976375       1.0899379         13.178445            11.95928       3.9123729        3.9123729       13.482066              13.482066
              1       10.624478      0.88902108       1.0899379         13.178445            11.95928       3.9123729        3.9123729       13.424211              13.424211
              1       10.615182      0.88902108       1.1087484          13.18837           11.966174       3.9123729        3.9123729       13.405617              13.405617
              1       10.323039      0.88902108       1.1334754         13.165715            11.93132       3.9123729        3.9123729       12.821333              12.821333
              1       11.174557      0.88902108        1.130569         13.178369           11.921033       3.9123729        3.9123729       14.524369              14.524369
              2       11.016965      0.88902108       1.1339657          13.17042           11.916531       3.9123729        3.9123729       14.209184              14.209184
              1       10.864537       0.8913467       1.1339657          13.17042           11.916531       3.9123729        3.9123729       13.904328              13.904328
              3       10.835355       0.8913467        1.148163          13.17491           11.919315       3.9123729        3.9123729       13.845963              13.845963
              2       10.946585       0.8913467       1.1467112         13.174461           11.917367       3.9123729        3.9123729       14.068424              14.068424
              4       13.715302       0.8636282       1.1467112         13.174461           11.917367       3.9123729        3.9123729       19.605858              19.605858
              1       13.523402       0.8636282       1.1409526         13.177336            11.92155       3.9123729        3.9123729       19.222058              19.222058
              2       10.749702       0.8636282       1.1373588         13.152532           11.933649       3.9123729        3.9123729       13.674658              13.674658
              2       10.668674       0.8636282       1.1400962         13.153612           11.936676       3.9123729        3.9123729       13.512602              13.512602
              1       10.796313       0.8636282       1.1431118         13.149501           11.929692       3.9123729        3.9123729        13.76788               13.76788
              2       10.797937       0.8636282       1.1393045         13.148041           11.928907       3.9123729        3.9123729       13.771128              13.771128
              2       10.644923       0.8636282       1.1449556         13.143841           11.930501       3.9123729        3.9123729       13.465101              13.465101
              1       10.871886      0.85732593       1.1449556         13.143841           11.930501       3.9123729        3.9123729       13.919026              13.919026
              1       10.878583      0.85732593       1.1510747         13.154905           11.937955       3.9123729        3.9123729       13.932419              13.932419
              2       11.111039      0.85732593       1.1568277         13.154696           11.932811       3.9123729        3.9123729       14.397333              14.397333
              2       10.753453      0.85732593       1.1634523         13.155008           11.940208       3.9123729        3.9123729       13.682161              13.682161
              2       10.746391      0.85732593       1.1661078         13.156058           11.940941       3.9123729        3.9123729       13.668037              13.668037
              1       10.737792      0.85732593       1.1660683         13.155997           11.941172       3.9123729        3.9123729       13.650839              13.650839
              1       10.649826      0.85732593       1.1698012         13.147667           11.939588       3.9123729        3.9123729       13.474905              13.474905
              2       10.989682      0.85732593        1.173139         13.156108           11.934632       3.9123729        3.9123729       14.154618              14.154618
              1       11.078302      0.85578106        1.173139         13.156108           11.934632       3.9123729        3.9123729       14.331858              14.331858
              1       11.276189      0.85578106       1.1589513         13.164228           11.938905       3.9123729        3.9123729       14.727632              14.727632
              1       11.153871      0.85760451       1.1589513         13.164228           11.938905       3.9123729        3.9123729       14.482996              14.482996
              1       11.388836      0.85760451       1.1495181         13.165588           11.937385       3.9123729        3.9123729       14.952926              14.952926
              1       11.979365      0.85760451       1.1507081         13.169144           11.933184       3.9123729        3.9123729       16.133984              16.133984
              1       12.124667      0.85760451       1.1505434         13.146965           11.914361       3.9123729        3.9123729       16.424588              16.424588
              2       13.990054      0.85760451       1.1412251         13.151215           11.903145       3.9123729        3.9123729       20.155361              20.155361
              1       13.988894      0.85760451       1.1411718         13.151291           11.903218       3.9123729        3.9123729       20.153043              20.153043
              2       15.123851      0.85760451       1.1473948         13.158137           11.900642       3.9123729        3.9123729       22.422956              22.422956
              2       13.285691      0.87081126       1.1473948         13.158137           11.900642       3.9123729        3.9123729       18.746635              18.746635
              1        12.59918      0.87081126       1.1391354         13.162358           11.910299       3.9123729        3.9123729       17.373614              17.373614
              1       13.205293      0.86563437       1.1391354         13.162358           11.910299       3.9123729        3.9123729       18.585841              18.585841
              1       13.079691      0.86563437       1.1383241         13.165602           11.913938       3.9123729        3.9123729       18.334637              18.334637
              1        10.73873      0.86563437        1.149879         13.151052           11.929485       3.9123729        3.9123729       13.652713              13.652713
              1       10.950384      0.86563437        1.158145         13.155422           11.927432       3.9123729        3.9123729       14.076023              14.076023
              1       10.948668      0.86563437       1.1697055         13.154377           11.925661       3.9123729        3.9123729        14.07259               14.07259
              4       11.045302      0.86399345       1.1697055         13.154377           11.925661       3.9123729        3.9123729       14.265859              14.265859
              1       11.076196      0.86399345       1.1616759         13.155842           11.926966       3.9123729        3.9123729       14.327645              14.327645
              1       10.787001      0.86399345        1.158387         13.141808           11.922487       3.9123729        3.9123729       13.749256              13.749256
              1       10.868099      0.86399345       1.1600426          13.13614           11.939032       3.9123729        3.9123729       13.911452              13.911452
              1       10.662806      0.86399345       1.1569411         13.145621           11.942188       3.9123729        3.9123729       13.500867              13.500867
              2       10.643226      0.86209452       1.1569411         13.145621           11.942188       3.9123729        3.9123729       13.461705              13.461705
              1       11.141382      0.86209452       1.1616623         13.152729           11.925477       3.9123729        3.9123729       14.458019              14.458019
              1       11.029191      0.86209452       1.1502599           13.1553           11.930303       3.9123729        3.9123729       14.233636              14.233636
              1        10.89938      0.86439879       1.1502599           13.1553           11.930303       3.9123729        3.9123729       13.974013              13.974013
              1       10.917288      0.86439879       1.1492456         13.153648           11.928787       3.9123729        3.9123729       14.009829              14.009829
              1       10.596397      0.86439879       1.1509292         13.144474           11.937653       3.9123729        3.9123729       13.368049              13.368049
              2       10.596411      0.86432446       1.1509292         13.144474           11.937653       3.9123729        3.9123729       13.368075              13.368075
              1        10.57248      0.86432446       1.1522034         13.149924           11.941259       3.9123729        3.9123729       13.320215              13.320215
              1       10.604837      0.86432446       1.1592151          13.14811           11.941521       3.9123729        3.9123729       13.384928              13.384928
              1       10.685436      0.86432446       1.1734028          13.14142           11.937589       3.9123729        3.9123729       13.546126              13.546126
              2       10.676295      0.85543439       1.1734028          13.14142           11.937589       3.9123729        3.9123729       13.527844              13.527844
              1       10.666142      0.85543439       1.1760018          13.14441           11.941878       3.9123729        3.9123729       13.507538              13.507538
              1       10.809941      0.85543439       1.1715908         13.130993           11.937209       3.9123729        3.9123729       13.795136              13.795136
              2       10.713638      0.85543439       1.1730129         13.132079           11.932743       3.9123729        3.9123729       13.602531              13.602531
              1       10.713007      0.85745664       1.1730129         13.132079           11.932743       3.9123729        3.9123729       13.601269              13.601269
              1       10.667846      0.85745664       1.1740833         13.144622           11.942788       3.9123729        3.9123729       13.510946              13.510946
              1       11.217371      0.87491922       1.1740833         13.144622           11.942788       3.9123729        3.9123729       14.609996              14.609996
              1       10.468594      0.87491922       1.1658185         13.152947           11.933273       3.9123729        3.9123729       13.112442              13.112442
              2       10.779427      0.87491922       1.1522005         13.148061           11.940826       3.9123729        3.9123729       13.734108              13.734108
              1       10.913641      0.87819169       1.1522005         13.148061           11.940826       3.9123729        3.9123729       14.002536              14.002536
              1       11.003955      0.87819169       1.1447151         13.147062           11.941948       3.9123729        3.9123729       14.183165              14.183165
              1       11.479415      0.87819169       1.1456147         13.139129           11.940888       3.9123729        3.9123729       15.134085              15.134085
              1        11.14311      0.87819169       1.1467262         13.142303           11.939584       3.9123729        3.9123729       14.461474              14.461474
              1       10.639528      0.86034023       1.1467262         13.142303           11.939584       3.9123729        3.9123729       13.454311              13.454311
              1       10.901908      0.86034023       1.1473856         13.147853           11.953661       3.9123729        3.9123729        13.97907               13.97907
              1       11.955874      0.86034023       1.1781421         13.138074           11.956076       3.9123729        3.9123729       16.087003              16.087003
              1       10.758845      0.86034023       1.1533585         13.150325             11.9341       3.9123729        3.9123729       13.692943              13.692943
              1       10.553257      0.87956346       1.1533585         13.150325             11.9341       3.9123729        3.9123729       13.281769              13.281769
              1       10.800705      0.87956346       1.1481724          13.14948           11.939477       3.9123729        3.9123729       13.776665              13.776665
              2        10.46676      0.87956346       1.1511754          13.16518           11.944843       3.9123729        3.9123729       13.108774              13.108774
              1        10.46304      0.87956346       1.1514517         13.165233           11.944716       3.9123729        3.9123729       13.101334              13.101334
              1       10.444524      0.87769176       1.1514517         13.165233           11.944716       3.9123729        3.9123729       13.064303              13.064303
              1        10.39627      0.87769176       1.1501418         13.169693           11.943722       3.9123729        3.9123729       12.967794              12.967794
              1       10.534718      0.87769176       1.1431329         13.166732            11.95039       3.9123729        3.9123729        13.24469               13.24469
              2       10.484915      0.86798414       1.1431329         13.166732            11.95039       3.9123729        3.9123729       13.145084              13.145084
              1       10.489377      0.86798414       1.1435263         13.165308           11.950171       3.9123729        3.9123729       13.154008              13.154008
              1       10.508641      0.86798414       1.1435291         13.169365           11.948851       3.9123729        3.9123729       13.192536              13.192536
              3       10.537498      0.86798414       1.0317126         13.160737            11.95675       3.9123729        3.9123729       13.250251              13.250251
              1       10.526009      0.86798414       1.0375471         13.166784            11.96225       3.9123729        3.9123729       13.227272              13.227272
              1       10.236484      0.99769845       1.0275905         13.219601           11.897751       3.9123729        3.9123729       12.648223              12.648223
              2       10.286278      0.99769845      0.98843845         13.245291           11.922662       3.9123729        3.9123729       12.747811              12.747811
              1       12.249541      0.99769845      0.98121592         13.244083           11.950363       3.9123729        3.9123729       16.674336              16.674336
              1       12.516418      0.99769845      0.97920656         13.229439            11.94005       3.9123729        3.9123729        17.20809               17.20809
              1       13.440565      0.99769845       1.0285841          13.22968           11.941875       3.9123729        3.9123729       19.056385              19.056385
              1       13.748513       1.0373497       1.0255406         13.245825           11.922159       3.9123729        3.9123729        19.67228               19.67228
              1        10.88989       1.0373497       1.0258516         13.278437           11.915867       3.9123729        3.9123729       13.955034              13.955034
              1       10.821392       1.0373497      0.96865795         13.261493           11.902155       3.9123729        3.9123729       13.818039              13.818039
              1       11.208967       1.0373497      0.95359077         13.306154           11.953387       3.9123729        3.9123729       14.593188              14.593188
              2       10.876045       1.0158788      0.95523884         13.297411           11.964064       3.9123729        3.9123729       13.927344              13.927344
              5       10.479509       1.0158788      0.93399302         13.243921           11.909702       3.9123729        3.9123729       13.134271              13.134271
              1       11.452493       1.0158788      0.95954017         13.341495           11.969297       3.9123729        3.9123729       15.080241              15.080241
              1        11.24285       1.0158788      0.95269654         13.342998           11.974779       3.9123729        3.9123729       14.660954              14.660954
              1       10.784364      0.98648332      0.95495287         13.331029           11.989396       3.9123729        3.9123729       13.743983              13.743983
              4       10.821313      0.98648332      0.91830417         13.265286           11.934303       3.9123729        3.9123729       13.817881              13.817881
              1       10.751398      0.98648332       0.8484219         13.299291           12.001102       3.9123729        3.9123729       13.678051              13.678051
              3       10.753922      0.98648332       0.8830365         13.382624           12.044432       3.9123729        3.9123729       13.683098              13.683098
              1       10.768596      0.98648332      0.91840649         13.350572           12.011005       3.9123729        3.9123729       13.712446              13.712446
              3       10.751435      0.98514429      0.91850928         13.350027           12.011671       3.9123729        3.9123729       13.678124              13.678124
              2       10.400592      0.98514429      0.90739791         13.318412           11.995211       3.9123729        3.9123729       12.976438              12.976438
              1       10.344718      0.98514429      0.93291152         13.315323           11.995107       3.9123729        3.9123729        12.86469               12.86469
              1       10.578682      0.98514429       0.9815645         13.345803           12.005316       3.9123729        3.9123729       13.332619              13.332619
              3       10.463637      0.98514429       1.0026818         13.308851           11.972749       3.9123729        3.9123729       13.102528              13.102528
              1       10.303964      0.98514429       0.8772478          13.26727           11.955592       3.9123729        3.9123729       12.783182              12.783182
              1       12.101236      0.98514429      0.88036684         13.232741           11.895492       3.9123729        3.9123729       16.377726              16.377726
              1       12.822568      0.85230856      0.89056305         13.178653           11.961543       3.9123729        3.9123729        17.82039               17.82039
              1       10.895556      0.85230856      0.91154269         13.116121           11.941359       3.9123729        3.9123729       13.966367              13.966367
              2       10.909807      0.85230856      0.90511094           13.1134           11.939629       3.9123729        3.9123729       13.994868              13.994868
              2       10.747975      0.85230856      0.86802772         13.207036           12.013029       3.9123729        3.9123729       13.671204              13.671204
              1       10.624223      0.85230856      0.88168827         13.211483           12.020709       3.9123729        3.9123729         13.4237                13.4237
              3       10.223506      0.91081717      0.87719726         13.235306           11.991616       3.9123729        3.9123729       12.622266              12.622266
              3       10.334042      0.91081717      0.78861354         13.273142           12.027645       3.9123729        3.9123729       12.843338              12.843338
              2       10.505753      0.87247795      0.79155639         13.257531           12.046708       3.9123729        3.9123729        13.18676               13.18676
              1       10.440373      0.87247795      0.78862466         13.284469           12.073945       3.9123729        3.9123729          13.056                 13.056
              1       10.911569      0.80910402      0.79348912         13.258664           12.105458       3.9123729        3.9123729       13.998393              13.998393
              3       11.924549      0.80910402      0.83223257         13.253114           12.116489       3.9123729        3.9123729       16.024353              16.024353
              2       11.442154      0.80910402      0.83737616         13.222824           12.085879       3.9123729        3.9123729       15.059563              15.059563
              1       10.569304      0.92663178      0.82835496         13.270678            12.02744       3.9123729        3.9123729       13.313862              13.313862
              1       10.361053      0.92663178      0.83155177         13.269662           12.021826       3.9123729        3.9123729        12.89736               12.89736
              1       10.581496      0.92663178        0.774797         13.297573           12.028343       3.9123729        3.9123729       13.338247              13.338247
              1       10.621726      0.92663178      0.78539034         13.313468           12.039473       3.9123729        3.9123729       13.418706              13.418706
              1       11.288765      0.92663178      0.78299332         13.317499           12.033073       3.9123729        3.9123729       14.752784              14.752784
              1       11.526558      0.92663178      0.80274364         13.272221           11.990916       3.9123729        3.9123729       15.228369              15.228369
              1       11.539175      0.93906386      0.80178938         13.277283           11.984735       3.9123729        3.9123729       15.253603              15.253603
              1       11.460207      0.93906386      0.76802461         13.261558           11.975875       3.9123729        3.9123729       15.095668              15.095668
              1       11.651677      0.93906386      0.76764791         13.245003           11.960061       3.9123729        3.9123729       15.478608              15.478608
              1       11.172914      0.93906386      0.78881632         13.244347           11.962724       3.9123729        3.9123729       14.521083              14.521083
              1       10.340573      0.93906386      0.77783585         13.233103           11.969854       3.9123729        3.9123729         12.8564                12.8564
              1       10.458266      0.90356748      0.78056048          13.21865           11.987504       3.9123729        3.9123729       13.091787              13.091787
              1       10.659596      0.90356748       0.8267047         13.234701           11.989804       3.9123729        3.9123729       13.494446              13.494446
              1       10.732311      0.90356748      0.82609066         13.234476           11.988337       3.9123729        3.9123729       13.639876              13.639876
              1       11.156598      0.90356748      0.81221911         13.281915            12.02176       3.9123729        3.9123729        14.48845               14.48845
              1       11.428883      0.84452432      0.81675114         13.257874           12.051119       3.9123729        3.9123729       15.033019              15.033019
              2       10.771641      0.84452432      0.82716602         13.266838           12.086993       3.9123729        3.9123729       13.718537              13.718537
              1       10.670345      0.84452432      0.84728317         13.271994           12.087336       3.9123729        3.9123729       13.515944              13.515944
              1        11.19678      0.78644326      0.85174135         13.248345           12.116216       3.9123729        3.9123729       14.568814              14.568814
              2       10.989809      0.78644326      0.90651467         13.248329           12.099324       3.9123729        3.9123729       14.154871              14.154871
              1       11.404193      0.78644326      0.89870838         13.260044           12.096719       3.9123729        3.9123729        14.98364               14.98364
              1       12.024068      0.78644326      0.95712668         13.399424           12.235187       3.9123729        3.9123729       16.223389              16.223389
              4       10.743405      0.78644326      0.91494615         13.316826           12.155441       3.9123729        3.9123729       13.662064              13.662064
              4       10.707776      0.78644326      0.96234078         13.309924           12.144138       3.9123729        3.9123729       13.590807              13.590807
              1       11.384966      0.78644326      0.97561985         13.232284           12.098254       3.9123729        3.9123729       14.945185              14.945185
              2       11.462297      0.77883711      0.97620368         13.229187           12.102036       3.9123729        3.9123729       15.099848              15.099848
              1       11.293143      0.77883711      0.89952339         13.208042           12.085546       3.9123729        3.9123729        14.76154               14.76154
              3       11.449762      0.77883711      0.97613875         13.216853           12.091644       3.9123729        3.9123729       15.074778              15.074778
              2       11.891234      0.73446616      0.97954457         13.198786           12.113707       3.9123729        3.9123729       15.957722              15.957722
              1       12.452211      0.73446616       0.9666698         13.212931            12.13258       3.9123729        3.9123729       17.079677              17.079677
              1       11.454627      0.73446616      0.93723516         13.228843           12.117905       3.9123729        3.9123729       15.084509              15.084509
              2       11.523583      0.73446616      0.91438847         13.207355           12.106439       3.9123729        3.9123729        15.22242               15.22242
              1        11.32158      0.76304125      0.91219511         13.218991           12.092231       3.9123729        3.9123729       14.818415              14.818415
              2       11.506243      0.76304125       0.9116258          13.19783           12.091252       3.9123729        3.9123729        15.18774               15.18774
              1       11.455679      0.76836189       0.9112174         13.199996           12.088606       3.9123729        3.9123729       15.086613              15.086613
              1       11.966999      0.76836189      0.91895453         13.236619           12.126024       3.9123729        3.9123729       16.109252              16.109252
              1       11.078622      0.76836189      0.90703662         13.257061           12.119242       3.9123729        3.9123729       14.332497              14.332497
              1        11.11859      0.76836189      0.86465324         13.252599           12.125335       3.9123729        3.9123729       14.412435              14.412435
              3         11.3611      0.76836189      0.84829609         13.216944           12.091682       3.9123729        3.9123729       14.897453              14.897453
              3       10.825618      0.83307018      0.84332921         13.243292           12.059507       3.9123729        3.9123729       13.826489              13.826489
              4       11.044286      0.80666788       0.8453558         13.232542           12.072635       3.9123729        3.9123729       14.263826              14.263826
              1        11.11484      0.81259858      0.84490057         13.234957           12.069686       3.9123729        3.9123729       14.404934              14.404934
              1       10.846712      0.81259858      0.85020914         13.252937            12.08689       3.9123729        3.9123729       13.868677              13.868677
              2        10.68388      0.81259858      0.92145263         13.324969           12.131043       3.9123729        3.9123729       13.543014              13.543014
              2       10.475078       0.8891566      0.91557619         13.356141           12.092975       3.9123729        3.9123729        13.12541               13.12541
              1       10.597809      0.83281252      0.91990105         13.333199           12.120992       3.9123729        3.9123729       13.370873              13.370873
              1       10.635307      0.83281252      0.90665164         13.310663            12.10539       3.9123729        3.9123729       13.445868              13.445868
              2       10.533209      0.83281252      0.93985025         13.297597           12.096275       3.9123729        3.9123729       13.241671              13.241671
              2       10.552559      0.83281252       0.9446742         13.280551           12.083707       3.9123729        3.9123729       13.280373              13.280373
              1        11.30266      0.83281252      0.90890095         13.269462           12.062697       3.9123729        3.9123729       14.780573              14.780573
              1       11.533999      0.83281252      0.91290635         13.271072           12.060531       3.9123729        3.9123729       15.243252              15.243252
              1       10.840067      0.83281252      0.80928995         13.211244           12.044857       3.9123729        3.9123729       13.855388              13.855388
              2       11.301315      0.83281252      0.84406594         13.161587           12.015207       3.9123729        3.9123729       14.777885              14.777885
              1        10.57264      0.96430383      0.83397292         13.215128           11.949824       3.9123729        3.9123729       13.320533              13.320533
              2       10.381723      0.96430383      0.86523546          13.20067           11.908815       3.9123729        3.9123729       12.938701              12.938701
              1       10.938895       1.0304035      0.86016178         13.227584           11.875948       3.9123729        3.9123729       14.053045              14.053045
              1       10.758118       1.0304035      0.93091349         13.270044           11.917191       3.9123729        3.9123729        13.69149               13.69149
              1       11.170805       1.0304035      0.94340264         13.292081           11.922593       3.9123729        3.9123729       14.516863              14.516863
              2       11.401453       1.0304035      0.94775131         13.282269           11.908863       3.9123729        3.9123729       14.978159              14.978159
              1       10.728839      0.97889632       0.9517049         13.261296           11.934475       3.9123729        3.9123729       13.632931              13.632931
              1        10.23423      0.97889632      0.95356636         13.245204           11.931797       3.9123729        3.9123729       12.643713              12.643713
              2       10.348362      0.97889632      0.95911662         13.238666           11.921522       3.9123729        3.9123729       12.871978              12.871978
              1       10.476309      0.97889632       1.1271516         13.310881           11.990337       3.9123729        3.9123729       13.127871              13.127871
              1       10.197794      0.97889632        1.048289         13.281907           11.957207       3.9123729        3.9123729       12.570843              12.570843
              2       10.172975      0.97889632       1.0478916         13.279217           11.957105       3.9123729        3.9123729       12.521205              12.521205
              1       10.855661       1.0318111         1.04383         13.300763           11.930793       3.9123729        3.9123729       13.886577              13.886577
              1       10.870303       1.0318111       1.0349594         13.304962            11.93546       3.9123729        3.9123729       13.915859              13.915859
              3       10.058249      0.95181456       1.0410997         13.272389           11.975237       3.9123729        3.9123729       12.291753              12.291753
