#        weight    minuslogpost          sigma8        ygk_Ahmc ygk_LOWZ__0_lM1_0 ygk_LOWZ__0_lMmin_0   minuslogprior minuslogprior__0            chi2 chi2__ygk_like.ygkLike
              1       11.437863      0.94710547       1.2120213         13.192528           11.914221       4.7960384        4.7960384        13.28365               13.28365
              1       11.862625      0.94710547       1.2103165         13.194411           11.921406       4.7960384        4.7960384       14.133173              14.133173
              1       11.197173      0.94710547       1.2123859         13.188787           11.906794       4.7960384        4.7960384        12.80227               12.80227
              1       11.458921      0.94710547       1.2145215         13.185555            11.90834       4.7960384        4.7960384       13.325764              13.325764
              1       12.274909      0.94710547        1.197251          13.17493           11.909984       4.7960384        4.7960384       14.957741              14.957741
              1        12.73186      0.95163572        1.197251          13.17493           11.909984       4.7960384        4.7960384       15.871643              15.871643
              1       12.194242      0.95163572       1.2110758         13.171695           11.901395       4.7960384        4.7960384       14.796407              14.796407
              1       11.648807      0.94466101       1.2110758         13.171695           11.901395       4.7960384        4.7960384       13.705537              13.705537
              2       11.128311      0.94466101       1.2119194         13.179865           11.899675       4.7960384        4.7960384       12.664546              12.664546
              1        11.10547      0.94466101       1.2141986         13.177767           11.897101       4.7960384        4.7960384       12.618863              12.618863
              2       11.416717      0.95174227       1.2141986         13.177767           11.897101       4.7960384        4.7960384       13.241358              13.241358
              4       11.751479      0.95174227       1.2108707         13.173157           11.897912       4.7960384        4.7960384        13.91088               13.91088
              1       11.030774      0.93622549       1.2108707         13.173157           11.897912       4.7960384        4.7960384        12.46947               12.46947
              1       10.931949      0.93622549       1.2117884         13.176168            11.89456       4.7960384        4.7960384        12.27182               12.27182
              1       10.942812      0.93622549       1.2150288         13.170934           11.890746       4.7960384        4.7960384       12.293548              12.293548
              2        10.93363      0.93622549       1.2080168         13.169155           11.887229       4.7960384        4.7960384       12.275182              12.275182
              2       10.939237      0.93622549       1.2069325         13.169379           11.885974       4.7960384        4.7960384       12.286397              12.286397
              1       11.006633      0.93622549       1.2174141         13.163654           11.875901       4.7960384        4.7960384       12.421189              12.421189
              1       11.001692      0.93622549       1.2128652         13.152052           11.877762       4.7960384        4.7960384       12.411308              12.411308
              1       10.968706      0.93622549       1.2271779         13.153246           11.869033       4.7960384        4.7960384       12.345336              12.345336
              1        11.49443      0.93622549       1.2244468         13.166997           11.866436       4.7960384        4.7960384       13.396783              13.396783
              1       11.225743      0.94158936       1.2244468         13.166997           11.866436       4.7960384        4.7960384       12.859409              12.859409
              1       11.064014      0.94158936       1.2275258         13.168603           11.871705       4.7960384        4.7960384       12.535952              12.535952
              1        11.96587      0.94158936       1.2271441         13.169624           11.856847       4.7960384        4.7960384       14.339663              14.339663
              1       11.118928      0.94158936       1.2200273         13.150661           11.855727       4.7960384        4.7960384       12.645778              12.645778
              1       11.182889      0.94158936        1.215237         13.152444           11.855972       4.7960384        4.7960384       12.773701              12.773701
              1       10.982566      0.94805487        1.215237         13.152444           11.855972       4.7960384        4.7960384       12.373055              12.373055
              1       10.904293      0.95672614        1.215237         13.152444           11.855972       4.7960384        4.7960384       12.216508              12.216508
              1       10.931918      0.95672614       1.2047552         13.153262           11.860305       4.7960384        4.7960384        12.27176               12.27176
              1       10.903334      0.95672614       1.2019739         13.152186           11.853779       4.7960384        4.7960384       12.214591              12.214591
              1        11.46618      0.95672614       1.2018224         13.134112           11.856825       4.7960384        4.7960384       13.340284              13.340284
              1       12.058422      0.96490858       1.2018224         13.134112           11.856825       4.7960384        4.7960384       14.524767              14.524767
              1        11.96564      0.96490858       1.1990933         13.139415            11.86072       4.7960384        4.7960384       14.339202              14.339202
              1       12.035832      0.96490858       1.1899632         13.135866           11.859155       4.7960384        4.7960384       14.479586              14.479586
              1        13.06511      0.96490858       1.1904802         13.132138           11.864591       4.7960384        4.7960384       16.538143              16.538143
              1       12.697263      0.96172436       1.1904802         13.132138           11.864591       4.7960384        4.7960384        15.80245               15.80245
              2       12.592682      0.96172436       1.1748154         13.123012           11.857143       4.7960384        4.7960384       15.593288              15.593288
              1       12.711137      0.96172436       1.1675995         13.129495           11.864376       4.7960384        4.7960384       15.830196              15.830196
              1       11.178265      0.96172436       1.1586565         13.143306           11.859261       4.7960384        4.7960384       12.764453              12.764453
              1       12.129711      0.96172436       1.1488926         13.141433           11.871275       4.7960384        4.7960384       14.667344              14.667344
              1       11.288844      0.94923186       1.1488926         13.141433           11.871275       4.7960384        4.7960384       12.985611              12.985611
              1       11.365263      0.94923186       1.1562906          13.14888           11.878448       4.7960384        4.7960384       13.138449              13.138449
              1       10.903405      0.94923186       1.1550424         13.165366           11.877685       4.7960384        4.7960384       12.214733              12.214733
              1       10.996479      0.94155622       1.1550424         13.165366           11.877685       4.7960384        4.7960384        12.40088               12.40088
              2       11.303852      0.94155622       1.1630488         13.165567           11.868926       4.7960384        4.7960384       13.015628              13.015628
              1       11.362693      0.94155622       1.1513338         13.157262           11.861844       4.7960384        4.7960384        13.13331               13.13331
              1       12.540246      0.94155622       1.1557604         13.161341           11.849739       4.7960384        4.7960384       15.488415              15.488415
              1       11.773494      0.94155622       1.1634869         13.151002           11.849081       4.7960384        4.7960384       13.954911              13.954911
              1       12.648333      0.93097165       1.1634869         13.151002           11.849081       4.7960384        4.7960384        15.70459               15.70459
              2        12.89167      0.93097165       1.1574015         13.147175           11.844071       4.7960384        4.7960384       16.191263              16.191263
              1       12.295983      0.93730161       1.1574015         13.147175           11.844071       4.7960384        4.7960384       14.999888              14.999888
              1        12.48038      0.93730161       1.1623296         13.144937           11.839795       4.7960384        4.7960384       15.368682              15.368682
              1       12.427425      0.93730161       1.1673155         13.151696           11.845629       4.7960384        4.7960384       15.262774              15.262774
              1       11.413183      0.95139776       1.1673155         13.151696           11.845629       4.7960384        4.7960384        13.23429               13.23429
              1       12.031889      0.95139776       1.1589147         13.159191           11.844126       4.7960384        4.7960384       14.471702              14.471702
              3       11.977889      0.95139776       1.1586357         13.158976           11.844613       4.7960384        4.7960384       14.363702              14.363702
              1       12.578709      0.94424715       1.1586357         13.158976           11.844613       4.7960384        4.7960384       15.565341              15.565341
              2       12.583331      0.94424715       1.1584621         13.159078            11.84467       4.7960384        4.7960384       15.574584              15.574584
              1        13.01072      0.94424715       1.1581318         13.162227           11.843372       4.7960384        4.7960384       16.429364              16.429364
              1       12.604623      0.94424715       1.1612089         13.164966           11.849234       4.7960384        4.7960384       15.617169              15.617169
              1       12.044728      0.95082884       1.1612089         13.164966           11.849234       4.7960384        4.7960384        14.49738               14.49738
              1       11.485267      0.95082884        1.158047          13.16035           11.853163       4.7960384        4.7960384       13.378457              13.378457
              1       11.581092      0.95082884       1.1557922          13.16199           11.853274       4.7960384        4.7960384       13.570108              13.570108
              1         11.6725      0.94937112       1.1557922          13.16199           11.853274       4.7960384        4.7960384       13.752923              13.752923
              1       11.800785      0.94937112       1.1544309         13.160324           11.850223       4.7960384        4.7960384       14.009494              14.009494
              1       11.089114      0.96328091       1.1544309         13.160324           11.850223       4.7960384        4.7960384       12.586152              12.586152
              1       11.083201      0.96328091       1.1544775         13.160143           11.850224       4.7960384        4.7960384       12.574325              12.574325
              1       10.922204      0.96328091       1.1612753         13.161927           11.857477       4.7960384        4.7960384        12.25233               12.25233
              1       11.109977      0.96328091       1.1481682         13.158629           11.870573       4.7960384        4.7960384       12.627876              12.627876
              1       11.134538      0.93910358       1.1481682         13.158629           11.870573       4.7960384        4.7960384          12.677                 12.677
              1       10.962998      0.93910358       1.1391542         13.158933           11.878181       4.7960384        4.7960384       12.333919              12.333919
              1       11.094951      0.93910358       1.1312628         13.153628           11.869045       4.7960384        4.7960384       12.597825              12.597825
              4       10.962999      0.93910358       1.1325386         13.148794           11.870749       4.7960384        4.7960384       12.333921              12.333921
              1       10.957349      0.93910358       1.1484073         13.150356           11.870961       4.7960384        4.7960384       12.322621              12.322621
              1       11.213714      0.93910358       1.1482213         13.142525           11.879119       4.7960384        4.7960384       12.835351              12.835351
              1       11.013795      0.92477546       1.1482213         13.142525           11.879119       4.7960384        4.7960384       12.435512              12.435512
              1       11.018871      0.92477546       1.1723946         13.138927           11.876216       4.7960384        4.7960384       12.445665              12.445665
              1       11.015404      0.92477546       1.1747176         13.147697           11.884687       4.7960384        4.7960384       12.438731              12.438731
              3       11.073397      0.92477546       1.1689899         13.149486           11.890342       4.7960384        4.7960384       12.554717              12.554717
              2        11.11601      0.92697505       1.1689899         13.149486           11.890342       4.7960384        4.7960384       12.639943              12.639943
              4       11.400389      0.92697505       1.1886552         13.145311           11.891411       4.7960384        4.7960384         13.2087                13.2087
              1       11.115013      0.91746781       1.1886552         13.145311           11.891411       4.7960384        4.7960384       12.637949              12.637949
              1       11.106292      0.91746781       1.1768339         13.151564           11.885682       4.7960384        4.7960384       12.620508              12.620508
              2       11.217686      0.91746781       1.1675049         13.137944           11.890067       4.7960384        4.7960384       12.843294              12.843294
              1       11.171075      0.90375865       1.1675049         13.137944           11.890067       4.7960384        4.7960384       12.750073              12.750073
              1       11.171682      0.90375865       1.1415913         13.142767           11.895722       4.7960384        4.7960384       12.751287              12.751287
              1       11.229921      0.90375865       1.1387169         13.129387           11.893962       4.7960384        4.7960384       12.867765              12.867765
              1       11.219958      0.90375865        1.132512         13.131423           11.885541       4.7960384        4.7960384        12.84784               12.84784
              1       11.504747      0.89594205        1.132512         13.131423           11.885541       4.7960384        4.7960384       13.417418              13.417418
              1       11.430111      0.89594205        1.134268         13.125908           11.882914       4.7960384        4.7960384       13.268146              13.268146
              1       11.415919      0.89594205       1.1158573         13.114856           11.893808       4.7960384        4.7960384       13.239761              13.239761
              1       11.251708      0.89594205        1.132998         13.124375           11.890111       4.7960384        4.7960384        12.91134               12.91134
              2       11.234678      0.89594205       1.1305631         13.131137           11.896233       4.7960384        4.7960384       12.877278              12.877278
              3       11.713077      0.89594205       1.1366898         13.124078           11.906467       4.7960384        4.7960384       13.834077              13.834077
              1       11.738325      0.89594205       1.1379679         13.126415           11.908809       4.7960384        4.7960384       13.884574              13.884574
              1       11.741914      0.89594205       1.1378865         13.126406           11.908863       4.7960384        4.7960384       13.891751              13.891751
              1       11.579721      0.89217054       1.1378865         13.126406           11.908863       4.7960384        4.7960384       13.567365              13.567365
              1       11.309582      0.89217054       1.1422927         13.140099           11.913557       4.7960384        4.7960384       13.027088              13.027088
              2       11.376108      0.89217054       1.1542552         13.141308           11.898799       4.7960384        4.7960384       13.160139              13.160139
              2       11.615993      0.89217054       1.1296112          13.15031           11.902393       4.7960384        4.7960384       13.639909              13.639909
              2        11.09106      0.91187177       1.1296112          13.15031           11.902393       4.7960384        4.7960384       12.590043              12.590043
              1       11.171335      0.91187177       1.1265191         13.147928           11.904763       4.7960384        4.7960384       12.750593              12.750593
              1       11.264486      0.91187177       1.1131945         13.156872           11.896369       4.7960384        4.7960384       12.936895              12.936895
              1       11.401175      0.91187177       1.1129005         13.142789           11.881831       4.7960384        4.7960384       13.210273              13.210273
              1       11.007179       0.9264458       1.1129005         13.142789           11.881831       4.7960384        4.7960384       12.422282              12.422282
              1       11.441643      0.94473921       1.1129005         13.142789           11.881831       4.7960384        4.7960384       13.291209              13.291209
              1       11.582592      0.94473921       1.1115807         13.146341           11.887064       4.7960384        4.7960384       13.573106              13.573106
              1       11.762899      0.94473921       1.1184182         13.146351           11.888782       4.7960384        4.7960384       13.933721              13.933721
              1       11.278225      0.94473921       1.1191721         13.151092           11.885753       4.7960384        4.7960384       12.964373              12.964373
              2       11.183909      0.94239529       1.1191721         13.151092           11.885753       4.7960384        4.7960384       12.775741              12.775741
              1       11.008322      0.94239529       1.1341424          13.14116           11.870609       4.7960384        4.7960384       12.424568              12.424568
              1       10.944976      0.94239529       1.1403188          13.14782           11.872347       4.7960384        4.7960384       12.297876              12.297876
              2       11.207694      0.94239529       1.1554681         13.148233           11.880704       4.7960384        4.7960384       12.823311              12.823311
              2       11.081563      0.94239529       1.1568608         13.148977           11.878142       4.7960384        4.7960384       12.571049              12.571049
              1       11.025844      0.94239529       1.1685429         13.160048           11.885109       4.7960384        4.7960384       12.459612              12.459612
              1       10.932072      0.94239529       1.1624898         13.165885           11.885983       4.7960384        4.7960384       12.272066              12.272066
              1       11.208778      0.94239529       1.1608356         13.163088           11.893202       4.7960384        4.7960384       12.825479              12.825479
              1       11.000846       0.9250028       1.1608356         13.163088           11.893202       4.7960384        4.7960384       12.409615              12.409615
              1       11.027451       0.9250028        1.163579         13.163314           11.901021       4.7960384        4.7960384       12.462826              12.462826
              1       12.444511       0.9250028       1.1485531         13.143096           11.906875       4.7960384        4.7960384       15.296945              15.296945
              1       12.405452      0.92458211       1.1485531         13.143096           11.906875       4.7960384        4.7960384       15.218828              15.218828
              1       12.906834      0.92458211       1.1572368         13.135821           11.904038       4.7960384        4.7960384       16.221591              16.221591
              1       11.676139      0.92458211       1.1602656         13.139652           11.895009       4.7960384        4.7960384       13.760201              13.760201
              1       12.075234      0.92458211       1.1657989          13.13426           11.894577       4.7960384        4.7960384       14.558391              14.558391
              1       13.237315       0.9361783       1.1657989          13.13426           11.894577       4.7960384        4.7960384       16.882553              16.882553
              1       13.241304       0.9361783        1.158804           13.1275           11.889362       4.7960384        4.7960384       16.890531              16.890531
              3       13.729076       0.9361783       1.1457179         13.120302           11.887473       4.7960384        4.7960384       17.866075              17.866075
              1       11.499433       0.9361783       1.1407522         13.131843           11.877889       4.7960384        4.7960384       13.406789              13.406789
              1       11.520011       0.9361783       1.1394177         13.127125           11.874189       4.7960384        4.7960384       13.447945              13.447945
              1       12.127811      0.94482418       1.1394177         13.127125           11.874189       4.7960384        4.7960384       14.663545              14.663545
              1       11.164976      0.94482418       1.1343317          13.13407           11.867167       4.7960384        4.7960384       12.737875              12.737875
              1       10.945015      0.94482418       1.1566704         13.137659           11.854536       4.7960384        4.7960384       12.297952              12.297952
              1        11.04203      0.94482418       1.1511478         13.132179           11.845403       4.7960384        4.7960384       12.491984              12.491984
              1       11.220174      0.94482418       1.1504891         13.118979           11.853721       4.7960384        4.7960384       12.848271              12.848271
              1       11.016283      0.93030886       1.1504891         13.118979           11.853721       4.7960384        4.7960384       12.440489              12.440489
              1       11.014437      0.93030886       1.1473786         13.119952           11.855018       4.7960384        4.7960384       12.436796              12.436796
              1       11.059153      0.93030886       1.1532235         13.115554           11.846937       4.7960384        4.7960384        12.52623               12.52623
              1       11.146767      0.92695522       1.1532235         13.115554           11.846937       4.7960384        4.7960384       12.701457              12.701457
              4       11.721271      0.92695522        1.142513         13.117928           11.837898       4.7960384        4.7960384       13.850465              13.850465
              1       11.724606      0.92695522        1.144221         13.116199           11.836254       4.7960384        4.7960384       13.857136              13.857136
              1       11.230614      0.92695522       1.1431373         13.110506           11.841114       4.7960384        4.7960384       12.869152              12.869152
              1       11.703992      0.91783766       1.1431373         13.110506           11.841114       4.7960384        4.7960384       13.815908              13.815908
              1       11.605366      0.91783766       1.1467805         13.108015            11.84036       4.7960384        4.7960384       13.618656              13.618656
              3       12.308005      0.91783766       1.1437433         13.106723           11.829951       4.7960384        4.7960384       15.023934              15.023934
              1       11.965167      0.91783766       1.1423777         13.106302           11.833933       4.7960384        4.7960384       14.338257              14.338257
              1         11.8906      0.91783766       1.1422687         13.104834            11.83374       4.7960384        4.7960384       14.189124              14.189124
              1       11.324453      0.91783766        1.162197          13.10249           11.840328       4.7960384        4.7960384       13.056829              13.056829
              1       11.183113      0.91783766       1.1533304          13.09623           11.841077       4.7960384        4.7960384        12.77415               12.77415
              2       11.249594      0.91783766       1.1618403         13.082463           11.826768       4.7960384        4.7960384       12.907112              12.907112
              2        11.24128      0.91783766       1.1664219         13.076936            11.83481       4.7960384        4.7960384       12.890482              12.890482
              1       11.476111      0.91783766       1.1588461         13.089042           11.826174       4.7960384        4.7960384       13.360145              13.360145
              1       11.484634      0.91783766       1.1614505         13.092259           11.828399       4.7960384        4.7960384       13.377191              13.377191
              1        11.67667      0.91783766       1.1655903         13.091833           11.824171       4.7960384        4.7960384       13.761262              13.761262
              1       11.146175      0.91783766       1.1595513         13.093031            11.84093       4.7960384        4.7960384       12.700272              12.700272
              1       11.139896      0.91783766       1.1636519         13.092093           11.842475       4.7960384        4.7960384       12.687714              12.687714
              2       11.206732      0.91289395       1.1636519         13.092093           11.842475       4.7960384        4.7960384       12.821388              12.821388
              1       11.291517      0.91289395        1.166994          13.08639            11.84855       4.7960384        4.7960384       12.990957              12.990957
              1       11.185856      0.91289395       1.1878991         13.091643            11.84198       4.7960384        4.7960384       12.779636              12.779636
              1       11.160464      0.91289395       1.1882817         13.101902           11.851402       4.7960384        4.7960384       12.728851              12.728851
              2       11.157768      0.91312453       1.1882817         13.101902           11.851402       4.7960384        4.7960384        12.72346               12.72346
              1       11.295425      0.91312453       1.1680643         13.103811           11.864481       4.7960384        4.7960384       12.998774              12.998774
              2       11.139826      0.91312453       1.1701658         13.113845           11.866265       4.7960384        4.7960384       12.687576              12.687576
              1       11.191497      0.91312453         1.17136         13.111872           11.867841       4.7960384        4.7960384       12.790918              12.790918
              1       11.227669      0.91548174         1.17136         13.111872           11.867841       4.7960384        4.7960384        12.86326               12.86326
              1       11.184617      0.91548174       1.1762225         13.116909           11.870461       4.7960384        4.7960384       12.777156              12.777156
              1       11.406753      0.91548174       1.1686192         13.119538           11.879515       4.7960384        4.7960384       13.221429              13.221429
              1       11.245066      0.89871538       1.1686192         13.119538           11.879515       4.7960384        4.7960384       12.898056              12.898056
              1       11.243376      0.89871538       1.1678942         13.119141           11.879523       4.7960384        4.7960384       12.894676              12.894676
              2       11.275249      0.89871538       1.1690787         13.116895           11.875449       4.7960384        4.7960384       12.958422              12.958422
              1       11.263299      0.89871538       1.1639964          13.11378           11.880743       4.7960384        4.7960384       12.934521              12.934521
              1       11.250367      0.89871538       1.1602754         13.128082           11.885586       4.7960384        4.7960384       12.908656              12.908656
              1       11.311997      0.89639183       1.1602754         13.128082           11.885586       4.7960384        4.7960384       13.031918              13.031918
              2       11.506793      0.89639183       1.1549253         13.128371           11.880621       4.7960384        4.7960384       13.421508              13.421508
              1       11.628347      0.89639183       1.1566124          13.12503           11.875309       4.7960384        4.7960384       13.664618              13.664618
              1       11.970361      0.89639183       1.1471889         13.126251           11.871548       4.7960384        4.7960384       14.348646              14.348646
              1       11.152362      0.91344592       1.1471889         13.126251           11.871548       4.7960384        4.7960384       12.712646              12.712646
              1       11.081952      0.91763235       1.1471889         13.126251           11.871548       4.7960384        4.7960384       12.571828              12.571828
              1       11.263357      0.91763235       1.1547767         13.124795           11.880498       4.7960384        4.7960384       12.934638              12.934638
              2       11.266009      0.91763235       1.1524395          13.12714           11.882861       4.7960384        4.7960384       12.939941              12.939941
              2       11.145886      0.90957204       1.1524395          13.12714           11.882861       4.7960384        4.7960384       12.699695              12.699695
              1       11.190019      0.90957204       1.1658566         13.125696           11.883222       4.7960384        4.7960384        12.78796               12.78796
              1       11.884133      0.90957204       1.1769178         13.201487           11.961361       4.7960384        4.7960384       14.176189              14.176189
              1       11.987655      0.90957204       1.1887772         13.146894           11.914861       4.7960384        4.7960384       14.383232              14.383232
              1        12.00062      0.96343163       1.1947533         13.156848           11.877881       4.7960384        4.7960384       14.409164              14.409164
              2       11.122533      0.96343163        1.306829         13.178025            11.85196       4.7960384        4.7960384       12.652989              12.652989
              1       11.201549       0.9361552       1.3038025         13.172983           11.870689       4.7960384        4.7960384       12.811022              12.811022
              2       10.982269       0.9361552       1.3284504         13.253348           11.942248       4.7960384        4.7960384       12.372462              12.372462
              2       13.530103       0.9361552       1.3204027         13.265331           11.919062       4.7960384        4.7960384       17.468128              17.468128
              2       11.155529       0.9361552       1.3154602         13.247967           11.933269       4.7960384        4.7960384        12.71898               12.71898
              2       11.151359      0.94130455       1.3160315         13.248919           11.929733       4.7960384        4.7960384       12.710642              12.710642
              2       11.631047       1.0174555        1.324481         13.262993           11.877447       4.7960384        4.7960384       13.670017              13.670017
              2       11.716868       1.0174555       1.3237284         13.267702           11.879711       4.7960384        4.7960384        13.84166               13.84166
              1       11.776625       1.0214458       1.3241712         13.268439           11.876971       4.7960384        4.7960384       13.961173              13.961173
              1       11.433593       1.0214458       1.2403246         13.221992           11.849329       4.7960384        4.7960384       13.275109              13.275109
              1       11.364247       1.0214458       1.2550164         13.210385           11.840167       4.7960384        4.7960384       13.136416              13.136416
              2       11.282856       1.0148293       1.2542823         13.209162            11.84471       4.7960384        4.7960384       12.973635              12.973635
              4       11.193802       1.0148293        1.294943         13.151729           11.790743       4.7960384        4.7960384       12.795527              12.795527
              1       11.036102      0.95239668       1.2880157          13.14019           11.833609       4.7960384        4.7960384       12.480126              12.480126
              1       10.999808      0.95239668       1.2253428         13.159304            11.85602       4.7960384        4.7960384        12.40754               12.40754
              1       11.213733      0.91398385       1.2210807         13.152205           11.882395       4.7960384        4.7960384       12.835389              12.835389
              1       11.244071      0.91398385       1.2632038         13.214393           11.928002       4.7960384        4.7960384       12.896066              12.896066
              1       12.578136      0.91398385       1.2662085         13.207272            11.96192       4.7960384        4.7960384       15.564194              15.564194
              1       12.296617      0.91398385       1.3824406         13.178351           11.925027       4.7960384        4.7960384       15.001157              15.001157
              2       12.342289      0.89230914       1.3800356         13.174345           11.939909       4.7960384        4.7960384       15.092501              15.092501
              2       11.598985      0.89230914       1.3768447         13.195533           11.949094       4.7960384        4.7960384       13.605893              13.605893
              2       11.213783      0.89230914        1.438151         13.214501           11.951284       4.7960384        4.7960384       12.835489              12.835489
              1       11.472452      0.89230914       1.4430477         13.209781             11.9533       4.7960384        4.7960384       13.352826              13.352826
              1       11.381566      0.92660018       1.4468526         13.216119           11.929756       4.7960384        4.7960384       13.171055              13.171055
              2       11.058221      0.92660018       1.4267467         13.255707            11.95751       4.7960384        4.7960384       12.524365              12.524365
              2       11.381246      0.85074329       1.4183298         13.241687           12.009594       4.7960384        4.7960384       13.170414              13.170414
              3       11.848164      0.85074329       1.4415644         13.333504           12.092604       4.7960384        4.7960384       14.104251              14.104251
              1       14.340836      0.85074329       1.5374527         13.319914             12.0936       4.7960384        4.7960384       19.089596              19.089596
              1       11.611856      0.85074329       1.5280927         13.355858           12.099905       4.7960384        4.7960384       13.631636              13.631636
              2        12.72927      0.85074329       1.5324191         13.317312           12.024005       4.7960384        4.7960384       15.866463              15.866463
              1       12.339208      0.85074329       1.4413294         13.305461           12.026044       4.7960384        4.7960384       15.086339              15.086339
              2       12.284253      0.86578113       1.4429979          13.30824           12.015719       4.7960384        4.7960384        14.97643               14.97643
              3       11.912932      0.86578113       1.4138868         13.282155           12.002472       4.7960384        4.7960384       14.233787              14.233787
              1       12.431025      0.86578113       1.4383711         13.250238           11.969606       4.7960384        4.7960384       15.269974              15.269974
              1       12.075003      0.93276168       1.4458031         13.262618           11.923616       4.7960384        4.7960384        14.55793               14.55793
              1       11.914209      0.93276168       1.5364413         13.291944           11.943198       4.7960384        4.7960384       14.236341              14.236341
              1       11.557701      0.93276168       1.5669168         13.370902           12.011849       4.7960384        4.7960384       13.523326              13.523326
              4        11.55981      0.93276168       1.4466903         13.375564           12.058566       4.7960384        4.7960384       13.527543              13.527543
              2       11.505972      0.93276168       1.4653878           13.4102            12.05243       4.7960384        4.7960384       13.419867              13.419867
              2        11.15785      0.93276168       1.4730576         13.437123           12.092881       4.7960384        4.7960384       12.723623              12.723623
              1       11.126612      0.93276168       1.4833484         13.429391           12.080131       4.7960384        4.7960384       12.661147              12.661147
              1       11.182673      0.93276168       1.4510764         13.402417           12.071305       4.7960384        4.7960384       12.773269              12.773269
              1       11.216694      0.94167042       1.4520649         13.404063           12.065188       4.7960384        4.7960384       12.841311              12.841311
              3        11.16513      0.89421732       1.4467996         13.395293            12.09777       4.7960384        4.7960384       12.738183              12.738183
              1       11.183881      0.89421732       1.4441588         13.392031            12.09592       4.7960384        4.7960384       12.775684              12.775684
              1       11.033356      0.89421732       1.4110241         13.409804           12.108231       4.7960384        4.7960384       12.474636              12.474636
              1       11.038642      0.89421732       1.3826946         13.387342            12.09373       4.7960384        4.7960384       12.485207              12.485207
              1       11.295628      0.89421732       1.3810898         13.387507           12.100212       4.7960384        4.7960384       12.999179              12.999179
              3       11.259265      0.91108654       1.3829616         13.390625           12.088629       4.7960384        4.7960384       12.926453              12.926453
              2       11.615501      0.91108654       1.3608858         13.389103           12.095012       4.7960384        4.7960384       13.638925              13.638925
              4       11.590608      0.93506635       1.3635466         13.393535           12.078547       4.7960384        4.7960384       13.589138              13.589138
              1       12.040414      0.84713839       1.3537903         13.377284           12.138919       4.7960384        4.7960384       14.488752              14.488752
              3       11.356486      0.84713839       1.3088755         13.397736           12.149313       4.7960384        4.7960384       13.120896              13.120896
              1       11.189538      0.84713839       1.2872402         13.402147           12.150985       4.7960384        4.7960384       12.786998              12.786998
              1       11.317242      0.84713839       1.2850594          13.40068           12.152765       4.7960384        4.7960384       13.042408              13.042408
