#        weight    minuslogpost          sigma8        ygk_Ahmc ygk_LOWZ__0_lM1_0 ygk_LOWZ__0_lMmin_0   minuslogprior minuslogprior__0            chi2 chi2__ygk_like.ygkLike
              1       10.396383      0.97229322       1.0802336         13.177458           11.888095       3.9123729        3.9123729        12.96802               12.96802
              1       10.145087      0.97229322        1.077934         13.181606            11.88581       3.9123729        3.9123729       12.465429              12.465429
              1       10.040403      0.97229322       1.0843054         13.182058           11.880218       3.9123729        3.9123729        12.25606               12.25606
              1       10.305945      0.98273541       1.0843054         13.182058           11.880218       3.9123729        3.9123729       12.787144              12.787144
              1       10.257913      0.98273541       1.0800889         13.176841           11.874992       3.9123729        3.9123729        12.69108               12.69108
              1        10.28155      0.98334615       1.0800889         13.176841           11.874992       3.9123729        3.9123729       12.738353              12.738353
              1       10.154116      0.98334615       1.0745471         13.172898           11.868408       3.9123729        3.9123729       12.483486              12.483486
              1       10.172877      0.98334615       1.0826456         13.179098           11.857878       3.9123729        3.9123729       12.521007              12.521007
              1       10.065047      0.98334615       1.0913964         13.167231            11.85762       3.9123729        3.9123729       12.305348              12.305348
              2       10.097273      0.98539261       1.0913964         13.167231            11.85762       3.9123729        3.9123729       12.369801              12.369801
              2       10.085667      0.98539261       1.0879357         13.170053           11.859468       3.9123729        3.9123729       12.346588              12.346588
              1       10.147634      0.97150532       1.0879357         13.170053           11.859468       3.9123729        3.9123729       12.470522              12.470522
              1       10.104369      0.97150532       1.0739849         13.163013           11.856231       3.9123729        3.9123729       12.383991              12.383991
              1       10.022764      0.97150532       1.0797175         13.153308           11.852631       3.9123729        3.9123729       12.220783              12.220783
              1       10.212175      0.97150532         1.07942         13.149934           11.861251       3.9123729        3.9123729       12.599604              12.599604
              1       10.740979      0.97150532       1.0280064         13.154149           11.878434       3.9123729        3.9123729       13.657212              13.657212
              1       10.944364      0.97431893       1.0280064         13.154149           11.878434       3.9123729        3.9123729       14.063983              14.063983
              1       10.046994      0.97431893       1.0250638         13.163647           11.867299       3.9123729        3.9123729       12.269241              12.269241
              2        10.05411      0.97431893       1.0195538         13.147311            11.85482       3.9123729        3.9123729       12.283475              12.283475
              1       10.053893      0.97431893       1.0139318         13.150519           11.852143       3.9123729        3.9123729       12.283041              12.283041
              1       10.094408      0.97431893       1.0145369         13.145767           11.845176       3.9123729        3.9123729       12.364069              12.364069
              1       10.049715      0.97431893       1.0095049         13.139914           11.848731       3.9123729        3.9123729       12.274684              12.274684
              1        10.04399      0.97431893       1.0109807         13.142942           11.850504       3.9123729        3.9123729       12.263234              12.263234
              1       10.257295      0.97431893       1.0257108         13.135179           11.851501       3.9123729        3.9123729       12.689844              12.689844
              1        10.03094      0.97431893       1.0281041         13.138694           11.843506       3.9123729        3.9123729       12.237134              12.237134
              1        10.12673      0.98184895       1.0281041         13.138694           11.843506       3.9123729        3.9123729       12.428714              12.428714
              1       10.056216      0.98184895       1.0281432         13.140596           11.835744       3.9123729        3.9123729       12.287687              12.287687
              1       10.062571      0.98184895       1.0194331         13.139898           11.835529       3.9123729        3.9123729       12.300396              12.300396
              2       10.074272      0.98060912       1.0194331         13.139898           11.835529       3.9123729        3.9123729       12.323797              12.323797
              1       10.081349      0.98877281       1.0194331         13.139898           11.835529       3.9123729        3.9123729       12.337951              12.337951
              2       10.069167      0.98877281       1.0180131         13.143064           11.836414       3.9123729        3.9123729       12.313588              12.313588
              1       10.071072      0.98877281        1.018227         13.143045           11.836822       3.9123729        3.9123729       12.317399              12.317399
              1       10.132808      0.98877281       1.0162936         13.143049           11.841474       3.9123729        3.9123729        12.44087               12.44087
              1       10.092776      0.98877281       1.0222436          13.15663           11.843937       3.9123729        3.9123729       12.360806              12.360806
              2       10.295568      0.98877281       1.0138695          13.16093           11.840453       3.9123729        3.9123729        12.76639               12.76639
              1       11.716867      0.98877281      0.99515646         13.211956           11.866835       3.9123729        3.9123729       15.608989              15.608989
              1       10.362183      0.98877281      0.99702642         13.205562           11.880528       3.9123729        3.9123729        12.89962               12.89962
              2       10.475515      0.98877281        1.010913         13.210454           11.880916       3.9123729        3.9123729       13.126285              13.126285
              1       10.199827      0.98877281       1.0315555          13.20562           11.882278       3.9123729        3.9123729       12.574908              12.574908
              1       10.124891      0.98877281       1.0304867         13.202531            11.88751       3.9123729        3.9123729       12.425035              12.425035
              1       10.131716      0.98941972       1.0304867         13.202531            11.88751       3.9123729        3.9123729       12.438685              12.438685
              1       10.167417      0.98941972       1.0271186         13.185046           11.876499       3.9123729        3.9123729       12.510088              12.510088
              1       10.105781      0.98941972       1.0284699          13.18548           11.871215       3.9123729        3.9123729       12.386815              12.386815
              1       10.138238      0.98941972       1.0222192         13.188017           11.869825       3.9123729        3.9123729       12.451731              12.451731
              1       10.426601      0.98941972       1.0273263         13.201946           11.872278       3.9123729        3.9123729       13.028455              13.028455
              1       10.221066       1.0030285       1.0273263         13.201946           11.872278       3.9123729        3.9123729       12.617387              12.617387
              1       10.765015       1.0030285       1.0381551         13.210649           11.897148       3.9123729        3.9123729       13.705285              13.705285
              1        10.85987       1.0030285       1.0358057         13.210177           11.898336       3.9123729        3.9123729       13.894993              13.894993
              2       10.542268      0.99776226       1.0358057         13.210177           11.898336       3.9123729        3.9123729        13.25979               13.25979
              1        10.48905      0.99670743       1.0358057         13.210177           11.898336       3.9123729        3.9123729       13.153354              13.153354
              2       10.206292      0.99670743       1.0443973         13.226647           11.900075       3.9123729        3.9123729       12.587839              12.587839
              2       10.293324      0.99670743       1.0543437         13.222798            11.88739       3.9123729        3.9123729       12.761903              12.761903
              1       10.279712       1.0064733       1.0543437         13.222798            11.88739       3.9123729        3.9123729       12.734678              12.734678
              1       10.321802       1.0064733       1.0429004         13.224291           11.884271       3.9123729        3.9123729       12.818858              12.818858
              1       10.304803       1.0064733       1.0417991         13.228957           11.890545       3.9123729        3.9123729       12.784861              12.784861
              1       10.312439       1.0064733       1.0191145         13.230527           11.898643       3.9123729        3.9123729       12.800131              12.800131
              2       10.534097      0.98627085       1.0191145         13.230527           11.898643       3.9123729        3.9123729       13.243449              13.243449
              1       10.879495      0.98627085       1.0138908         13.221814             11.8857       3.9123729        3.9123729       13.934243              13.934243
              1       10.679714      0.98627085       1.0102731         13.216151           11.884138       3.9123729        3.9123729       13.534681              13.534681
              1       10.234154      0.98627085       1.0113584         13.213371           11.891703       3.9123729        3.9123729       12.643562              12.643562
              1        10.25947      0.98498578       1.0113584         13.213371           11.891703       3.9123729        3.9123729       12.694194              12.694194
              1       10.290036      0.98498578       1.0075626         13.215437           11.893006       3.9123729        3.9123729       12.755326              12.755326
              1       11.086022      0.98498578       1.0169912         13.217505           11.879816       3.9123729        3.9123729       14.347297              14.347297
              1         11.0286      0.98498578       1.0181931         13.217822           11.880724       3.9123729        3.9123729       14.232455              14.232455
              2       10.140447      0.98498578       1.0231777         13.197716           11.881134       3.9123729        3.9123729       12.456148              12.456148
              1       10.952986      0.98498578       1.0211904         13.188707           11.899277       3.9123729        3.9123729       14.081227              14.081227
              1       10.641291      0.98498578       1.0049641         13.191485           11.898879       3.9123729        3.9123729       13.457836              13.457836
              2       11.029856      0.98498578       1.0025351          13.17617           11.891008       3.9123729        3.9123729       14.234966              14.234966
              1       10.710924      0.98059588       1.0025351          13.17617           11.891008       3.9123729        3.9123729       13.597102              13.597102
              1       10.112601      0.98059588      0.99991018         13.187712           11.887194       3.9123729        3.9123729       12.400457              12.400457
              1       10.084964      0.98059588       1.0060134         13.186588           11.879591       3.9123729        3.9123729       12.345181              12.345181
              1       10.094751      0.98059588       1.0034365         13.185377           11.877702       3.9123729        3.9123729       12.364756              12.364756
              2       10.228107      0.98059588       1.0058032          13.18842           11.874056       3.9123729        3.9123729       12.631468              12.631468
              1       10.185083      0.98258488       1.0058032          13.18842           11.874056       3.9123729        3.9123729       12.545419              12.545419
              1       10.241974      0.98258488       1.0039314          13.19688           11.879902       3.9123729        3.9123729       12.659201              12.659201
              1       10.112861      0.98258488       1.0076766         13.198668           11.893187       3.9123729        3.9123729       12.400976              12.400976
              1        10.12456      0.98258488       1.0130634         13.204365           11.890901       3.9123729        3.9123729       12.424375              12.424375
              1       10.148494      0.98258488       1.0113819         13.206054           11.891148       3.9123729        3.9123729       12.472242              12.472242
              1       10.134769        0.984092       1.0113819         13.206054           11.891148       3.9123729        3.9123729       12.444793              12.444793
              1       10.131782        0.984092         1.00954         13.203281           11.888963       3.9123729        3.9123729       12.438819              12.438819
              1       10.115881        0.984092        1.014333         13.201118           11.887668       3.9123729        3.9123729       12.407015              12.407015
              1       10.139739        0.984092       1.0140349         13.197752            11.89219       3.9123729        3.9123729       12.454733              12.454733
              1       10.467728      0.99375471       1.0140349         13.197752            11.89219       3.9123729        3.9123729       13.110711              13.110711
              1       10.723782      0.99375471       1.0191333         13.195426            11.89412       3.9123729        3.9123729       13.622818              13.622818
              2       10.890972      0.99620402       1.0191333         13.195426            11.89412       3.9123729        3.9123729       13.957199              13.957199
              1       11.159585      0.99620402       1.0167928          13.18744           11.890678       3.9123729        3.9123729       14.494424              14.494424
              3       10.890304      0.99278381       1.0167928          13.18744           11.890678       3.9123729        3.9123729       13.955863              13.955863
              2       10.866407      0.99278381       1.0175533         13.187161           11.890071       3.9123729        3.9123729       13.908067              13.908067
              2        10.46063      0.99278381       1.0199725         13.209382           11.902263       3.9123729        3.9123729       13.096513              13.096513
              1       10.513814      0.99278381       1.0175297         13.209097           11.903268       3.9123729        3.9123729       13.202881              13.202881
              1       10.567181      0.99278381       1.0194681         13.207202            11.90248       3.9123729        3.9123729       13.309617              13.309617
              2       11.986078       1.0099662       1.0194681         13.207202            11.90248       3.9123729        3.9123729        16.14741               16.14741
              2       10.620895       1.0099662       1.0136293         13.207573           11.887212       3.9123729        3.9123729       13.417043              13.417043
              1       11.062701       1.0099662       1.0151025         13.205227           11.891921       3.9123729        3.9123729       14.300656              14.300656
              1       10.885352        1.007526       1.0151025         13.205227           11.891921       3.9123729        3.9123729       13.945958              13.945958
              1       11.004326        1.007526       1.0046708         13.207424            11.89628       3.9123729        3.9123729       14.183906              14.183906
              2       10.658932        1.007526       1.0142594         13.210755           11.893038       3.9123729        3.9123729       13.493117              13.493117
              2       10.764471       1.0093332       1.0142594         13.210755           11.893038       3.9123729        3.9123729       13.704196              13.704196
              2       10.426155       1.0093332       1.0007709         13.217607           11.892327       3.9123729        3.9123729       13.027564              13.027564
              1       10.623916       1.0093332       1.0015472         13.216844           11.870234       3.9123729        3.9123729       13.423086              13.423086
              1       10.383013       1.0093332      0.99765958         13.209205           11.870361       3.9123729        3.9123729        12.94128               12.94128
              1       10.318453       1.0093332       1.0022964         13.199135           11.873066       3.9123729        3.9123729        12.81216               12.81216
              1       10.324588       1.0095793       1.0022964         13.199135           11.873066       3.9123729        3.9123729        12.82443               12.82443
              1       10.346335       1.0095793       1.0108595         13.200004           11.861618       3.9123729        3.9123729       12.867923              12.867923
              1         10.2961       1.0095793       1.0310509         13.213634           11.877756       3.9123729        3.9123729       12.767454              12.767454
              2       10.389715       1.0095793       1.0372721         13.208801           11.880803       3.9123729        3.9123729       12.954684              12.954684
              1       10.279337       1.0095793       1.0399194         13.202706           11.865728       3.9123729        3.9123729       12.733928              12.733928
              1        10.28546       1.0058538       1.0399194         13.202706           11.865728       3.9123729        3.9123729       12.746173              12.746173
              1       10.409503       1.0058538       1.0363768         13.197333            11.85635       3.9123729        3.9123729        12.99426               12.99426
              1       10.405939       1.0060216       1.0363768         13.197333            11.85635       3.9123729        3.9123729       12.987133              12.987133
              4       10.278804       1.0060216       1.0268389         13.195883           11.860785       3.9123729        3.9123729       12.732862              12.732862
              1       10.228426       1.0060216       1.0034991         13.189404           11.862736       3.9123729        3.9123729       12.632106              12.632106
              3       10.252753       1.0060216        1.003545         13.187412            11.85667       3.9123729        3.9123729       12.680761              12.680761
              1       10.328137       1.0060216       1.0109295         13.177124           11.842579       3.9123729        3.9123729       12.831529              12.831529
              1       10.197109       1.0060216      0.98233174          13.16193           11.838685       3.9123729        3.9123729       12.569471              12.569471
              1       10.196374       1.0044693      0.98233174          13.16193           11.838685       3.9123729        3.9123729       12.568002              12.568002
              1        10.29014       1.0044693      0.96687094         13.166998           11.840081       3.9123729        3.9123729       12.755535              12.755535
              1        10.51475       1.0044693      0.97314689         13.183818            11.84853       3.9123729        3.9123729       13.204755              13.204755
              1       12.141576       1.0044693       0.9741405         13.190973           11.833547       3.9123729        3.9123729       16.458406              16.458406
              1       12.110551       1.0044693      0.97965256         13.182577            11.82582       3.9123729        3.9123729       16.396355              16.396355
              1       12.120294       1.0043544      0.97965256         13.182577            11.82582       3.9123729        3.9123729       16.415842              16.415842
              1       12.030457       1.0043544      0.99113229         13.186843           11.829374       3.9123729        3.9123729       16.236169              16.236169
              1       11.074722       1.0043544      0.99128667         13.181489           11.835302       3.9123729        3.9123729       14.324698              14.324698
              1       11.316101       1.0004321      0.99128667         13.181489           11.835302       3.9123729        3.9123729       14.807456              14.807456
              1       11.191951       1.0004321      0.99176813         13.180784           11.836143       3.9123729        3.9123729       14.559155              14.559155
              1       11.128499       1.0004321      0.98998129         13.181518           11.837781       3.9123729        3.9123729       14.432251              14.432251
              1       10.772927       1.0004321      0.98075425         13.169587           11.833065       3.9123729        3.9123729       13.721107              13.721107
              1       10.801606       1.0004321      0.98050602         13.169841           11.832866       3.9123729        3.9123729       13.778466              13.778466
              1       10.795533       1.0004321      0.98017946         13.169107           11.832333       3.9123729        3.9123729        13.76632               13.76632
              1       10.850612      0.99934498      0.98017946         13.169107           11.832333       3.9123729        3.9123729       13.876477              13.876477
              1       10.221554      0.99934498       0.9667068         13.165895           11.845019       3.9123729        3.9123729       12.618362              12.618362
              1       10.162823      0.99934498      0.96589306         13.166338           11.850474       3.9123729        3.9123729         12.5009                12.5009
              2       10.164369      0.99934498      0.96249875         13.165718           11.850019       3.9123729        3.9123729       12.503992              12.503992
              1       10.427777      0.98471304      0.96249875         13.165718           11.850019       3.9123729        3.9123729       13.030809              13.030809
              1       10.729207      0.98471304      0.95155372         13.173518           11.852639       3.9123729        3.9123729       13.633668              13.633668
              1       10.103605      0.98471304      0.95075246         13.167383           11.867553       3.9123729        3.9123729       12.382463              12.382463
              1       10.123398      0.98471304      0.96104024         13.179903           11.873256       3.9123729        3.9123729       12.422049              12.422049
              1       10.231366       0.9777347      0.96104024         13.179903           11.873256       3.9123729        3.9123729       12.637986              12.637986
              2       10.348589      0.97388104      0.96104024         13.179903           11.873256       3.9123729        3.9123729       12.872433              12.872433
              1       10.282899      0.97388104      0.95901791         13.183087           11.877888       3.9123729        3.9123729       12.741052              12.741052
              1       10.078083      0.97388104      0.96723171         13.177727           11.885159       3.9123729        3.9123729       12.331421              12.331421
              1       10.410163      0.97388104      0.97089305         13.162936           11.883511       3.9123729        3.9123729        12.99558               12.99558
              1       10.106267      0.97388104       0.9558284         13.160304           11.873664       3.9123729        3.9123729       12.387787              12.387787
              1       10.471703      0.97388104      0.96605531         13.164711            11.85684       3.9123729        3.9123729        13.11866               13.11866
              1        10.14293      0.98527719      0.96605531         13.164711            11.85684       3.9123729        3.9123729       12.461114              12.461114
              1       10.087245      0.98527719      0.97510615         13.163076           11.859933       3.9123729        3.9123729       12.349744              12.349744
              1       10.983865      0.98527719        0.970508         13.138457           11.860378       3.9123729        3.9123729       14.142984              14.142984
              1       10.231173      0.98527719      0.98188522         13.135705            11.82563       3.9123729        3.9123729         12.6376                12.6376
              2       10.800553      0.97258782      0.98188522         13.135705            11.82563       3.9123729        3.9123729        13.77636               13.77636
              1       10.747942      0.97258782      0.98261429         13.135705           11.826323       3.9123729        3.9123729       13.671137              13.671137
              1       10.048677      0.97258782      0.97623757         13.120975           11.833044       3.9123729        3.9123729       12.272607              12.272607
              3       10.125087      0.96656406      0.97623757         13.120975           11.833044       3.9123729        3.9123729       12.425428              12.425428
              1       10.125235      0.96656406      0.97620693         13.120987           11.833052       3.9123729        3.9123729       12.425724              12.425724
              1       11.139198       0.9463807      0.97620693         13.120987           11.833052       3.9123729        3.9123729        14.45365               14.45365
              1       11.419699       0.9463807      0.96594298         13.126751           11.835746       3.9123729        3.9123729       15.014652              15.014652
              1       12.707699      0.93370618      0.96594298         13.126751           11.835746       3.9123729        3.9123729       17.590652              17.590652
              2       10.806886      0.93370618      0.96894846         13.124047           11.852981       3.9123729        3.9123729       13.789026              13.789026
              1       11.479058      0.92490859      0.96894846         13.124047           11.852981       3.9123729        3.9123729       15.133371              15.133371
              1       11.597839      0.92490859       0.9649906         13.124295           11.852287       3.9123729        3.9123729       15.370933              15.370933
              1       10.496078      0.92490859      0.96362854         13.107146           11.853926       3.9123729        3.9123729        13.16741               13.16741
              1       10.379099      0.92490859      0.96304747         13.107521           11.857372       3.9123729        3.9123729       12.933452              12.933452
              1       11.112745      0.92490859      0.96555314          13.10762           11.887105       3.9123729        3.9123729       14.400743              14.400743
              2       11.599473      0.92490859      0.96222843         13.101892           11.887404       3.9123729        3.9123729       15.374201              15.374201
              1       10.779371      0.88477507      0.96222843         13.101892           11.887404       3.9123729        3.9123729       13.733996              13.733996
              1       10.482724      0.89493436      0.96222843         13.101892           11.887404       3.9123729        3.9123729       13.140702              13.140702
              1        10.52461      0.89493436      0.95291184         13.119063           11.897437       3.9123729        3.9123729       13.224473              13.224473
              2       10.586313      0.89493436      0.94674263         13.117378           11.894591       3.9123729        3.9123729       13.347879              13.347879
              1       10.684187      0.89493436      0.94030921          13.12153           11.895783       3.9123729        3.9123729       13.543629              13.543629
              1       10.638154      0.89598005      0.94030921          13.12153           11.895783       3.9123729        3.9123729       13.451563              13.451563
              1       10.435151      0.89598005       0.9422818         13.121652           11.906008       3.9123729        3.9123729       13.045556              13.045556
              1       10.462048      0.89598005      0.94532368          13.12655           11.905362       3.9123729        3.9123729       13.099349              13.099349
              1       10.447746      0.89598005      0.94262788         13.118595           11.901722       3.9123729        3.9123729       13.070746              13.070746
              2       10.520333      0.89598005      0.96183618         13.111861           11.902213       3.9123729        3.9123729       13.215919              13.215919
              2        11.31983      0.89598005       0.9600305         13.107502           11.913074       3.9123729        3.9123729       14.814913              14.814913
              1       10.704784      0.88155934       0.9600305         13.107502           11.913074       3.9123729        3.9123729       13.584822              13.584822
              1       10.649817      0.88155934      0.96901441         13.096385           11.899422       3.9123729        3.9123729       13.474889              13.474889
              1       10.718072      0.88155934      0.97329333         13.096391           11.902233       3.9123729        3.9123729       13.611398              13.611398
              1        10.87966      0.88155934      0.97869552          13.10559           11.914341       3.9123729        3.9123729       13.934574              13.934574
              1       10.880435      0.88158176      0.97869552          13.10559           11.914341       3.9123729        3.9123729       13.936125              13.936125
              1        11.82888      0.88158176      0.98107369         13.097466           11.919453       3.9123729        3.9123729       15.833014              15.833014
              3       10.783927      0.88158176       1.0197535          13.09778           11.901957       3.9123729        3.9123729       13.743108              13.743108
              1       10.623367      0.88158176       1.0176143         13.098233           11.888772       3.9123729        3.9123729       13.421988              13.421988
              1       10.643083      0.88158176       1.0205836         13.099707           11.888341       3.9123729        3.9123729       13.461419              13.461419
              1       11.000866      0.88158176       1.0084161         13.091811            11.87379       3.9123729        3.9123729       14.176986              14.176986
              2       10.714101      0.88158176        0.997397          13.09252            11.88262       3.9123729        3.9123729       13.603456              13.603456
              1       11.676109      0.86522055        0.997397          13.09252            11.88262       3.9123729        3.9123729       15.527472              15.527472
              1       10.970883      0.86522055       1.0084153         13.068357           11.876211       3.9123729        3.9123729       14.117021              14.117021
              1       11.131014      0.86522055       1.0106285         13.070234           11.872938       3.9123729        3.9123729       14.437283              14.437283
              1       10.939127      0.86940339       1.0106285         13.070234           11.872938       3.9123729        3.9123729       14.053507              14.053507
              1       10.872165      0.86940339       1.0140605         13.071058           11.875731       3.9123729        3.9123729       13.919583              13.919583
              2       10.888105      0.86940339       1.0046298          13.06154           11.878929       3.9123729        3.9123729       13.951464              13.951464
              1       11.060822      0.86940339       1.0125461         13.052653           11.875822       3.9123729        3.9123729       14.296899              14.296899
              3       11.790644      0.86940339       1.0164887         13.052382           11.886643       3.9123729        3.9123729       15.756542              15.756542
              2       11.758208      0.86940339       1.0081678         13.054982           11.889246       3.9123729        3.9123729       15.691671              15.691671
              1       11.620118      0.86729819       1.0081678         13.054982           11.889246       3.9123729        3.9123729        15.41549               15.41549
              1       11.975279      0.86729819       1.0089826         13.053255           11.891667       3.9123729        3.9123729       16.125812              16.125812
              3       11.299983      0.86729819       1.0251731         13.078696           11.904363       3.9123729        3.9123729       14.775219              14.775219
              2       10.985794      0.85119324       1.0251731         13.078696           11.904363       3.9123729        3.9123729       14.146842              14.146842
              1       10.981802      0.85119324       1.0244499         13.080525           11.903548       3.9123729        3.9123729       14.138859              14.138859
              1       10.950657      0.85363336       1.0244499         13.080525           11.903548       3.9123729        3.9123729       14.076569              14.076569
              2       10.962773      0.85363336       1.0248959         13.079849           11.904555       3.9123729        3.9123729         14.1008                14.1008
              1       10.960518      0.85363336       1.0329629          13.07697            11.89905       3.9123729        3.9123729       14.096289              14.096289
              1       10.964234      0.85363336        1.034445         13.076049           11.898847       3.9123729        3.9123729       14.103722              14.103722
              1        11.14664      0.85363336       1.0356461         13.079704           11.891025       3.9123729        3.9123729       14.468535              14.468535
              1       11.211279      0.85363336        1.122895         13.202266           12.011844       3.9123729        3.9123729       14.597811              14.597811
              3       10.814531       0.9130592       1.1183336         13.226463           11.982295       3.9123729        3.9123729       13.804315              13.804315
              1       10.281779       0.9130592       1.1597609         13.230886           11.973718       3.9123729        3.9123729       12.738811              12.738811
              1       10.600649       0.9130592       1.1419676         13.258422           11.970338       3.9123729        3.9123729       13.376553              13.376553
              2       10.649403       0.9130592        1.031734         13.224783           11.952361       3.9123729        3.9123729       13.474061              13.474061
              2       10.647036      0.97584719       1.0269146         13.250349            11.92114       3.9123729        3.9123729       13.469326              13.469326
              1       10.264356      0.97584719       1.0222256          13.27108           11.964389       3.9123729        3.9123729       12.703965              12.703965
              1       10.314284      0.97584719       1.0021775         13.261273           11.959503       3.9123729        3.9123729       12.803821              12.803821
              2       10.462689      0.97584719       1.0060831          13.25407           11.956657       3.9123729        3.9123729       13.100632              13.100632
              1       10.246033      0.97584719       1.0007057         13.261129           11.957398       3.9123729        3.9123729        12.66732               12.66732
              1       10.529285      0.97584719       1.0078692         13.220401           11.898838       3.9123729        3.9123729       13.233825              13.233825
              1       10.535873      0.93147763        1.011275         13.202335           11.920901       3.9123729        3.9123729          13.247                 13.247
              2       10.201019      0.93147763      0.94625936         13.170027           11.909271       3.9123729        3.9123729       12.577292              12.577292
              4       10.185725      0.93147763      0.91173656         13.137625           11.891529       3.9123729        3.9123729       12.546704              12.546704
              2       10.235725      0.93147763       0.9219739         13.133286           11.891418       3.9123729        3.9123729       12.646703              12.646703
              2        10.17324      0.98010958      0.91824101         13.153087           11.867236       3.9123729        3.9123729       12.521735              12.521735
              1       10.100759      0.98010958      0.91292135         13.139555           11.851707       3.9123729        3.9123729       12.376772              12.376772
              1       10.667207      0.98010958      0.89338133         13.126029           11.856587       3.9123729        3.9123729       13.509668              13.509668
              1       10.145389      0.98010958      0.84749645         13.150208           11.864435       3.9123729        3.9123729       12.466031              12.466031
              2       11.367735      0.98010958      0.84177986         13.123899           11.867223       3.9123729        3.9123729       14.910725              14.910725
              2       11.489345      0.90425547      0.84760227         13.093013           11.904941       3.9123729        3.9123729       15.153945              15.153945
              1       10.631733      0.90425547      0.85173421         13.106697           11.884594       3.9123729        3.9123729       13.438721              13.438721
              2       10.767143      0.90425547       0.8090521            13.115           11.892657       3.9123729        3.9123729        13.70954               13.70954
              3       10.468602      0.90425547      0.83779125          13.19099           11.957509       3.9123729        3.9123729       13.112459              13.112459
              1       10.397332      0.90425547      0.83540341         13.191112           11.960509       3.9123729        3.9123729       12.969919              12.969919
              1       10.364033      0.90425547      0.84520186         13.205931           11.972158       3.9123729        3.9123729        12.90332               12.90332
              1       10.527555      0.90425547      0.80831396         13.205537           11.970833       3.9123729        3.9123729       13.230364              13.230364
              1       11.614913      0.90425547       0.7895808         13.097796           11.915121       3.9123729        3.9123729        15.40508               15.40508
              3       11.781003       0.8758148      0.79176384         13.086216           11.929263       3.9123729        3.9123729       15.737261              15.737261
              3       11.808888       0.8758148      0.71649277         13.135551           11.977759       3.9123729        3.9123729        15.79303               15.79303
              1       11.154756       0.8758148      0.72457399         13.160778           11.960537       3.9123729        3.9123729       14.484766              14.484766
              1       11.326341      0.86084788      0.72572283         13.154684           11.967979       3.9123729        3.9123729       14.827937              14.827937
              1       11.372757      0.86084788      0.71812665         13.154893           11.968212       3.9123729        3.9123729       14.920768              14.920768
              2       10.716236      0.86084788      0.72900521         13.226622           12.036957       3.9123729        3.9123729       13.607725              13.607725
              1       10.399824      0.95673183      0.72164535         13.265664            11.98928       3.9123729        3.9123729       12.974903              12.974903
              1       10.361397      0.95673183      0.72923984         13.247609           11.973842       3.9123729        3.9123729       12.898048              12.898048
              1       10.492109      0.95673183      0.71373391         13.242231           11.966573       3.9123729        3.9123729       13.159472              13.159472
              1       10.489558      0.95554798      0.71382478         13.241749           11.967161       3.9123729        3.9123729        13.15437               13.15437
              1       10.365354      0.95554798      0.71713555         13.226595             11.9579       3.9123729        3.9123729       12.905963              12.905963
              1       10.688606      0.95554798      0.71674651         13.231374           11.981342       3.9123729        3.9123729       13.552465              13.552465
              1       10.714373      0.95554798       0.6976719         13.225831           11.978495       3.9123729        3.9123729          13.604                 13.604
              2       11.694792      0.95554798      0.74905957         13.237038            11.99554       3.9123729        3.9123729       15.564838              15.564838
              1       10.566157      0.95554798      0.74147304         13.324495           12.052542       3.9123729        3.9123729       13.307567              13.307567
              1       11.846448       1.0544125       0.7338844         13.364751           12.003382       3.9123729        3.9123729       15.868151              15.868151
              2       11.836181       1.0544125      0.73314052         13.352149           11.995667       3.9123729        3.9123729       15.847616              15.847616
              1       10.963412       1.0045292      0.73696946         13.331838           12.020471       3.9123729        3.9123729       14.102078              14.102078
              3       11.217012       1.0045292      0.76526672         13.334921           12.026127       3.9123729        3.9123729       14.609278              14.609278
              1       10.885326       1.0045292      0.77182332         13.322264           12.009083       3.9123729        3.9123729       13.945906              13.945906
              1       11.138763       1.0236132      0.77035846         13.330034           11.999594       3.9123729        3.9123729       14.452781              14.452781
              2       10.781264       1.0236132      0.86055768         13.294432           11.953147       3.9123729        3.9123729       13.737783              13.737783
              3       11.695794       1.0651776      0.85736728         13.311356            11.93248       3.9123729        3.9123729       15.566843              15.566843
              1       12.196551       1.0814224      0.85612037          13.31797           11.924402       3.9123729        3.9123729       16.568356              16.568356
              1       12.617164       1.0814224      0.76371925         13.324869           11.927924       3.9123729        3.9123729       17.409582              17.409582
              1       13.216446       1.0814224      0.77639647         13.382116           11.971378       3.9123729        3.9123729       18.608145              18.608145
              2       12.436576       1.0814224      0.74468312         13.338513           11.958704       3.9123729        3.9123729       17.048405              17.048405
              1       12.634633       1.0814224       0.7016891          13.36568           11.983708       3.9123729        3.9123729        17.44452               17.44452
              1       12.291272       1.0708448      0.70250101         13.361373           11.988968       3.9123729        3.9123729       16.757797              16.757797
              2       10.554957      0.93071515      0.71325709         13.304315           12.058646       3.9123729        3.9123729       13.285168              13.285168
              1       10.770322      0.93071515      0.65833439         13.324345           12.057756       3.9123729        3.9123729       13.715898              13.715898
              1       12.424123      0.93071515      0.69889927         13.366253           12.067403       3.9123729        3.9123729         17.0235                17.0235
              2       12.550837      0.93071515      0.71106743         13.379588           12.075921       3.9123729        3.9123729       17.276928              17.276928
              2       11.292106      0.93071515       0.6813707         13.403305           12.146881       3.9123729        3.9123729       14.759467              14.759467
              1       11.004735      0.93071515      0.68210096         13.404777           12.147607       3.9123729        3.9123729       14.184723              14.184723
              3       10.688887      0.93071515      0.66894638         13.405343           12.141818       3.9123729        3.9123729       13.553029              13.553029
              2       10.792645      0.93071515      0.63735835         13.298477           12.038304       3.9123729        3.9123729       13.760543              13.760543
              1       13.421696       1.0788672      0.62598649         13.358802           11.964636       3.9123729        3.9123729       19.018645              19.018645
              2       12.888838       1.0788672      0.57472033         13.354599           11.977448       3.9123729        3.9123729        17.95293               17.95293
              1       12.427623        1.065179      0.57577102         13.349025           11.984254       3.9123729        3.9123729         17.0305                17.0305
              1       12.449479        1.065179      0.63353046         13.396243           12.027612       3.9123729        3.9123729       17.074212              17.074212
              1       14.006029        1.065179      0.66739942         13.342649           12.010131       3.9123729        3.9123729       20.187313              20.187313
              1       12.683448        1.065179      0.65346124          13.35783           12.009653       3.9123729        3.9123729       17.542149              17.542149
              1       12.608164        1.065179      0.66361313          13.36385           12.012318       3.9123729        3.9123729       17.391582              17.391582
              1       12.181195        1.065179      0.68376597         13.308543           11.934357       3.9123729        3.9123729       16.537644              16.537644
              2       10.990954       1.0116232       0.6878768         13.286736           11.960988       3.9123729        3.9123729       14.157162              14.157162
              2       10.628199       0.9787628       0.6903991         13.273356           11.977327       3.9123729        3.9123729       13.431653              13.431653
              2       10.493709       0.9787628      0.69379927         13.264672           11.974099       3.9123729        3.9123729       13.162673              13.162673
              2       10.463885       0.9787628      0.69746965         13.262194           11.974469       3.9123729        3.9123729       13.103024              13.103024
              1       11.348923      0.79541979       0.7115427          13.18754           12.065634       3.9123729        3.9123729       14.873099              14.873099
              2       11.207973      0.80969472      0.71044698         13.193353           12.058536       3.9123729        3.9123729       14.591201              14.591201
              2       11.174491      0.80969472      0.80026283         13.228771           12.068525       3.9123729        3.9123729       14.524237              14.524237
              3       11.059614       0.8233298      0.79921623         13.234323           12.061745       3.9123729        3.9123729       14.294483              14.294483
              1       11.927252       0.8233298      0.78153145         13.247711           12.105469       3.9123729        3.9123729       16.029759              16.029759
              1       12.449043      0.77600828      0.78516376         13.228442           12.128999       3.9123729        3.9123729       17.073341              17.073341
              2        12.60792      0.77600828      0.78504656         13.226871           12.129185       3.9123729        3.9123729       17.391093              17.391093
              1       12.049435      0.77600828      0.73800159         13.211573           12.114874       3.9123729        3.9123729       16.274124              16.274124
              4       12.053204      0.77600828      0.73560509         13.211194           12.114787       3.9123729        3.9123729       16.281663              16.281663
              1       12.138252      0.76836749      0.73619158         13.208083           12.118587       3.9123729        3.9123729       16.451758              16.451758
              1       11.385612      0.76836749      0.80240424         13.244103           12.113053       3.9123729        3.9123729       14.946477              14.946477
              2       11.469497      0.76836749      0.84424772         13.176575           12.067078       3.9123729        3.9123729       15.114247              15.114247
              6       11.583564      0.76836749      0.82910603         13.156877           12.056003       3.9123729        3.9123729       15.342381              15.342381
              2       11.011085      0.82440097      0.82480501         13.179692           12.028141       3.9123729        3.9123729       14.197425              14.197425
              1       10.852898      0.82440097       0.8801372         13.208854           12.045394       3.9123729        3.9123729        13.88105               13.88105
              1       10.320725      0.89002657      0.87509991         13.235576           12.012763       3.9123729        3.9123729       12.816705              12.816705
              1       10.748679      0.89002657      0.88450582         13.218755            12.01099       3.9123729        3.9123729       13.672612              13.672612
              1       10.377914      0.89002657      0.89229302         13.203251           11.987025       3.9123729        3.9123729       12.931083              12.931083
              2       10.397226      0.89002657      0.89202947         13.203424           11.988343       3.9123729        3.9123729       12.969706              12.969706
              1       11.013843      0.82090661      0.89733498          13.17528           12.022713       3.9123729        3.9123729        14.20294               14.20294
              2       10.831821      0.82090661      0.96713618         13.218947           12.052461       3.9123729        3.9123729       13.838895              13.838895
              1       10.918101      0.82090661       0.9567026         13.221364           12.058325       3.9123729        3.9123729       14.011456              14.011456
              1       10.714678      0.84340313      0.95497582         13.230525           12.047139       3.9123729        3.9123729       13.604609              13.604609
              1       10.730022      0.84340313      0.92473067         13.196123           12.010281       3.9123729        3.9123729       13.635298              13.635298
              1       10.801462      0.84340313      0.89393758         13.201574           12.014312       3.9123729        3.9123729       13.778178              13.778178
              1       10.827573      0.84340313      0.89417139         13.201947           12.013651       3.9123729        3.9123729       13.830401              13.830401
              1        11.16667      0.84340313      0.87579546         13.147018           11.967365       3.9123729        3.9123729       14.508595              14.508595
              2       10.311599      0.94154043      0.86826264         13.186977           11.918568       3.9123729        3.9123729       12.798453              12.798453
              1       10.240975      0.94154043      0.77805697         13.165493           11.917034       3.9123729        3.9123729       12.657204              12.657204
              1       10.758405      0.87129023      0.78344924         13.136888           11.951965       3.9123729        3.9123729       13.692064              13.692064
              1       10.685071      0.87129023      0.77821111         13.223737           12.034033       3.9123729        3.9123729       13.545395              13.545395
