#        weight    minuslogpost          sigma8        ygk_Ahmc ygk_LOWZ__2_lM1_0 ygk_LOWZ__2_lMmin_0   minuslogprior minuslogprior__0            chi2 chi2__ygk_like.ygkLike
              1       98.594738      0.68379873       1.0684371         13.257406            12.08077       4.7960384        4.7960384        187.5974               187.5974
              3       87.416523      0.68379873       1.0763179         13.248282           12.069797       4.7960384        4.7960384       165.24097              165.24097
              2       83.014317      0.68379873       1.0683382         13.242366           12.064626       4.7960384        4.7960384       156.43656              156.43656
              1       67.295103      0.66974156       1.0683382         13.242366           12.064626       4.7960384        4.7960384       124.99813              124.99813
              1        61.29497      0.66974156       1.0610765         13.245693           12.063621       4.7960384        4.7960384       112.99786              112.99786
              1       48.059443      0.64888406       1.0610765         13.245693           12.063621       4.7960384        4.7960384       86.526808              86.526808
              1       42.255832      0.64888406       1.0396468           13.2511           12.061414       4.7960384        4.7960384       74.919587              74.919587
              1       42.363241      0.64888406       1.0397645         13.251331           12.061693       4.7960384        4.7960384       75.134405              75.134405
              7       39.213624      0.64888406       1.0450926         13.255108           12.058014       4.7960384        4.7960384        68.83517               68.83517
              3       37.967822      0.64888406       1.0319787         13.262342           12.059217       4.7960384        4.7960384       66.343568              66.343568
              1       37.328029      0.64888406       1.0116748         13.255628           12.054087       4.7960384        4.7960384       65.063981              65.063981
              5       37.403433      0.64888406       1.0147478         13.253754           12.053499       4.7960384        4.7960384        65.21479               65.21479
              3       36.991027      0.64888406       1.0114556         13.256399            12.04767       4.7960384        4.7960384       64.389978              64.389978
              3       36.837689      0.64888406       1.0365793         13.254445           12.049917       4.7960384        4.7960384       64.083301              64.083301
              3       37.049479      0.64888406       1.0533566         13.256666           12.051551       4.7960384        4.7960384       64.506881              64.506881
              1       38.870213      0.64888406        1.050502         13.261769           12.060434       4.7960384        4.7960384       68.148349              68.148349
              1       38.374338      0.63684714        1.050502         13.261769           12.060434       4.7960384        4.7960384       67.156598              67.156598
              2       38.550135      0.63684714        1.084602         13.271958            12.05732       4.7960384        4.7960384       67.508192              67.508192
              3       37.666446      0.65836835        1.084602         13.271958            12.05732       4.7960384        4.7960384       65.740815              65.740815
              1       37.187213      0.65836835       1.0507492         13.264181           12.054218       4.7960384        4.7960384        64.78235               64.78235
              2       39.437788      0.65836835       1.0419166         13.267018           12.061916       4.7960384        4.7960384         69.2835                69.2835
              2       37.836103      0.65836835        1.053762         13.275921           12.062033       4.7960384        4.7960384        66.08013               66.08013
              3       37.388093      0.65836835       1.0590641         13.277082           12.060703       4.7960384        4.7960384        65.18411               65.18411
              3       36.778216      0.65836835       1.0596557         13.269334            12.05453       4.7960384        4.7960384       63.964356              63.964356
              2       36.767151      0.65836835       1.0465844         13.263487           12.052512       4.7960384        4.7960384       63.942225              63.942225
              2       36.165088      0.65836835       1.0488733         13.266685           12.048571       4.7960384        4.7960384       62.738098              62.738098
              1       36.627294      0.65836835       1.0700672         13.267526            12.05233       4.7960384        4.7960384       63.662512              63.662512
              1       36.158197      0.65836835        1.077074         13.257002            12.04481       4.7960384        4.7960384       62.724317              62.724317
              3       35.991752      0.65836835       1.0745347         13.247481           12.028852       4.7960384        4.7960384       62.391428              62.391428
              2       35.556971      0.65836835       1.0963208         13.239934           12.032489       4.7960384        4.7960384       61.521865              61.521865
              2       35.587502      0.65836835       1.1017936         13.242776           12.033598       4.7960384        4.7960384       61.582927              61.582927
              1       35.426015      0.65836835       1.1320838         13.231484           12.025175       4.7960384        4.7960384       61.259954              61.259954
              3       35.000747      0.65836835       1.0897822         13.228648           12.023637       4.7960384        4.7960384       60.409416              60.409416
              4       34.969705      0.65836835       1.0899039         13.228444           12.023175       4.7960384        4.7960384       60.347334              60.347334
              1       34.587772      0.65836835       1.1151259         13.214528           12.012551       4.7960384        4.7960384       59.583467              59.583467
              4       34.754338      0.65836835       1.1111876         13.215929           12.014988       4.7960384        4.7960384       59.916599              59.916599
              3       34.729686      0.65836835       1.1113716         13.216735           12.015144       4.7960384        4.7960384       59.867296              59.867296
              5       34.518701      0.65836835       1.1303323          13.21649           12.010841       4.7960384        4.7960384       59.445326              59.445326
              3        34.63451      0.65836835       1.1359203         13.221106           12.013826       4.7960384        4.7960384       59.676943              59.676943
              1        34.95432      0.65836835       1.1494533         13.216834           12.014098       4.7960384        4.7960384       60.316562              60.316562
              5       35.564894      0.65836835       1.1565468         13.208872           12.011759       4.7960384        4.7960384       61.537711              61.537711
              1       34.619654      0.65836835        1.168464         13.214187           12.003607       4.7960384        4.7960384       59.647231              59.647231
              2       34.788036      0.65836835       1.1754065         13.223189           12.012013       4.7960384        4.7960384       59.983996              59.983996
              4       35.498286      0.65836835       1.1341088         13.225929           12.009762       4.7960384        4.7960384       61.404496              61.404496
              2       34.549202      0.65836835       1.1122181          13.21422            12.00908       4.7960384        4.7960384       59.506328              59.506328
              1       34.895392      0.65836835       1.1148607         13.212694            12.01408       4.7960384        4.7960384       60.198708              60.198708
              2       34.887165      0.65836835       1.0949023         13.221708           12.019469       4.7960384        4.7960384       60.182254              60.182254
              5       35.130661      0.65836835        1.095567         13.223373           12.022003       4.7960384        4.7960384       60.669246              60.669246
              3       34.750482      0.65836835       1.0930522         13.221245            12.01748       4.7960384        4.7960384       59.908887              59.908887
              1       35.545373      0.65836835       1.0732531         13.215588           12.007783       4.7960384        4.7960384       61.498669              61.498669
              1       34.723982      0.68237335       1.0732531         13.215588           12.007783       4.7960384        4.7960384       59.855888              59.855888
              1       34.194326      0.68237335       1.0473943         13.234278            12.01008       4.7960384        4.7960384       58.796576              58.796576
              2       34.505219      0.68237335       1.0467091         13.234117           12.008221       4.7960384        4.7960384       59.418361              59.418361
              1       34.390777      0.68237335        1.046195         13.233341           12.008335       4.7960384        4.7960384       59.189477              59.189477
              1       35.807709      0.68237335       1.0127022         13.239268           12.010908       4.7960384        4.7960384       62.023342              62.023342
              3       34.251764      0.68237335       1.0538593         13.233877            12.00851       4.7960384        4.7960384       58.911451              58.911451
              2       34.118337      0.68237335       1.0531679         13.232555           12.008517       4.7960384        4.7960384       58.644597              58.644597
              4       33.807397      0.68237335       1.0563131         13.227871           12.007647       4.7960384        4.7960384       58.022716              58.022716
              1       34.626512      0.68237335       1.0534635         13.218415           11.995996       4.7960384        4.7960384       59.660947              59.660947
              4       33.245485      0.69746669       1.0534635         13.218415           11.995996       4.7960384        4.7960384       56.898893              56.898893
              7        33.02549      0.69746669       1.0631128         13.217297            11.99282       4.7960384        4.7960384       56.458903              56.458903
              2       33.263547      0.69272337       1.0631128         13.217297            11.99282       4.7960384        4.7960384       56.935017              56.935017
              1       33.761876      0.69272337       1.0547786         13.215439           11.989066       4.7960384        4.7960384       57.931675              57.931675
              1       33.647194      0.71144254       1.0547786         13.215439           11.989066       4.7960384        4.7960384       57.702311              57.702311
              1       33.660999      0.71144254       1.0577674         13.209801             11.9852       4.7960384        4.7960384       57.729922              57.729922
              1       32.974997      0.71144254       1.0517376         13.210638           11.982813       4.7960384        4.7960384       56.357917              56.357917
              1       33.877075      0.71144254       1.0703187          13.21911            11.97405       4.7960384        4.7960384       58.162072              58.162072
              1        32.29121      0.71144254       1.1068123         13.211987           11.977216       4.7960384        4.7960384       54.990344              54.990344
              4         32.2829      0.71144254       1.1068039           13.2119           11.977044       4.7960384        4.7960384       54.973723              54.973723
              2       32.260632      0.71144254       1.1017384         13.213793           11.977253       4.7960384        4.7960384       54.929188              54.929188
              1        32.42193      0.71144254       1.0945283         13.209581           11.971732       4.7960384        4.7960384       55.251783              55.251783
              1        32.55395      0.71144254        1.082972         13.201419           11.973357       4.7960384        4.7960384       55.515823              55.515823
              1       32.472746      0.71144254       1.0812754         13.201941           11.972963       4.7960384        4.7960384       55.353416              55.353416
              1       32.544053      0.71283973       1.0812754         13.201941           11.972963       4.7960384        4.7960384       55.496028              55.496028
              1       32.333671      0.71283973       1.0846922         13.199304           11.965794       4.7960384        4.7960384       55.075266              55.075266
              2       32.902887      0.71283973       1.0757893         13.195568           11.970881       4.7960384        4.7960384       56.213698              56.213698
              2       33.134851      0.71283973       1.0790604         13.178826           11.960018       4.7960384        4.7960384       56.677625              56.677625
              1       35.019172      0.71283973       1.0880973         13.177536           11.964167       4.7960384        4.7960384       60.446267              60.446267
              1        34.20709      0.71283973       1.0907371         13.179143           11.963229       4.7960384        4.7960384       58.822103              58.822103
              1        34.78547      0.71283973       1.0811371         13.187682           11.971113       4.7960384        4.7960384       59.978864              59.978864
              5       34.733918      0.68345418       1.0811371         13.187682           11.971113       4.7960384        4.7960384        59.87576               59.87576
              2       32.931426      0.69459156       1.0811371         13.187682           11.971113       4.7960384        4.7960384       56.270775              56.270775
              2       33.265681      0.69459156       1.1020397         13.187438           11.976339       4.7960384        4.7960384       56.939286              56.939286
              4       32.953119      0.69459156       1.0816221         13.179631           11.965809       4.7960384        4.7960384       56.314162              56.314162
              6       33.281844      0.69459156       1.0688753         13.169687           11.958863       4.7960384        4.7960384       56.971611              56.971611
              1       33.390771      0.69459156       1.0669981          13.17091            11.95896       4.7960384        4.7960384       57.189466              57.189466
              1       32.815752      0.69459156       1.0925975         13.180193           11.965726       4.7960384        4.7960384       56.039426              56.039426
              4       32.747668      0.69624852       1.0925975         13.180193           11.965726       4.7960384        4.7960384        55.90326               55.90326
              3       32.774232      0.69624852       1.0880804         13.185641           11.969183       4.7960384        4.7960384       55.956387              55.956387
              4        34.29685      0.69624852       1.0682991         13.178309           11.974276       4.7960384        4.7960384       59.001623              59.001623
              2       34.322208      0.69624852       1.0706916          13.17911           11.974831       4.7960384        4.7960384       59.052339              59.052339
              2       34.459593      0.69624852       1.0717351         13.178202           11.974579       4.7960384        4.7960384        59.32711               59.32711
              1       32.962539      0.69624852       1.0990735         13.186438           11.973209       4.7960384        4.7960384       56.333002              56.333002
              2       33.522792      0.69624852       1.0679238         13.188054           11.967255       4.7960384        4.7960384       57.453506              57.453506
              2       33.086224      0.69624852       1.0689288         13.173579           11.962011       4.7960384        4.7960384        56.58037               56.58037
              1       33.022456      0.69624852        1.077863         13.179065           11.963469       4.7960384        4.7960384       56.452835              56.452835
              2       33.184596      0.69624852       1.0771656         13.179608           11.962494       4.7960384        4.7960384       56.777115              56.777115
              2         32.8874       0.6991575       1.0771656         13.179608           11.962494       4.7960384        4.7960384       56.182724              56.182724
              2       32.720942       0.6991575       1.0917972         13.173115           11.959626       4.7960384        4.7960384       55.849806              55.849806
              3        32.86637       0.6991575       1.0835968         13.170152           11.955875       4.7960384        4.7960384       56.140664              56.140664
              1       33.007702       0.6991575        1.094925          13.15286           11.947404       4.7960384        4.7960384       56.423327              56.423327
              1       33.182486       0.6991575       1.0859617         13.151383           11.947421       4.7960384        4.7960384       56.772895              56.772895
              4       32.750469       0.6991575       1.1346737         13.180504           11.965171       4.7960384        4.7960384       55.908861              55.908861
              1       34.847953       0.6991575       1.1293681         13.192537            11.95709       4.7960384        4.7960384        60.10383               60.10383
              1       34.435169       0.6991575       1.0926647         13.190775           11.960492       4.7960384        4.7960384       59.278262              59.278262
              6       32.824629       0.6991575        1.095522         13.199194           11.972559       4.7960384        4.7960384       56.057181              56.057181
              2       33.261807       0.6991575       1.0898784         13.200958           11.971835       4.7960384        4.7960384       56.931537              56.931537
              3       32.835505       0.6991575       1.0794979         13.194507           11.976344       4.7960384        4.7960384       56.078933              56.078933
              3       32.799372       0.6991575       1.0745333          13.19779           11.977304       4.7960384        4.7960384       56.006667              56.006667
              1       32.802089       0.6991575       1.0743582         13.197724           11.977312       4.7960384        4.7960384       56.012101              56.012101
              1       32.840342       0.6991575       1.0726389         13.198732           11.976262       4.7960384        4.7960384       56.088608              56.088608
              4       32.944859       0.6991575       1.0757287         13.196213           11.972577       4.7960384        4.7960384        56.29764               56.29764
              3       32.884131       0.6991575       1.0920268         13.204968           11.976563       4.7960384        4.7960384       56.176184              56.176184
              1       33.143932       0.6991575       1.0825005         13.207088            11.97754       4.7960384        4.7960384       56.695787              56.695787
              4       32.891411       0.6991575       1.0709028         13.194525           11.976534       4.7960384        4.7960384       56.190746              56.190746
              2       33.779812       0.6991575       1.0208768         13.188421           11.971402       4.7960384        4.7960384       57.967548              57.967548
              3       33.454256       0.6991575       1.0318408         13.185169           11.972464       4.7960384        4.7960384       57.316435              57.316435
              1       33.648542       0.6991575       1.0338521         13.185343           11.967805       4.7960384        4.7960384       57.705007              57.705007
              2       34.248696       0.6991575       1.0421721         13.166832           11.951777       4.7960384        4.7960384       58.905314              58.905314
              3        34.08365      0.70002726       1.0421721         13.166832           11.951777       4.7960384        4.7960384       58.575222              58.575222
              2        34.54528      0.70002726       1.0414866         13.157146           11.958154       4.7960384        4.7960384       59.498483              59.498483
              1       35.398394      0.70002726        1.033978         13.161017           11.963832       4.7960384        4.7960384       61.204711              61.204711
              1       35.370826      0.70002726        1.033232         13.157102           11.960905       4.7960384        4.7960384       61.149575              61.149575
              3        34.60218      0.70002726       1.0153822         13.158984           11.959525       4.7960384        4.7960384       59.612282              59.612282
              2       33.979231      0.70002726       1.0180811         13.162937           11.957247       4.7960384        4.7960384       58.366386              58.366386
              6       34.471732      0.70002726      0.99572757         13.173576           11.969086       4.7960384        4.7960384       59.351387              59.351387
              2       34.261536      0.70002726       0.9999577         13.173014           11.967095       4.7960384        4.7960384       58.930995              58.930995
              1       35.017508      0.70002726       1.0170378         13.195257           11.969891       4.7960384        4.7960384       60.442939              60.442939
              1        34.02136      0.70466358       1.0170378         13.195257           11.969891       4.7960384        4.7960384       58.450643              58.450643
              1       35.294636      0.70466358       1.0212697         13.196251           11.965506       4.7960384        4.7960384       60.997195              60.997195
              2       33.102494      0.71604418       1.0212697         13.196251           11.965506       4.7960384        4.7960384       56.612911              56.612911
              1       33.069276      0.71604418       1.0484381         13.198708           11.972618       4.7960384        4.7960384       56.546476              56.546476
              1        33.86287      0.72101885       1.0484381         13.198708           11.972618       4.7960384        4.7960384       58.133662              58.133662
              8       33.597294      0.72101885        1.051677         13.199805           11.972418       4.7960384        4.7960384       57.602511              57.602511
              1       32.106296      0.72101885       1.1115386         13.187016           11.947548       4.7960384        4.7960384       54.620515              54.620515
              2       31.904991      0.72101885       1.1146109         13.185118           11.950373       4.7960384        4.7960384       54.217906              54.217906
              4       31.897382      0.72101885       1.1187886         13.174019           11.941254       4.7960384        4.7960384       54.202687              54.202687
              4       32.110725      0.72101885       1.1100424         13.169839           11.941773       4.7960384        4.7960384       54.629374              54.629374
              1       33.415697      0.72101885       1.1110014         13.173087           11.932195       4.7960384        4.7960384       57.239317              57.239317
              3       33.449946      0.72101885       1.1077364         13.172164             11.9318       4.7960384        4.7960384       57.307816              57.307816
              3       33.402369      0.72101885        1.121005         13.171152           11.929921       4.7960384        4.7960384       57.212661              57.212661
              1       32.199295      0.72101885       1.1225216         13.169233           11.933631       4.7960384        4.7960384       54.806513              54.806513
              2       32.062619      0.72101885       1.1180994         13.154143           11.926954       4.7960384        4.7960384       54.533161              54.533161
              2       32.093098      0.72101885       1.1161041          13.15437           11.926773       4.7960384        4.7960384       54.594119              54.594119
              2       34.748637      0.72101885       1.1159282         13.161839           11.920518       4.7960384        4.7960384       59.905197              59.905197
              1       34.616619      0.72101885       1.1230382         13.161207           11.919714       4.7960384        4.7960384        59.64116               59.64116
              1       37.862907      0.72101885       1.1135807         13.150608           11.907124       4.7960384        4.7960384       66.133738              66.133738
              1       34.699955      0.72101885       1.1293445         13.158423           11.917032       4.7960384        4.7960384       59.807833              59.807833
              1        34.23365      0.72240373       1.1293445         13.158423           11.917032       4.7960384        4.7960384       58.875223              58.875223
              1       32.854927      0.72240373        1.128876          13.15561           11.919437       4.7960384        4.7960384       56.117777              56.117777
              3       32.713109      0.72240373       1.1441102         13.152137           11.916117       4.7960384        4.7960384        55.83414               55.83414
              3       33.507734      0.72240373       1.1359389         13.149348           11.912283       4.7960384        4.7960384       57.423392              57.423392
              1       33.630683      0.72240373       1.1311916         13.146702           11.910618       4.7960384        4.7960384       57.669289              57.669289
              1       32.497852      0.72240373       1.1298653         13.140777           11.920981       4.7960384        4.7960384       55.403627              55.403627
              1       32.255737      0.72240373       1.1142721         13.146151           11.923554       4.7960384        4.7960384       54.919397              54.919397
              4       32.153736      0.72240373        1.117582         13.150703           11.926321       4.7960384        4.7960384       54.715394              54.715394
              5       32.319382      0.72240373       1.1156287         13.152457            11.92926       4.7960384        4.7960384       55.046686              55.046686
              1       32.281362      0.72240373       1.0963109         13.154977           11.927086       4.7960384        4.7960384       54.970648              54.970648
              7       32.401648      0.72240373       1.0946061         13.157701            11.93403       4.7960384        4.7960384        55.21122               55.21122
              1       32.014199      0.72240373       1.1325252         13.158411           11.931137       4.7960384        4.7960384        54.43632               54.43632
              2       32.174636      0.72240373       1.1302002         13.155715           11.922858       4.7960384        4.7960384       54.757195              54.757195
              1       33.449057      0.72240373       1.1346515          13.15726           11.917906       4.7960384        4.7960384       57.306037              57.306037
              2       33.286978      0.72240373       1.1361914         13.157228           11.918242       4.7960384        4.7960384        56.98188               56.98188
              1         33.2217      0.72240373       1.1362726         13.156712           11.918099       4.7960384        4.7960384       56.851322              56.851322
              2        31.97393      0.72240373       1.1334964          13.15422           11.923427       4.7960384        4.7960384       54.355782              54.355782
              3       31.992192      0.72240373       1.1341573         13.157537           11.925064       4.7960384        4.7960384       54.392308              54.392308
              2       32.172073      0.72240373       1.1308813         13.150023           11.926006       4.7960384        4.7960384       54.752068              54.752068
              4       31.925249      0.72240373       1.1387599         13.148523           11.920896       4.7960384        4.7960384       54.258422              54.258422
              3       31.792915      0.72240373       1.1524108         13.155315           11.924331       4.7960384        4.7960384       53.993752              53.993752
              1       32.096189      0.72240373        1.162728          13.15201           11.925794       4.7960384        4.7960384         54.6003                54.6003
              1       31.842154      0.72240373       1.1674928          13.15298           11.919584       4.7960384        4.7960384       54.092231              54.092231
              1       32.127687      0.73245564       1.1674928          13.15298           11.919584       4.7960384        4.7960384       54.663296              54.663296
              2       32.194156      0.73245564       1.1524731         13.158027           11.912953       4.7960384        4.7960384       54.796235              54.796235
              3       31.961331      0.73245564       1.1482655         13.151277           11.910198       4.7960384        4.7960384       54.330585              54.330585
              1       31.761188      0.73245564       1.1506705          13.14977           11.910681       4.7960384        4.7960384       53.930298              53.930298
              1        31.74385      0.73245564       1.1496091         13.149387           11.910808       4.7960384        4.7960384       53.895623              53.895623
              2       31.703865      0.73303178       1.1496091         13.149387           11.910808       4.7960384        4.7960384       53.815654              53.815654
              2       32.276929      0.73303178       1.1501143         13.150723            11.90735       4.7960384        4.7960384       54.961781              54.961781
              5       31.987903      0.73303178       1.1382714         13.134872           11.900544       4.7960384        4.7960384       54.383728              54.383728
              2       31.813577      0.73303178       1.1452922         13.139048           11.904071       4.7960384        4.7960384       54.035077              54.035077
              1        31.82862      0.73303178       1.1355951         13.140344           11.907362       4.7960384        4.7960384       54.065163              54.065163
              3        33.05183      0.73303178       1.1317397         13.134486            11.91107       4.7960384        4.7960384       56.511583              56.511583
              1       33.328398      0.73303178       1.1098036         13.143814           11.920105       4.7960384        4.7960384       57.064719              57.064719
              1       34.236857      0.73303178       1.1465453         13.147804           11.923337       4.7960384        4.7960384       58.881637              58.881637
              2       33.892977      0.73303178       1.1466898          13.14801           11.922672       4.7960384        4.7960384       58.193877              58.193877
              2       32.317298      0.73303178       1.1412468         13.158221           11.925536       4.7960384        4.7960384       55.042519              55.042519
              6       32.097253      0.73303178       1.1317312         13.166824           11.931306       4.7960384        4.7960384       54.602428              54.602428
              2       32.373862      0.73303178       1.1542941         13.174699           11.936801       4.7960384        4.7960384       55.155648              55.155648
              1       32.274353      0.73303178       1.1664705         13.180307           11.926405       4.7960384        4.7960384       54.956629              54.956629
              3       31.809501       0.7360092       1.1664705         13.180307           11.926405       4.7960384        4.7960384       54.026925              54.026925
              1       31.853899       0.7360092       1.1586369         13.189119           11.941828       4.7960384        4.7960384       54.115721              54.115721
              2       32.684331       0.7360092        1.176235         13.201504           11.936986       4.7960384        4.7960384       55.776585              55.776585
              2       31.849554       0.7360092       1.1802619         13.199375           11.939504       4.7960384        4.7960384       54.107032              54.107032
              1       31.593532       0.7360092       1.1679693         13.198494           11.943674       4.7960384        4.7960384       53.594987              53.594987
              1       31.576904       0.7360092       1.1669239          13.19662           11.942507       4.7960384        4.7960384       53.561731              53.561731
              1       31.564445       0.7360092        1.181872         13.183053           11.932857       4.7960384        4.7960384       53.536813              53.536813
              5        31.73906       0.7360092       1.1700813         13.182884           11.928528       4.7960384        4.7960384       53.886043              53.886043
              2       32.640531       0.7360092       1.1791788         13.191992           11.930006       4.7960384        4.7960384       55.688985              55.688985
              2       33.808644       0.7360092       1.1834889         13.189074           11.924016       4.7960384        4.7960384        58.02521               58.02521
              2       33.688314       0.7360092       1.1853807         13.189201           11.924294       4.7960384        4.7960384        57.78455               57.78455
              2       33.552093       0.7360092       1.2081746         13.168798           11.908486       4.7960384        4.7960384        57.51211               57.51211
              4       32.036346       0.7360092       1.2564926         13.175124           11.917738       4.7960384        4.7960384       54.480614              54.480614
              4       32.760555       0.7360092       1.2678396         13.176935           11.914117       4.7960384        4.7960384       55.929034              55.929034
              1       32.355735       0.7360092       1.2609556         13.179326           11.918322       4.7960384        4.7960384       55.119393              55.119393
              3       31.779342       0.7360092       1.2420948         13.169347           11.916278       4.7960384        4.7960384       53.966607              53.966607
              1       32.463272       0.7360092       1.2585319         13.158511           11.902074       4.7960384        4.7960384       55.334467              55.334467
              2       33.180105       0.7360092        1.251196         13.158746           11.899773       4.7960384        4.7960384       56.768133              56.768133
              1        32.30239      0.74036263        1.251196         13.158746           11.899773       4.7960384        4.7960384       55.012703              55.012703
              1         32.1039      0.74036263       1.2528634         13.159015           11.901087       4.7960384        4.7960384       54.615724              54.615724
              3       31.930908      0.74036263       1.2628488         13.154167           11.898913       4.7960384        4.7960384        54.26974               54.26974
              1       31.911712      0.74036263       1.2732969         13.142101           11.892941       4.7960384        4.7960384       54.231347              54.231347
              1       31.807746      0.74036263        1.258508         13.140302           11.890106       4.7960384        4.7960384       54.023414              54.023414
              2       32.606713      0.74036263       1.2630513         13.133421           11.893097       4.7960384        4.7960384       55.621349              55.621349
              1       32.763537      0.74036263       1.2792835         13.136582           11.894207       4.7960384        4.7960384       55.934996              55.934996
              2       33.774028      0.74036263       1.2767334         13.138204           11.898908       4.7960384        4.7960384        57.95598               57.95598
              5       33.037538      0.74036263       1.2713022         13.138997           11.897821       4.7960384        4.7960384       56.482998              56.482998
              5       32.732381      0.74036263       1.2637531         13.140505           11.898602       4.7960384        4.7960384       55.872685              55.872685
              1       31.794055      0.74036263       1.2570433          13.15566           11.902644       4.7960384        4.7960384       53.996033              53.996033
              3       31.933306      0.74036263       1.2539708         13.150738           11.902704       4.7960384        4.7960384       54.274535              54.274535
              1       32.373633      0.74036263       1.2751962         13.147399           11.900474       4.7960384        4.7960384        55.15519               55.15519
              2       32.259666      0.74036263       1.2745808          13.14862           11.900719       4.7960384        4.7960384       54.927256              54.927256
              1       32.097025      0.74036263       1.2886895         13.151257           11.896428       4.7960384        4.7960384       54.601972              54.601972
              2       32.737258      0.74036263       1.2822815         13.151478           11.891296       4.7960384        4.7960384       55.882438              55.882438
              1       32.217642      0.74036263       1.3021306         13.143165           11.889253       4.7960384        4.7960384       54.843207              54.843207
              2       32.287499      0.74036263       1.3078219         13.145897           11.891962       4.7960384        4.7960384       54.982922              54.982922
              3       32.650126      0.74036263       1.2898305         13.144806           11.898189       4.7960384        4.7960384       55.708174              55.708174
              2       32.744018      0.72564768       1.2898305         13.144806           11.898189       4.7960384        4.7960384       55.895958              55.895958
              2       32.558987      0.72564768       1.2935648         13.137274           11.893663       4.7960384        4.7960384       55.525897              55.525897
              1       32.108704      0.72564768       1.2716364         13.133782           11.894951       4.7960384        4.7960384       54.625331              54.625331
              4       31.951925      0.72833141       1.2716364         13.133782           11.894951       4.7960384        4.7960384       54.311774              54.311774
              1       32.516822      0.72833141       1.2669881         13.134246           11.890418       4.7960384        4.7960384       55.441567              55.441567
              1       33.319264      0.72833141       1.2310544         13.120301           11.898202       4.7960384        4.7960384        57.04645               57.04645
              1       32.081199      0.72833141       1.2170429         13.132001           11.902993       4.7960384        4.7960384       54.570321              54.570321
              3       32.006086      0.71929901       1.2170429         13.132001           11.902993       4.7960384        4.7960384       54.420096              54.420096
              2       32.145369      0.71929901       1.2047072         13.128987           11.900885       4.7960384        4.7960384       54.698661              54.698661
              2       32.516169      0.71929901       1.2142885         13.133394           11.900815       4.7960384        4.7960384       55.440261              55.440261
              2       31.897258      0.71929901        1.206963         13.137498           11.908512       4.7960384        4.7960384       54.202439              54.202439
              1       32.964792      0.71929901       1.1683933         13.143903           11.909933       4.7960384        4.7960384       56.337507              56.337507
              7       31.846535      0.71929901       1.1778992         13.155315           11.922996       4.7960384        4.7960384       54.100993              54.100993
              2       31.756787      0.71929901       1.2044169          13.16007           11.926318       4.7960384        4.7960384       53.921497              53.921497
              2        31.85076      0.71929901       1.2160364         13.148742           11.919343       4.7960384        4.7960384       54.109443              54.109443
              1        31.81241      0.71929901       1.2162896         13.149458           11.919114       4.7960384        4.7960384       54.032744              54.032744
              2       33.276171      0.71929901       1.2502808         13.147608           11.922728       4.7960384        4.7960384       56.960264              56.960264
              4        32.38149      0.71929901       1.2568069         13.141037            11.90402       4.7960384        4.7960384       55.170903              55.170903
              1       32.112359      0.71929901       1.2572662         13.138655           11.910246       4.7960384        4.7960384       54.632641              54.632641
              1       31.969325      0.71929901       1.2550349          13.15099           11.917189       4.7960384        4.7960384       54.346573              54.346573
              4       31.927944      0.71929901        1.245934         13.151403           11.915725       4.7960384        4.7960384       54.263812              54.263812
              1       31.931657      0.71929901       1.2462166         13.151341           11.915612       4.7960384        4.7960384       54.271237              54.271237
              2        32.65035      0.71929901       1.2453006         13.154979           11.913039       4.7960384        4.7960384       55.708623              55.708623
              2       32.679857      0.71929901       1.2446835         13.154432           11.912558       4.7960384        4.7960384       55.767636              55.767636
              2       32.180701      0.71929901       1.2512969         13.151962           11.913241       4.7960384        4.7960384       54.769325              54.769325
              3       31.893315      0.72301746       1.2512969         13.151962           11.913241       4.7960384        4.7960384       54.194554              54.194554
              1       31.852353      0.72301746       1.2473201         13.150813           11.913831       4.7960384        4.7960384       54.112629              54.112629
              1       33.263388      0.72301746       1.2518127         13.187691           11.930951       4.7960384        4.7960384       56.934699              56.934699
              3       32.019128      0.72301746       1.2409473         13.184762           11.937973       4.7960384        4.7960384       54.446179              54.446179
              4       32.035168      0.72301746       1.2445792         13.182118           11.936619       4.7960384        4.7960384       54.478259              54.478259
              2       32.155722      0.72301746       1.2591389         13.179484            11.93142       4.7960384        4.7960384       54.719367              54.719367
              1       33.211772      0.72301746        1.268304         13.178073            11.93855       4.7960384        4.7960384       56.831466              56.831466
              3       37.467392      0.72301746       1.2582625         13.163513           11.938896       4.7960384        4.7960384       65.342707              65.342707
              2       33.270011      0.72301746       1.2632306         13.176675           11.938422       4.7960384        4.7960384       56.947944              56.947944
              2       34.340383      0.72301746        1.281084          13.16532           11.932044       4.7960384        4.7960384       59.088688              59.088688
              1       33.877495      0.72301746       1.2533193         13.156788           11.927804       4.7960384        4.7960384       58.162913              58.162913
