#        weight    minuslogpost          sigma8        ygk_Ahmc ygk_LOWZ__2_lM1_0 ygk_LOWZ__2_lMmin_0   ygk_mass_bias       ygk_rhogy   minuslogprior minuslogprior__0            chi2 chi2__ygk_like.ygkLike
              3       53.976873       0.7748516      0.97220273         13.048492           11.804982      0.75467246     -0.47440853       5.6245903        5.6245903       96.704566              96.704566
              1       53.155166       0.7748516      0.97687762         13.047083           11.804518      0.75462446     -0.46874668       5.6245903        5.6245903       95.061151              95.061151
              3       51.707285       0.7748516        0.976904         13.040426           11.806965      0.76160735     -0.47435489       5.6245903        5.6245903        92.16539               92.16539
              1       51.348341       0.7748516       0.9703807         13.040111           11.814487      0.76561636     -0.46414102       5.6245903        5.6245903       91.447501              91.447501
              1       48.863391       0.7748516       1.0007223         13.043704           11.814022      0.76661813     -0.44452202       5.6245903        5.6245903       86.477601              86.477601
              4       49.030217       0.7748516      0.99607299         13.044345             11.8129      0.76207923     -0.43698105       5.6245903        5.6245903       86.811253              86.811253
              1       49.147295       0.7748516      0.98981093         13.049424           11.820683      0.76539718     -0.43219298       5.6245903        5.6245903       87.045409              87.045409
              2       49.161205      0.77463056      0.98981093         13.049424           11.820683      0.76539718     -0.43219298       5.6245903        5.6245903       87.073229              87.073229
              2       48.737871      0.77463056      0.99370389         13.050556           11.819343      0.76778507     -0.42980713       5.6245903        5.6245903       86.226561              86.226561
              3       48.230114      0.77463056      0.99651812         13.057264           11.823396       0.7710617     -0.43430579       5.6245903        5.6245903       85.211048              85.211048
              1         47.7069      0.77463056       1.0241891         13.052093           11.817908       0.7812901     -0.43782472       5.6245903        5.6245903        84.16462               84.16462
              1       48.502014      0.76782962       1.0241891         13.052093           11.817908       0.7812901     -0.43782472       5.6245903        5.6245903       85.754848              85.754848
              2       48.476013      0.76782962       1.0246356         13.052159           11.818042       0.7812063     -0.43789317       5.6245903        5.6245903       85.702845              85.702845
              2        48.23914      0.76782962       1.0277613         13.048239           11.824561      0.79280805     -0.43846112       5.6245903        5.6245903         85.2291                85.2291
              3       48.185788      0.76782962       1.0287402         13.047511            11.82374      0.79291574     -0.44188737       5.6245903        5.6245903       85.122396              85.122396
              1       47.122927      0.76782962       1.0480877         13.050934           11.820192      0.79241028      -0.4423743       5.6245903        5.6245903       82.996674              82.996674
              4       49.434612      0.76782962       1.0469194         13.051568           11.821717      0.77819236     -0.45636313       5.6245903        5.6245903       87.620044              87.620044
              1       48.139943      0.77438271       1.0469194         13.051568           11.821717      0.77819236     -0.45636313       5.6245903        5.6245903       85.030706              85.030706
              1       46.657405      0.77438271       1.0521937         13.053238           11.817412      0.77929687     -0.45668842       5.6245903        5.6245903        82.06563               82.06563
              2       47.727883      0.77438271       1.0533262         13.047618           11.814366      0.77418503     -0.46194607       5.6245903        5.6245903       84.206585              84.206585
              4       47.375715      0.77438271       1.0422895         13.040298           11.810592      0.78374799     -0.46147189       5.6245903        5.6245903       83.502249              83.502249
              1       47.207135      0.77438271       1.0451357         13.041031           11.810309      0.78397339     -0.46437645       5.6245903        5.6245903        83.16509               83.16509
              3       47.267349      0.77438271       1.0462351         13.041219           11.811513      0.78583315     -0.46300136       5.6245903        5.6245903       83.285518              83.285518
              5       47.228629      0.77438271       1.0485763         13.042555           11.812272        0.783531     -0.45307319       5.6245903        5.6245903       83.208077              83.208077
              1       47.049709      0.77438271       1.0550147         13.044882            11.81346      0.78267997     -0.45699631       5.6245903        5.6245903       82.850238              82.850238
              1       46.359334      0.77438271       1.0539982          13.05401           11.814428      0.78234783     -0.45580844       5.6245903        5.6245903       81.469487              81.469487
              1       46.808696      0.77438271       1.0405324         13.053235           11.815425      0.77939111     -0.45006936       5.6245903        5.6245903       82.368211              82.368211
              1       46.820416      0.77438271       1.0404625         13.053265           11.815736       0.7776421     -0.45403707       5.6245903        5.6245903       82.391651              82.391651
              5       46.821409      0.77438271       1.0405828          13.05326           11.815761      0.77757507     -0.45391334       5.6245903        5.6245903       82.393638              82.393638
              3        47.33263      0.77438271       1.0452609         13.052368           11.821611        0.786407     -0.44862674       5.6245903        5.6245903       83.416079              83.416079
              5       47.096329      0.77438271       1.0391954          13.07201           11.824306      0.78841246     -0.45534472       5.6245903        5.6245903       82.943477              82.943477
              1       46.760675      0.77438271       1.0476192         13.073256           11.825418      0.78892467     -0.45412114       5.6245903        5.6245903       82.272169              82.272169
              1       46.835932      0.77438271       1.0473428         13.073195            11.82549      0.78959702     -0.45335879       5.6245903        5.6245903       82.422683              82.422683
              6       47.401885      0.77438271       1.0471672         13.075412           11.824918      0.79030498     -0.45505586       5.6245903        5.6245903        83.55459               83.55459
              1       47.758784      0.77438271       1.0473949         13.075218           11.823043      0.78948591     -0.45823021       5.6245903        5.6245903       84.268387              84.268387
              3       45.729981      0.77438271        1.077131         13.076429              11.825      0.80293401     -0.47489824       5.6245903        5.6245903       80.210781              80.210781
              2       46.280994        0.780187        1.077131         13.076429              11.825      0.80293401     -0.47489824       5.6245903        5.6245903       81.312807              81.312807
              5       45.182499        0.780187       1.0809373         13.079703           11.826921      0.80207389     -0.48288204       5.6245903        5.6245903       79.115817              79.115817
              2       45.076679        0.780187       1.0794463           13.0791           11.825915      0.80190602     -0.48547773       5.6245903        5.6245903       78.904178              78.904178
              2       44.449042        0.780187       1.0903605          13.08431           11.825946      0.78895553      -0.4985553       5.6245903        5.6245903       77.648903              77.648903
              2       46.168368        0.780187       1.1012442         13.078971           11.818492      0.80008427     -0.54213173       5.6245903        5.6245903       81.087556              81.087556
              1       45.790434        0.780187       1.1364195          13.08545           11.832704       0.8089002     -0.53723885       5.6245903        5.6245903       80.331688              80.331688
              2       43.519485        0.780187       1.1283784         13.089597           11.829432      0.81141823     -0.52570697       5.6245903        5.6245903        75.78979               75.78979
              2         43.4213        0.780187       1.1324166         13.088591           11.829133       0.8170433     -0.52669653       5.6245903        5.6245903        75.59342               75.59342
              1       43.614594        0.780187       1.1230098         13.081322            11.82561      0.81723277     -0.52696321       5.6245903        5.6245903       75.980007              75.980007
              2       44.615341        0.780187       1.1094443         13.086753           11.823989      0.81962027     -0.54815993       5.6245903        5.6245903       77.981502              77.981502
              1       44.874166        0.780187       1.1100281         13.088391            11.82429      0.82263529     -0.55386547       5.6245903        5.6245903       78.499152              78.499152
              1        43.84958        0.780187       1.1274274         13.087724           11.825874      0.82770365     -0.54180325       5.6245903        5.6245903        76.44998               76.44998
              1       43.888343        0.780187        1.127405         13.087864           11.825692      0.82771383     -0.54166153       5.6245903        5.6245903       76.527505              76.527505
              1       44.160087      0.77809171        1.127405         13.087864           11.825692      0.82771383     -0.54166153       5.6245903        5.6245903       77.070993              77.070993
              1       44.038334      0.77809171       1.1238033         13.089529           11.827776      0.82836873     -0.53829323       5.6245903        5.6245903       76.827488              76.827488
              2       44.067053      0.77809171       1.1238434         13.089665           11.827705      0.82833798       -0.538348       5.6245903        5.6245903       76.884925              76.884925
              2       44.401695      0.77809171       1.1105601         13.091258           11.829154      0.83166406     -0.54709777       5.6245903        5.6245903       77.554209              77.554209
              1       43.566009      0.77809171       1.1035239         13.098767           11.841874       0.8262763     -0.53072054       5.6245903        5.6245903       75.882838              75.882838
              2       43.685326      0.77809171       1.1031314         13.098328           11.842056      0.82468211     -0.53274758       5.6245903        5.6245903       76.121471              76.121471
              1       44.189842      0.77809171       1.1012134         13.097421           11.843414      0.82127198     -0.53380227       5.6245903        5.6245903       77.130503              77.130503
              2        43.87627      0.77809171       1.0967911         13.127809           11.866963      0.82305581     -0.53208781       5.6245903        5.6245903       76.503359              76.503359
              2       44.082611      0.77809171       1.1384046         13.132785           11.863183      0.81456453     -0.53452977       5.6245903        5.6245903       76.916042              76.916042
              2        43.45027      0.77809171       1.1386603         13.139652           11.865057      0.81133806     -0.51911303       5.6245903        5.6245903       75.651359              75.651359
              1       43.267556      0.77809171       1.1091217         13.135209           11.870296      0.81246819     -0.51230748       5.6245903        5.6245903       75.285932              75.285932
              1       43.044355      0.77809171       1.1097429         13.134229           11.868287      0.81487423     -0.50758081       5.6245903        5.6245903       74.839529              74.839529
              2       43.471644      0.77809171       1.1131902         13.130357           11.869223      0.81192985     -0.50365824       5.6245903        5.6245903       75.694108              75.694108
              1       43.248895      0.77809171       1.1235825         13.126958           11.860318      0.81071739     -0.51537424       5.6245903        5.6245903        75.24861               75.24861
              1       43.252141      0.77809171        1.125176         13.128642           11.859914      0.81039108     -0.51454846       5.6245903        5.6245903       75.255101              75.255101
              2        44.53882      0.77366094        1.125176         13.128642           11.859914      0.81039108     -0.51454846       5.6245903        5.6245903       77.828459              77.828459
              1       44.326123      0.77366094       1.1263716         13.129487           11.860168      0.81440777     -0.51690429       5.6245903        5.6245903       77.403066              77.403066
              3       44.447325      0.77366094       1.1291611         13.126263           11.855891      0.81776359     -0.49907612       5.6245903        5.6245903       77.645469              77.645469
              1       44.323171      0.77366094       1.1490175         13.125577           11.861864      0.80653315     -0.50701246       5.6245903        5.6245903       77.397162              77.397162
              2       46.663662      0.77366094       1.1215501         13.125186           11.852532      0.78486857      -0.4810695       5.6245903        5.6245903       82.078143              82.078143
              3       46.745007      0.77366094       1.1220152         13.125122           11.852186      0.78488563     -0.48102172       5.6245903        5.6245903       82.240833              82.240833
              1        43.94069      0.77366094       1.1330668         13.127748           11.867201      0.79319466     -0.46806485       5.6245903        5.6245903       76.632199              76.632199
              2       44.396146      0.77366094       1.1328295         13.127077           11.868464      0.78994403     -0.46483694       5.6245903        5.6245903       77.543111              77.543111
              1        45.47402      0.78177465       1.1328295         13.127077           11.868464      0.78994403     -0.46483694       5.6245903        5.6245903       79.698859              79.698859
              3       45.223915      0.78177465       1.1196514         13.116989           11.858413      0.77524505     -0.44286795       5.6245903        5.6245903        79.19865               79.19865
              1       44.690522      0.78177465        1.126425         13.113388           11.854465      0.77562817     -0.45161861       5.6245903        5.6245903       78.131863              78.131863
              4       43.901142      0.78177465       1.1178062         13.117273           11.852402      0.77261571     -0.46149028       5.6245903        5.6245903       76.553104              76.553104
              2       44.517479      0.78177465       1.1131996         13.115715           11.846344      0.76577458     -0.46570319       5.6245903        5.6245903       77.785778              77.785778
              4        44.63425      0.78177465       1.1315853         13.116724           11.849592      0.75572358     -0.44069653       5.6245903        5.6245903        78.01932               78.01932
              3       44.426688      0.78177465        1.151288         13.115312           11.851141      0.76314072     -0.44444375       5.6245903        5.6245903       77.604196              77.604196
              2       44.650983      0.78177465       1.1557396         13.125181            11.85903      0.76043193     -0.44431802       5.6245903        5.6245903       78.052786              78.052786
              6       44.788305      0.78177465       1.1661935         13.123496           11.857851      0.76102993     -0.43774676       5.6245903        5.6245903       78.327429              78.327429
              1       44.806305      0.78177465        1.166774         13.123482           11.857826      0.76082592     -0.43732376       5.6245903        5.6245903       78.363428              78.363428
              3       45.306784      0.78177465       1.1653309         13.122331           11.858337      0.75770503     -0.44140364       5.6245903        5.6245903       79.364387              79.364387
              1       44.626285      0.78177465       1.1723299         13.127974           11.857088      0.75763448     -0.45065524       5.6245903        5.6245903       78.003389              78.003389
              1       45.880082      0.78177465       1.1702009         13.124178           11.859604      0.76130399     -0.46111796       5.6245903        5.6245903       80.510983              80.510983
              6       45.233284      0.78177465       1.1400076          13.13691            11.86052      0.77818566     -0.44889203       5.6245903        5.6245903       79.217388              79.217388
              1       44.733753      0.78177465       1.1493241         13.132541           11.860982      0.78740563     -0.45597547       5.6245903        5.6245903       78.218326              78.218326
              1       45.707605      0.78177465       1.1704982         13.131355           11.867612      0.78298595     -0.44648311       5.6245903        5.6245903        80.16603               80.16603
              1       45.329736      0.78177465        1.177161         13.122545           11.855705      0.77898027     -0.43994393       5.6245903        5.6245903       79.410292              79.410292
              2        44.86144      0.78177465       1.1771235         13.121244           11.856445      0.77719072     -0.44590968       5.6245903        5.6245903       78.473699              78.473699
              1       45.149035      0.78177465       1.1780567         13.120479           11.857188      0.77785665     -0.44594474       5.6245903        5.6245903        79.04889               79.04889
              1       45.325728      0.78177465       1.1901511         13.117239           11.851025      0.77686489     -0.43879934       5.6245903        5.6245903       79.402275              79.402275
              5         44.8928      0.78177465       1.1916579         13.117744           11.849466       0.7785759     -0.44486194       5.6245903        5.6245903       78.536419              78.536419
              3       43.518634      0.78177465       1.2108556         13.105696           11.838591      0.78695284     -0.48426986       5.6245903        5.6245903       75.788087              75.788087
              2       44.085042      0.78177465       1.2256942         13.101057           11.836218      0.78366959      -0.4715404       5.6245903        5.6245903       76.920903              76.920903
              5       43.907822      0.78177465        1.240337         13.106789           11.835541      0.78934804     -0.50493181       5.6245903        5.6245903       76.566464              76.566464
              1       43.493061      0.78177465        1.240976         13.108256           11.834394      0.79131599     -0.50221276       5.6245903        5.6245903       75.736942              75.736942
              1       43.565657      0.78609973        1.240976         13.108256           11.834394      0.79131599     -0.50221276       5.6245903        5.6245903       75.882133              75.882133
              2       43.421738      0.78609973       1.2297621          13.10684           11.833259       0.7862441      -0.5042957       5.6245903        5.6245903       75.594295              75.594295
              1       43.419859      0.78609973       1.2351397         13.107926           11.830229       0.7839017     -0.50678422       5.6245903        5.6245903       75.590537              75.590537
              2       44.448077      0.78609973       1.2393291         13.112463           11.832387       0.7761935     -0.47129875       5.6245903        5.6245903       77.646973              77.646973
              1       43.944664      0.78609973       1.2318186         13.119612           11.838722      0.77388691     -0.50173398       5.6245903        5.6245903       76.640148              76.640148
              3       44.325908      0.78609973       1.2285426         13.118476           11.838989      0.76970055     -0.50050152       5.6245903        5.6245903       77.402635              77.402635
              2       44.185675      0.78609973       1.2323212         13.126455           11.841788      0.76767436      -0.4909924       5.6245903        5.6245903        77.12217               77.12217
              3       44.078174      0.78609973       1.2155442         13.124351           11.845693      0.75938443     -0.45682825       5.6245903        5.6245903       76.907167              76.907167
              2       44.106262      0.78609973       1.2157507         13.124669           11.845687      0.76002838     -0.45602053       5.6245903        5.6245903       76.963343              76.963343
              2       44.192371      0.78609973       1.2058576         13.123212           11.843182      0.76214763      -0.4580354       5.6245903        5.6245903       77.135561              77.135561
              3       46.779966      0.78609973       1.1840769          13.12751           11.843795      0.77031333     -0.44946887       5.6245903        5.6245903       82.310752              82.310752
              3       50.355757      0.78609973       1.1816528         13.130528           11.837105      0.77016682     -0.45921532       5.6245903        5.6245903       89.462334              89.462334
              3       49.093542      0.78609973        1.183176         13.128693           11.836025       0.7693247     -0.46629294       5.6245903        5.6245903       86.937904              86.937904
              3        44.20682      0.78609973       1.1465527         13.109561             11.8419      0.76847284      -0.4575182       5.6245903        5.6245903        77.16446               77.16446
              4       43.965994      0.78609973       1.1501754         13.116648            11.84395      0.76553726     -0.46049224       5.6245903        5.6245903       76.682807              76.682807
              1        44.33372      0.78609973       1.1479022         13.113296           11.838416      0.75464365      -0.4674655       5.6245903        5.6245903        77.41826               77.41826
              3       44.139462      0.78609973       1.1518949         13.102044           11.829706      0.76126611     -0.48290747       5.6245903        5.6245903       77.029744              77.029744
             10       44.006931      0.78609973       1.1599668         13.105847           11.830833      0.76604066     -0.48625756       5.6245903        5.6245903       76.764682              76.764682
              1       43.612718      0.78609973       1.1672036         13.097621           11.829846       0.7694108     -0.48757684       5.6245903        5.6245903       75.976256              75.976256
             10        43.46938      0.78609973       1.1589939         13.097541           11.829606      0.77310656     -0.49214525       5.6245903        5.6245903        75.68958               75.68958
              1       43.472842      0.78609973       1.1589161         13.097474           11.829616      0.77307727     -0.49212819       5.6245903        5.6245903       75.696504              75.696504
              2       43.790061      0.78609973       1.1634779         13.096827           11.827787      0.77019854      -0.4970677       5.6245903        5.6245903       76.330942              76.330942
              3       44.520159      0.78609973        1.168205         13.097398           11.832432      0.76772586     -0.49411986       5.6245903        5.6245903       77.791138              77.791138
              1        44.31633      0.78609973       1.1770581          13.09327           11.826953      0.76670976     -0.49447038       5.6245903        5.6245903       77.383479              77.383479
              1       44.296486      0.78609973       1.1798514         13.096123           11.825783      0.76820618     -0.50247821       5.6245903        5.6245903       77.343791              77.343791
              3        44.46885      0.78609973       1.1800237         13.097493           11.825222      0.76597505     -0.50180492       5.6245903        5.6245903        77.68852               77.68852
              1       44.427233      0.78609973       1.1802035         13.097616           11.825175      0.76609226     -0.50145236       5.6245903        5.6245903       77.605286              77.605286
              3       44.159848      0.78609973       1.1889564         13.093483           11.820045      0.76768293     -0.49933653       5.6245903        5.6245903       77.070515              77.070515
              2       44.070345      0.78609973       1.1809205         13.090837           11.819848      0.76080756     -0.46800255       5.6245903        5.6245903        76.89151               76.89151
              3       44.098108      0.78609973       1.1850394         13.090092            11.82467      0.76672418     -0.46188347       5.6245903        5.6245903       76.947036              76.947036
              1       43.934609      0.78609973       1.1868491         13.093278            11.82771      0.76467948     -0.46841928       5.6245903        5.6245903       76.620037              76.620037
              3       43.890872      0.78609973        1.172497          13.09167            11.82617      0.76342107     -0.47681905       5.6245903        5.6245903       76.532563              76.532563
              1       44.046478      0.78609973       1.1796459         13.087857           11.826345      0.77465881      -0.4840769       5.6245903        5.6245903       76.843776              76.843776
              2       44.214262      0.78609973       1.1834021         13.089124           11.827866      0.77517248     -0.47971158       5.6245903        5.6245903       77.179344              77.179344
              5       44.009112      0.78609973       1.1974404         13.086495           11.817288      0.77327927     -0.47310273       5.6245903        5.6245903       76.769044              76.769044
              1       43.883371      0.78609973       1.2034434         13.092041           11.822414      0.76296481     -0.46553146       5.6245903        5.6245903       76.517562              76.517562
             14       43.867326      0.78609973       1.2094838         13.096176           11.824571      0.76678882     -0.46744123       5.6245903        5.6245903       76.485472              76.485472
              1       43.864996      0.78609973       1.2089519         13.095918           11.825183      0.76699743     -0.46687291       5.6245903        5.6245903       76.480812              76.480812
              3        44.28599      0.78609973       1.2115117         13.095695           11.828459      0.77354303     -0.46579323       5.6245903        5.6245903       77.322799              77.322799
              4       47.868414      0.78609973       1.2341602         13.100413           11.830091      0.76915701     -0.42904101       5.6245903        5.6245903       84.487648              84.487648
              2       49.037669      0.78609973       1.2476469         13.099568            11.82819      0.76395904     -0.41621738       5.6245903        5.6245903       86.826158              86.826158
              1       49.422877      0.78609973       1.2465585         13.097727           11.827985      0.76458045     -0.41467253       5.6245903        5.6245903       87.596574              87.596574
              3       49.698319      0.78609973       1.2435974         13.098325           11.825955      0.76384064     -0.41380343       5.6245903        5.6245903       88.147457              88.147457
              2       48.413624      0.78609973       1.2374315         13.107238           11.827491       0.7516011     -0.41155476       5.6245903        5.6245903       85.578067              85.578067
              1       47.353265      0.78609973       1.2157944         13.108169           11.836134       0.7559664     -0.41420642       5.6245903        5.6245903        83.45735               83.45735
              2       48.133847      0.78609973       1.2138912         13.110034           11.834045      0.75728286     -0.41463057       5.6245903        5.6245903       85.018513              85.018513
              1       48.994246      0.78609973        1.216233         13.105867           11.830172      0.75198656     -0.40416617       5.6245903        5.6245903       86.739312              86.739312
              2         49.0348      0.78609973       1.2151584         13.105995           11.831717      0.75185948      -0.4016932       5.6245903        5.6245903       86.820419              86.820419
              2       49.119452      0.78609973       1.2139754         13.106718           11.831429      0.75134556     -0.40174321       5.6245903        5.6245903       86.989724              86.989724
              4       47.321447      0.78609973        1.251111         13.117563           11.836828      0.74224621     -0.40320832       5.6245903        5.6245903       83.393714              83.393714
              1       47.264059      0.78609973       1.2511442         13.117311           11.834926      0.74256861     -0.40726833       5.6245903        5.6245903       83.278937              83.278937
              5       48.452429      0.78609973       1.2081502         13.116566           11.834078      0.74328905     -0.40561802       5.6245903        5.6245903       85.655677              85.655677
              1        47.40572      0.78609973       1.2040124         13.109744           11.847184      0.74428095       -0.415097       5.6245903        5.6245903        83.56226               83.56226
              4       46.893868      0.78609973       1.1955525         13.106978           11.844458      0.74061941     -0.42004921       5.6245903        5.6245903       82.538555              82.538555
              5       46.847732      0.78609973       1.2079623         13.107272           11.844024      0.74571065     -0.42185487       5.6245903        5.6245903       82.446284              82.446284
              1       46.190894      0.78609973       1.1993623         13.120606           11.851955      0.74732106      -0.4169098       5.6245903        5.6245903       81.132607              81.132607
              1       46.539999      0.78609973       1.2035281         13.121796           11.849632      0.74936926     -0.41027263       5.6245903        5.6245903       81.830817              81.830817
              4       45.798623      0.78609973       1.2103087          13.12517           11.847364      0.74658221     -0.41668367       5.6245903        5.6245903       80.348066              80.348066
              3       45.574756      0.78609973       1.2109915         13.125162           11.847239      0.74585872     -0.41895862       5.6245903        5.6245903       79.900332              79.900332
              2        45.66644      0.78609973       1.2141466         13.127198           11.847662      0.74784784       -0.420665       5.6245903        5.6245903       80.083699              80.083699
              4       45.262754      0.78609973       1.2206341         13.130143           11.851121       0.7473371     -0.42476418       5.6245903        5.6245903       79.276327              79.276327
              2       44.486182      0.78609973       1.2110979         13.129201           11.849386      0.74946195     -0.44947629       5.6245903        5.6245903       77.723183              77.723183
              1       44.600188      0.78609973       1.2108394         13.128144           11.849925      0.74833699     -0.44943624       5.6245903        5.6245903       77.951195              77.951195
              4       44.300377      0.78609973       1.1891525         13.120279           11.844919      0.75461002     -0.44555899       5.6245903        5.6245903       77.351573              77.351573
              1       46.304653      0.79401944       1.1891525         13.120279           11.844919      0.75461002     -0.44555899       5.6245903        5.6245903       81.360125              81.360125
              1       45.400943      0.79401944       1.1812887         13.111082           11.837361      0.75138281     -0.44985585       5.6245903        5.6245903       79.552705              79.552705
              1       44.990863      0.79401944       1.1886656         13.114904           11.832272      0.74964601     -0.45506052       5.6245903        5.6245903       78.732546              78.732546
              1       45.188635      0.79401944       1.2075169         13.109309           11.834983      0.74644088     -0.45110135       5.6245903        5.6245903        79.12809               79.12809
              3       45.586043      0.79515526       1.2075169         13.109309           11.834983      0.74644088     -0.45110135       5.6245903        5.6245903       79.922906              79.922906
              1       46.195135      0.79515526        1.206518         13.108436           11.837118      0.73944217      -0.4609642       5.6245903        5.6245903       81.141089              81.141089
              2       46.029135      0.79515526       1.2104701           13.1089           11.836651      0.73921616      -0.4612916       5.6245903        5.6245903        80.80909               80.80909
              2        46.04369      0.79515526       1.2104843         13.108964           11.836736      0.73923259     -0.46128865       5.6245903        5.6245903         80.8382                80.8382
              2       43.845521      0.79515526       1.2050353         13.114754           11.831992       0.7431087     -0.47789479       5.6245903        5.6245903       76.441862              76.441862
              3       44.587381      0.79515526       1.2257368         13.114345           11.830875      0.74302646     -0.49156769       5.6245903        5.6245903       77.925582              77.925582
              7       44.537122      0.79515526       1.2257631         13.114227           11.830106      0.74246652     -0.49124898       5.6245903        5.6245903       77.825063              77.825063
              1       44.119349      0.79515526       1.2423943         13.110866           11.829172      0.75372866     -0.49146977       5.6245903        5.6245903       76.989518              76.989518
              1       44.668911      0.79515526       1.2436881         13.112988           11.832668      0.75237257     -0.49109284       5.6245903        5.6245903       78.088641              78.088641
              1       44.404646      0.79515526       1.2338911         13.112677           11.831429      0.74673471     -0.48563605       5.6245903        5.6245903       77.560111              77.560111
