#        weight    minuslogpost          sigma8        ygk_Ahmc ygk_LOWZ__0_lM1_0 ygk_LOWZ__0_lMmin_0   ygk_mass_bias       ygk_rhogy   minuslogprior minuslogprior__0            chi2 chi2__ygk_like.ygkLike
              3       15.436116      0.87005677        1.436958         13.445189           12.154886      0.60514861     -0.21886856       4.7409248        4.7409248       21.390383              21.390383
              1       15.429942      0.87005677       1.4438656         13.443404           12.154899      0.61404591     -0.22333591       4.7409248        4.7409248       21.378034              21.378034
              1       15.625624      0.87005677       1.4359666         13.445344           12.156518      0.62122788     -0.22201622       4.7409248        4.7409248       21.769399              21.769399
              1       15.549662      0.86394986       1.4359666         13.445344           12.156518      0.62122788     -0.22201622       4.7409248        4.7409248       21.617475              21.617475
              4       15.842118      0.86394986       1.4365027         13.443011           12.153219      0.62242982     -0.21787067       4.7409248        4.7409248       22.202387              22.202387
              1       16.159363      0.86394986       1.4191041         13.440011           12.169195      0.63011929     -0.22376446       4.7409248        4.7409248       22.836877              22.836877
              1       16.067089      0.86394986        1.418365         13.440448           12.168898      0.62958189     -0.22330993       4.7409248        4.7409248       22.652329              22.652329
              1       16.377413      0.86394986       1.4199443         13.440299           12.172304      0.63194395     -0.21558413       4.7409248        4.7409248       23.272976              23.272976
              1       15.746278      0.86394986        1.415596         13.443654           12.168097      0.62517058      -0.2197595       4.7409248        4.7409248       22.010706              22.010706
              4       16.926089      0.86394986       1.4052246         13.440028           12.173287      0.62519605     -0.21714217       4.7409248        4.7409248       24.370328              24.370328
              1       16.746754      0.86394986       1.4052969          13.43052           12.165652      0.62378292      -0.2148756       4.7409248        4.7409248       24.011659              24.011659
              2       15.943099      0.86394986       1.4118771         13.449831           12.166005      0.63194067     -0.20889074       4.7409248        4.7409248       22.404349              22.404349
              1       16.284652      0.86394986       1.4105354         13.447404           12.164749      0.63405086     -0.20238767       4.7409248        4.7409248       23.087454              23.087454
              3       15.801178      0.86394986       1.4084847         13.446748           12.175068      0.63639776     -0.20182406       4.7409248        4.7409248       22.120506              22.120506
              4        16.09185      0.86394986       1.4063429         13.439083            12.17263      0.63353794     -0.20373434       4.7409248        4.7409248        22.70185               22.70185
              1       16.081195      0.86369334       1.4063429         13.439083            12.17263      0.63353794     -0.20373434       4.7409248        4.7409248       22.680541              22.680541
              3       17.750175      0.86369334       1.4108731         13.437438           12.176954      0.62238646     -0.19103931       4.7409248        4.7409248         26.0185                26.0185
              1       18.104384      0.86369334       1.4091171         13.437129           12.178726      0.62326249     -0.18797679       4.7409248        4.7409248       26.726919              26.726919
              1       18.377102      0.86965886       1.4091171         13.437129           12.178726      0.62326249     -0.18797679       4.7409248        4.7409248       27.272355              27.272355
              1       16.892476      0.86965886       1.4042427         13.440344           12.174783      0.61843056     -0.18678394       4.7409248        4.7409248       24.303103              24.303103
              1       16.465119      0.86965886       1.4102742         13.431565           12.165992      0.61575721     -0.17836245       4.7409248        4.7409248       23.448388              23.448388
              1       16.472669      0.86965886       1.4114612         13.432677           12.167368      0.61935626     -0.18069918       4.7409248        4.7409248       23.463488              23.463488
              1       16.657327      0.86965886       1.4118305         13.432657           12.168013        0.618271     -0.18181321       4.7409248        4.7409248       23.832804              23.832804
              1       16.531104      0.86965886       1.4085146         13.439331           12.172409      0.61717385     -0.17942057       4.7409248        4.7409248       23.580359              23.580359
              1       16.660243      0.86965886        1.419989         13.441546           12.174136      0.61592593     -0.17344208       4.7409248        4.7409248       23.838636              23.838636
              2       16.469578      0.86517657        1.419989         13.441546           12.174136      0.61592593     -0.17344208       4.7409248        4.7409248       23.457306              23.457306
              2        16.91262      0.86517657       1.4238503         13.438612           12.172213      0.61171108     -0.17488626       4.7409248        4.7409248        24.34339               24.34339
              1       15.607865      0.86517657       1.4113906         13.438171           12.156732      0.60970833       -0.180848       4.7409248        4.7409248        21.73388               21.73388
              1       15.849219      0.86517657       1.4069681         13.438862           12.163499      0.60434295     -0.18742589       4.7409248        4.7409248       22.216588              22.216588
              1        15.50034      0.86517657       1.4099785         13.443426           12.162296       0.6058459     -0.19143475       4.7409248        4.7409248        21.51883               21.51883
              1       15.974166      0.84461556       1.4099785         13.443426           12.162296       0.6058459     -0.19143475       4.7409248        4.7409248       22.466483              22.466483
              2       15.499545      0.86251273       1.4099785         13.443426           12.162296       0.6058459     -0.19143475       4.7409248        4.7409248       21.517241              21.517241
              1       15.501368      0.86251273       1.4099649         13.443439           12.162347      0.60583037     -0.19141367       4.7409248        4.7409248       21.520886              21.520886
              1        15.62828      0.86251273       1.4114984         13.441827           12.162315      0.60373489     -0.19087771       4.7409248        4.7409248       21.774711              21.774711
              1       15.670445      0.86251273        1.412174          13.44195           12.162812       0.6039531     -0.19155733       4.7409248        4.7409248        21.85904               21.85904
              1       16.090764      0.86251273       1.4187017         13.432854           12.166399      0.61880082     -0.17933046       4.7409248        4.7409248       22.699679              22.699679
              2       16.304885      0.86251273       1.4262681         13.427025           12.166573      0.64210392     -0.18601445       4.7409248        4.7409248       23.127921              23.127921
              1       17.038059      0.86251273       1.4190071         13.429638           12.174208      0.64339621     -0.19180951       4.7409248        4.7409248       24.594268              24.594268
              1       17.206271      0.86251273       1.4169725         13.428125           12.174526       0.6443955     -0.18930087       4.7409248        4.7409248       24.930693              24.930693
              1       16.589973       0.8491897       1.4169725         13.428125           12.174526       0.6443955     -0.18930087       4.7409248        4.7409248       23.698097              23.698097
              1       16.277752       0.8491897       1.4219332         13.437844           12.181343       0.6474085      -0.1814796       4.7409248        4.7409248       23.073654              23.073654
              2       15.548669       0.8491897       1.4203343         13.436188           12.167324      0.64218932     -0.18756923       4.7409248        4.7409248       21.615489              21.615489
              1       15.989017       0.8491897       1.4234442         13.442146           12.165438      0.63787064     -0.18196291       4.7409248        4.7409248       22.496185              22.496185
              1       15.585721       0.8491897       1.4317578         13.445354           12.168318      0.63625229     -0.19026129       4.7409248        4.7409248       21.689592              21.689592
              2       15.672838       0.8491897       1.4334627         13.439486           12.170472      0.63021428     -0.18889639       4.7409248        4.7409248       21.863827              21.863827
              2       15.753637       0.8491897       1.4428041         13.440346           12.165193      0.63726807     -0.17732163       4.7409248        4.7409248       22.025425              22.025425
              1       16.219855       0.8491897       1.4376768         13.440722           12.165238      0.64307309     -0.17672874       4.7409248        4.7409248       22.957861              22.957861
              3       16.881817       0.8491897        1.437379         13.433839           12.156616      0.64368457     -0.18028129       4.7409248        4.7409248       24.281785              24.281785
              4       16.732571      0.84260194        1.437379         13.433839           12.156616      0.64368457     -0.18028129       4.7409248        4.7409248       23.983293              23.983293
              1       16.811981      0.84260194       1.4374117         13.433998           12.156454      0.64369165     -0.17980713       4.7409248        4.7409248       24.142112              24.142112
              1       16.788264      0.84260194        1.440049         13.430431           12.155338      0.64701408     -0.17922953       4.7409248        4.7409248       24.094679              24.094679
              1       15.580233      0.84260194       1.4463749         13.430049           12.169249      0.64908605      -0.1842307       4.7409248        4.7409248       21.678616              21.678616
              2       15.657366      0.84260194        1.446362         13.430051           12.169785      0.64727111     -0.18350725       4.7409248        4.7409248       21.832882              21.832882
              1       15.647611      0.84117021        1.446362         13.430051           12.169785      0.64727111     -0.18350725       4.7409248        4.7409248       21.813373              21.813373
              1       15.448414      0.84117021        1.443719         13.438833           12.170329      0.64630179     -0.18640682       4.7409248        4.7409248       21.414979              21.414979
              2       15.897671      0.84117021       1.4563464         13.442521           12.164733      0.64427671     -0.18711998       4.7409248        4.7409248       22.313493              22.313493
              2       15.692268      0.84117021       1.4735795         13.443161           12.162211      0.63100954     -0.18314214       4.7409248        4.7409248       21.902686              21.902686
              2       15.642471      0.84117021       1.4845167         13.442595           12.169831      0.63960422      -0.1969379       4.7409248        4.7409248       21.803093              21.803093
              1       16.277481      0.82460122       1.4845167         13.442595           12.169831      0.63960422      -0.1969379       4.7409248        4.7409248       23.073112              23.073112
              1       15.726615      0.83749201       1.4845167         13.442595           12.169831      0.63960422      -0.1969379       4.7409248        4.7409248        21.97138               21.97138
              2       15.544682      0.83749201       1.4807314         13.446848           12.170204      0.64645272     -0.18936926       4.7409248        4.7409248       21.607514              21.607514
              1       15.657997      0.83749201       1.4827587         13.445462            12.17704      0.64922431     -0.19042109       4.7409248        4.7409248       21.834144              21.834144
              1       15.658744      0.83749201       1.4826409         13.445368           12.177013      0.64930036     -0.19049486       4.7409248        4.7409248       21.835639              21.835639
              1        15.53549      0.83749201       1.4763339         13.457343           12.180774      0.64744541     -0.19888594       4.7409248        4.7409248        21.58913               21.58913
              2       16.324575      0.83749201       1.4657461         13.472696           12.176846      0.61649229     -0.19268986       4.7409248        4.7409248       23.167301              23.167301
              1       16.973251      0.83749201       1.4597702           13.4618           12.179402      0.61199464     -0.19675182       4.7409248        4.7409248       24.464652              24.464652
              1       16.682432      0.83749201       1.4548515         13.465407           12.180458      0.61443578     -0.20122972       4.7409248        4.7409248       23.883015              23.883015
              2       16.701986      0.83749201        1.463431          13.46525           12.168475      0.60998007     -0.21603528       4.7409248        4.7409248       23.922122              23.922122
              1       16.853875      0.83749201        1.461393         13.466788           12.166998       0.6099482     -0.21846055       4.7409248        4.7409248         24.2259                24.2259
              1       16.843365      0.83749201       1.4679387         13.467277           12.171575      0.61127218     -0.22645636       4.7409248        4.7409248       24.204881              24.204881
              1       16.713598      0.83749201       1.4661787         13.474106           12.176921      0.61415673     -0.22394103       4.7409248        4.7409248       23.945346              23.945346
              1       17.000639      0.83361874       1.4661787         13.474106           12.176921      0.61415673     -0.22394103       4.7409248        4.7409248       24.519428              24.519428
              1       17.001407      0.83361874       1.4684366         13.474984           12.173391      0.61935039     -0.22319961       4.7409248        4.7409248       24.520964              24.520964
              1       16.600291      0.83361874       1.4645817         13.470554           12.175995      0.62371796     -0.22441288       4.7409248        4.7409248       23.718733              23.718733
              1       16.556661      0.83361874       1.4629771         13.469497           12.175513      0.62496837     -0.22476785       4.7409248        4.7409248       23.631473              23.631473
              1        16.71811      0.83361874       1.4609069         13.471022           12.174121      0.62304849     -0.22482119       4.7409248        4.7409248        23.95437               23.95437
              3       17.316133      0.83361874       1.4630069         13.468825           12.167494      0.62361821     -0.21675839       4.7409248        4.7409248       25.150417              25.150417
              1       16.179837      0.85918518       1.4630069         13.468825           12.167494      0.62361821     -0.21675839       4.7409248        4.7409248       22.877824              22.877824
              1       16.168223      0.86216136       1.4630069         13.468825           12.167494      0.62361821     -0.21675839       4.7409248        4.7409248       22.854597              22.854597
              1       15.695864      0.86216136       1.4604133         13.461407           12.176441      0.63607055     -0.20141798       4.7409248        4.7409248       21.909879              21.909879
              2       15.765928      0.86216136       1.4568739         13.458558           12.176692      0.64361295     -0.20966308       4.7409248        4.7409248       22.050006              22.050006
              1       15.670303      0.86216136       1.4520333         13.462002           12.181483      0.64188655     -0.21020872       4.7409248        4.7409248       21.858757              21.858757
              2       16.358297      0.86216136       1.4386291         13.457865           12.170437      0.63918054      -0.2058367       4.7409248        4.7409248       23.234745              23.234745
              1       16.332645      0.86216136       1.4376959         13.456926           12.169806      0.63868508     -0.20567308       4.7409248        4.7409248        23.18344               23.18344
              1        16.49042      0.86216136       1.4389756         13.454586           12.171865      0.64182671     -0.19436101       4.7409248        4.7409248       23.498991              23.498991
              1       17.746683      0.86216136       1.4359086         13.458057           12.169831      0.64389673     -0.19350082       4.7409248        4.7409248       26.011516              26.011516
              1       17.059727      0.86216136         1.43346         13.456655           12.173179       0.6464641     -0.19483612       4.7409248        4.7409248       24.637605              24.637605
              1       16.405091      0.84927208         1.43346         13.456655           12.173179       0.6464641     -0.19483612       4.7409248        4.7409248       23.328332              23.328332
              1       16.331923      0.84161056         1.43346         13.456655           12.173179       0.6464641     -0.19483612       4.7409248        4.7409248       23.181996              23.181996
              3       15.494392      0.84161056       1.4297818         13.451155           12.178273      0.64497006     -0.18516394       4.7409248        4.7409248       21.506934              21.506934
              2       15.478007      0.84161056       1.4330886         13.447609           12.175869      0.64453438     -0.18472418       4.7409248        4.7409248       21.474164              21.474164
              2       15.675552      0.84161056       1.4329268         13.448635           12.175072       0.6435173     -0.17374836       4.7409248        4.7409248       21.869254              21.869254
              1       15.674586      0.83859888       1.4329268         13.448635           12.175072       0.6435173     -0.17374836       4.7409248        4.7409248       21.867323              21.867323
              2       16.306182      0.83859888       1.4340992         13.446591           12.173889      0.65583011      -0.1724849       4.7409248        4.7409248       23.130514              23.130514
              1       15.529944      0.83859888       1.4457218         13.439002           12.173961      0.65340294     -0.17182362       4.7409248        4.7409248       21.578039              21.578039
              3       15.584999      0.83859888       1.4475577         13.439442           12.172765      0.65335826     -0.17270639       4.7409248        4.7409248       21.688148              21.688148
              3        15.60975      0.82862342       1.4475577         13.439442           12.172765      0.65335826     -0.17270639       4.7409248        4.7409248       21.737651              21.737651
              1       15.554934      0.83486371       1.4475577         13.439442           12.172765      0.65335826     -0.17270639       4.7409248        4.7409248       21.628019              21.628019
              1       15.558823      0.83486371       1.4588389         13.449416           12.175829      0.64460634     -0.17513462       4.7409248        4.7409248       21.635797              21.635797
              2        15.51116      0.83486371       1.4571317         13.450438           12.178811      0.64468729      -0.1753952       4.7409248        4.7409248        21.54047               21.54047
              2       15.592781      0.83486371       1.4605634         13.448296           12.181519      0.64736054     -0.17446731       4.7409248        4.7409248       21.703713              21.703713
              1       15.620264      0.83486371        1.459506         13.447989           12.181789      0.64749311     -0.17479666       4.7409248        4.7409248       21.758679              21.758679
              1        16.12432      0.83486371       1.4663015         13.448735           12.181526      0.64678245     -0.19781233       4.7409248        4.7409248        22.76679               22.76679
              1       15.464617      0.83486371       1.4696579         13.446438            12.18003      0.67168107     -0.19764745       4.7409248        4.7409248       21.447384              21.447384
              1       15.564431      0.83486371       1.4718639         13.432451           12.174089      0.66973438     -0.19732125       4.7409248        4.7409248       21.647013              21.647013
              2       16.202068      0.85094624       1.4718639         13.432451           12.174089      0.66973438     -0.19732125       4.7409248        4.7409248       22.922287              22.922287
              1       15.846293      0.85094624       1.4638686         13.428464           12.166837      0.65877159     -0.19454856       4.7409248        4.7409248       22.210737              22.210737
              1       16.042021      0.85094624       1.4708139         13.424692           12.164855      0.65941471     -0.18258524       4.7409248        4.7409248       22.602193              22.602193
              2       16.061879      0.85094624       1.4707442         13.423579            12.16523      0.65955752     -0.18284133       4.7409248        4.7409248       22.641909              22.641909
              1        16.01024      0.85094624       1.4728827         13.423058           12.163014      0.65920996     -0.18459573       4.7409248        4.7409248        22.53863               22.53863
              1       16.243378      0.85406257       1.4728827         13.423058           12.163014      0.65920996     -0.18459573       4.7409248        4.7409248       23.004907              23.004907
              1       16.263093      0.85406257       1.4728542         13.426673           12.161862      0.65848878     -0.18674924       4.7409248        4.7409248       23.044336              23.044336
              1       16.076101      0.85406257       1.4687257         13.428507            12.16495      0.65528064     -0.18419147       4.7409248        4.7409248       22.670353              22.670353
              1       15.463897      0.83242734       1.4687257         13.428507            12.16495      0.65528064     -0.18419147       4.7409248        4.7409248       21.445944              21.445944
              1       15.556104      0.83242734       1.4696168         13.429926           12.163755      0.65600022      -0.1814243       4.7409248        4.7409248       21.630359              21.630359
              1       15.505844      0.83242734       1.4744412         13.428394           12.162429      0.64818901     -0.18073464       4.7409248        4.7409248       21.529839              21.529839
              1       15.731255      0.83242734       1.4793216         13.430734           12.169184      0.64957864       -0.180948       4.7409248        4.7409248       21.980661              21.980661
              2       15.718054      0.83322787       1.4793216         13.430734           12.169184      0.64957864       -0.180948       4.7409248        4.7409248       21.954258              21.954258
              1         15.5357      0.83322787       1.4699287         13.441093            12.17714      0.64841041     -0.16259918       4.7409248        4.7409248       21.589551              21.589551
              2       15.908536      0.83322787       1.4605174         13.441683           12.177068      0.63826038     -0.16836492       4.7409248        4.7409248       22.335222              22.335222
              1       15.769281      0.83322787       1.4594146           13.4414           12.176113      0.63923295     -0.16829405       4.7409248        4.7409248       22.056713              22.056713
              1       15.696264      0.83700071       1.4594146           13.4414           12.176113      0.63923295     -0.16829405       4.7409248        4.7409248       21.910679              21.910679
              2       15.508049      0.83700071       1.4697705          13.45032           12.177566      0.63693748     -0.15928327       4.7409248        4.7409248       21.534249              21.534249
              1       15.577368      0.83700071       1.4785422         13.449339           12.173566      0.64144211     -0.16660075       4.7409248        4.7409248       21.672886              21.672886
              1       15.930516      0.83700071       1.4773738         13.449479           12.172934      0.64803673     -0.16361506       4.7409248        4.7409248       22.379183              22.379183
              1       15.486628      0.83700071       1.4824581         13.435543            12.17062      0.64553237     -0.15592808       4.7409248        4.7409248       21.491407              21.491407
              2          15.479      0.83700071       1.4761665         13.436414           12.168775      0.64243178     -0.15968283       4.7409248        4.7409248       21.476151              21.476151
              1       17.138446      0.83700071       1.4832625         13.436168           12.155016      0.64397222     -0.16614063       4.7409248        4.7409248       24.795043              24.795043
              1       15.570553      0.83700071       1.4901989         13.433157           12.164376      0.63954236      -0.1794032       4.7409248        4.7409248       21.659257              21.659257
              1       15.597428      0.83700071       1.4851932          13.42656           12.165596      0.65279659     -0.18408967       4.7409248        4.7409248       21.713007              21.713007
              1       15.723225      0.82790553       1.4851932          13.42656           12.165596      0.65279659     -0.18408967       4.7409248        4.7409248       21.964601              21.964601
              1       15.723701      0.82788772       1.4851932          13.42656           12.165596      0.65279659     -0.18408967       4.7409248        4.7409248       21.965552              21.965552
              1       16.270584      0.82788772        1.483595          13.42889           12.172045       0.6502837     -0.17598186       4.7409248        4.7409248       23.059319              23.059319
              1       16.615417      0.82788772       1.4887327         13.426539           12.173461       0.6536727     -0.17436919       4.7409248        4.7409248       23.748985              23.748985
              1       16.285854      0.82788772       1.4845065         13.426436           12.174404      0.65949488     -0.17411853       4.7409248        4.7409248       23.089858              23.089858
              2       16.626995      0.82788772         1.48723         13.433913           12.180491        0.660877     -0.18014402       4.7409248        4.7409248       23.772141              23.772141
              1       17.333544      0.82788772       1.4825172         13.423143           12.171761      0.64806386     -0.17780637       4.7409248        4.7409248       25.185238              25.185238
              1       16.260093      0.82788772       1.4803362         13.425366           12.169121      0.64895198     -0.17695368       4.7409248        4.7409248       23.038336              23.038336
              1       16.426983      0.82274815       1.4803362         13.425366           12.169121      0.64895198     -0.17695368       4.7409248        4.7409248       23.372117              23.372117
              1       15.794768      0.82274815       1.4853307         13.420182           12.164267      0.65557592      -0.1725893       4.7409248        4.7409248       22.107686              22.107686
              2       15.980984      0.82274815        1.481236         13.417003           12.165086      0.65867073     -0.17546577       4.7409248        4.7409248       22.480119              22.480119
              3       17.644841      0.82274815       1.4758033         13.425043           12.171834      0.64347771     -0.18015767       4.7409248        4.7409248       25.807833              25.807833
              1        16.05039      0.82274815       1.4883285         13.435496           12.165101      0.64706476     -0.19805061       4.7409248        4.7409248        22.61893               22.61893
              1       16.343378      0.81780679       1.4883285         13.435496           12.165101      0.64706476     -0.19805061       4.7409248        4.7409248       23.204906              23.204906
              2       16.336176      0.81780679       1.4866576         13.435084           12.163109      0.64678139     -0.19876786       4.7409248        4.7409248       23.190503              23.190503
              1       16.446805      0.81780679       1.4878364         13.438612            12.16214      0.64982188     -0.19699812       4.7409248        4.7409248        23.41176               23.41176
              1       16.182872      0.81780679       1.4836603         13.440537           12.171283      0.65496554     -0.20188484       4.7409248        4.7409248       22.883894              22.883894
              1       16.264367      0.81780679       1.4869251         13.441736           12.171472      0.65406462     -0.20479772       4.7409248        4.7409248       23.046885              23.046885
              1        15.99437      0.82260689       1.4869251         13.441736           12.171472      0.65406462     -0.20479772       4.7409248        4.7409248        22.50689               22.50689
              2       15.910654      0.82260689        1.490021         13.435519           12.170109      0.66028305     -0.20589764       4.7409248        4.7409248       22.339458              22.339458
              1        15.86279      0.82373945        1.490021         13.435519           12.170109      0.66028305     -0.20589764       4.7409248        4.7409248       22.243731              22.243731
              1       15.683067      0.82373945       1.4936864         13.438746           12.169197      0.66390843     -0.20687411       4.7409248        4.7409248       21.884284              21.884284
              3        15.69732      0.82373945       1.4941634         13.439002           12.168855      0.66319533     -0.20656473       4.7409248        4.7409248       21.912791              21.912791
              1       16.100496      0.82373945       1.4945942         13.432265           12.170294      0.66385632      -0.2126976       4.7409248        4.7409248       22.719143              22.719143
              1       16.766462      0.82373945       1.5030503         13.447495           12.179283      0.66060772     -0.22707399       4.7409248        4.7409248       24.051074              24.051074
