#        weight    minuslogpost          sigma8        ygk_Ahmc ygk_LOWZ__0_lM1_0 ygk_LOWZ__0_lMmin_0   ygk_mass_bias       ygk_rhogy   minuslogprior minuslogprior__0            chi2 chi2__ygk_like.ygkLike
              1       17.345605      0.84277413       1.4519719         13.489344            12.19167      0.61499207     -0.21889374       5.6245903        5.6245903       23.442029              23.442029
              1       17.887454      0.83461038       1.4519719         13.489344            12.19167      0.61499207     -0.21889374       5.6245903        5.6245903       24.525727              24.525727
              1       17.718027      0.83461038       1.4437113         13.485586           12.188134      0.61328559     -0.21090141       5.6245903        5.6245903       24.186874              24.186874
              3       18.649072      0.83461038        1.443007         13.485806           12.176918      0.61182459     -0.21680075       5.6245903        5.6245903       26.048964              26.048964
              1       19.046481      0.83461038        1.434257          13.48302           12.173544      0.61164423     -0.21617022       5.6245903        5.6245903       26.843782              26.843782
              1       20.142282      0.83461038       1.4374091         13.479921           12.167664      0.61684775     -0.21610208       5.6245903        5.6245903       29.035383              29.035383
              1       20.439006       0.8313141       1.4374091         13.479921           12.167664      0.61684775     -0.21610208       5.6245903        5.6245903       29.628832              29.628832
              1       18.676902       0.8313141        1.438175         13.461411           12.177444      0.61665958     -0.23497833       5.6245903        5.6245903       26.104624              26.104624
              1       18.334361       0.8313141       1.4379655         13.466985           12.171978      0.61403769     -0.24325766       5.6245903        5.6245903       25.419542              25.419542
              1       17.863537       0.8313141       1.4329044         13.473728           12.178075      0.62805931     -0.24705572       5.6245903        5.6245903       24.477893              24.477893
              1       17.766378       0.8313141       1.4294213         13.475131           12.180806      0.63142885     -0.25039684       5.6245903        5.6245903       24.283575              24.283575
              6       17.678801       0.8313141       1.4369859          13.46898           12.178117      0.63591975     -0.25853665       5.6245903        5.6245903       24.108421              24.108421
              2       17.893046       0.8313141       1.4434812          13.47829           12.179389      0.63661047     -0.26517805       5.6245903        5.6245903       24.536912              24.536912
              1       17.865004       0.8313141       1.4568068         13.479521           12.179275      0.63312429      -0.2508045       5.6245903        5.6245903       24.480827              24.480827
              4       18.857919      0.82025745       1.4568068         13.479521           12.179275      0.63312429      -0.2508045       5.6245903        5.6245903       26.466658              26.466658
              1       18.482337      0.82025745       1.4486399         13.476237           12.180756       0.6383374     -0.24982871       5.6245903        5.6245903       25.715494              25.715494
              1       18.545984      0.82025745       1.4472306         13.476678            12.18204      0.63669903      -0.2533345       5.6245903        5.6245903       25.842787              25.842787
              1       18.639175      0.82025745       1.4482663         13.490838           12.189025      0.64527118     -0.25341613       5.6245903        5.6245903       26.029169              26.029169
              1       18.438196      0.82025745       1.4498763         13.488024            12.19709      0.64318144     -0.25048679       5.6245903        5.6245903       25.627211              25.627211
              1       18.488283      0.82025745       1.4496045         13.487474           12.197645      0.64353912     -0.25062192       5.6245903        5.6245903       25.727386              25.727386
              1       19.267958      0.82025745       1.4471142         13.491461           12.201803      0.63912359     -0.25645451       5.6245903        5.6245903       27.286735              27.286735
              1       19.080769      0.82025745       1.4512757         13.494545           12.204182      0.64299701     -0.25736019       5.6245903        5.6245903       26.912358              26.912358
              1       18.447574      0.82025745       1.4489671         13.494725           12.199265      0.64707054     -0.26284045       5.6245903        5.6245903       25.645968              25.645968
              1       18.776888      0.82025745        1.453005         13.491487           12.198675      0.64501752     -0.26564445       5.6245903        5.6245903       26.304596              26.304596
              1       18.452538      0.82423952        1.453005         13.491487           12.198675      0.64501752     -0.26564445       5.6245903        5.6245903       25.655896              25.655896
              2       18.295469      0.82423952        1.452313         13.493024           12.196112      0.64463376     -0.26822045       5.6245903        5.6245903       25.341757              25.341757
              1       18.055082      0.82423952        1.454152         13.493382           12.194484      0.64909992     -0.26754682       5.6245903        5.6245903       24.860983              24.860983
              2       18.054955      0.82423952       1.4498607         13.500132           12.204229      0.65468507     -0.27289332       5.6245903        5.6245903       24.860729              24.860729
              1       17.395057      0.83346942       1.4498607         13.500132           12.204229      0.65468507     -0.27289332       5.6245903        5.6245903       23.540934              23.540934
              1       17.367385      0.83346942       1.4490325         13.500875           12.204078      0.65427761     -0.27242644       5.6245903        5.6245903       23.485589              23.485589
              1       18.746961      0.83346942       1.4518301         13.512055           12.197782      0.66490993     -0.27800335       5.6245903        5.6245903       26.244742              26.244742
              1       18.228416      0.84466563       1.4518301         13.512055           12.197782      0.66490993     -0.27800335       5.6245903        5.6245903       25.207652              25.207652
              2       17.946116      0.84466563       1.4565288         13.515888           12.199983      0.66045213     -0.27894626       5.6245903        5.6245903       24.643051              24.643051
              1       16.699435      0.84466563       1.4505924         13.519698           12.220081      0.66811646     -0.28236159       5.6245903        5.6245903       22.149689              22.149689
              2       16.493629      0.85288004       1.4505924         13.519698           12.220081      0.66811646     -0.28236159       5.6245903        5.6245903       21.738078              21.738078
              2       18.806657      0.85288004        1.452582         13.509976           12.222369      0.66584336     -0.29403239       5.6245903        5.6245903       26.364134              26.364134
              2       19.813196      0.85288004       1.4519595         13.514076           12.228825      0.66953922     -0.29700809       5.6245903        5.6245903       28.377212              28.377212
              1       17.964439      0.85288004        1.447625         13.513078            12.22207      0.66987919     -0.30092855       5.6245903        5.6245903       24.679697              24.679697
              1       17.372894      0.85288004        1.447768         13.515513            12.22132      0.67027164     -0.30037955       5.6245903        5.6245903       23.496608              23.496608
              1        17.31543      0.85631512        1.447768         13.515513            12.22132      0.67027164     -0.30037955       5.6245903        5.6245903       23.381679              23.381679
              1       17.199224      0.85631512       1.4491364         13.515051           12.220148       0.6696081     -0.29981222       5.6245903        5.6245903       23.149267              23.149267
              1       16.642347      0.85631512       1.4559088         13.512587           12.218871       0.6846811     -0.30316598       5.6245903        5.6245903       22.035514              22.035514
              1       16.496975      0.85631512       1.4529442         13.510718           12.217735      0.68692516     -0.29726149       5.6245903        5.6245903        21.74477               21.74477
              2       16.540045      0.85844343       1.4529442         13.510718           12.217735      0.68692516     -0.29726149       5.6245903        5.6245903        21.83091               21.83091
              2        16.57377      0.85844343       1.4387399         13.504247           12.206756      0.67807639     -0.28449657       5.6245903        5.6245903       21.898359              21.898359
              2       16.591134      0.85844343       1.4387846          13.50358           12.205911      0.67820992     -0.28541981       5.6245903        5.6245903       21.933088              21.933088
              2       16.432215      0.85844343       1.4391255         13.503775           12.211798      0.67754091     -0.28186827       5.6245903        5.6245903       21.615249              21.615249
              1        16.35264      0.84957322       1.4391255         13.503775           12.211798      0.67754091     -0.28186827       5.6245903        5.6245903         21.4561                21.4561
              1       16.902912      0.84957322       1.4644926         13.514017           12.204449      0.66326332     -0.27537292       5.6245903        5.6245903       22.556643              22.556643
              1       16.718401      0.84957322        1.469767         13.517652           12.208904      0.66983146     -0.28222569       5.6245903        5.6245903       22.187622              22.187622
              1       17.634401      0.84957322       1.4665564         13.524647           12.208333      0.66983461     -0.28135501       5.6245903        5.6245903       24.019621              24.019621
              1       17.094974      0.84957322        1.469756          13.52251           12.211514      0.67593612     -0.28084588       5.6245903        5.6245903       22.940767              22.940767
              1       17.118722      0.85446515        1.469756          13.52251           12.211514      0.67593612     -0.28084588       5.6245903        5.6245903       22.988264              22.988264
              1       16.526518      0.85446515       1.4694835         13.514668           12.216355      0.67130604     -0.28680923       5.6245903        5.6245903       21.803855              21.803855
              1       16.517432      0.85446515       1.4702231         13.514569            12.21602       0.6710569     -0.28679166       5.6245903        5.6245903       21.785684              21.785684
              2       16.368598      0.85446515       1.4674079         13.507935           12.210716      0.67270269     -0.28352336       5.6245903        5.6245903       21.488016              21.488016
              2       16.369455      0.85446515       1.4711643         13.504752           12.209548      0.67437864     -0.28030719       5.6245903        5.6245903        21.48973               21.48973
              1       16.616548      0.85446515       1.4748263         13.509392           12.203593      0.66949132     -0.27960659       5.6245903        5.6245903       21.983915              21.983915
              1       16.973533      0.83858424       1.4748263         13.509392           12.203593      0.66949132     -0.27960659       5.6245903        5.6245903       22.697885              22.697885
              1       16.859531      0.83858424          1.4798         13.518306           12.217872      0.66573762     -0.26945342       5.6245903        5.6245903       22.469881              22.469881
              1       19.354135      0.83858424       1.4964537         13.517487           12.225222      0.66594414     -0.28715385       5.6245903        5.6245903       27.459089              27.459089
              1       16.962445      0.83858424       1.4989169         13.525932             12.2158      0.66735326     -0.28575428       5.6245903        5.6245903        22.67571               22.67571
              1         16.9855      0.83858424       1.4867672         13.533786           12.220363      0.67561188     -0.28935645       5.6245903        5.6245903        22.72182               22.72182
              1       17.134321      0.83559994       1.4867672         13.533786           12.220363      0.67561188     -0.28935645       5.6245903        5.6245903       23.019462              23.019462
              2       17.301494      0.83559994       1.4900531         13.523599           12.210534      0.68629741      -0.3105991       5.6245903        5.6245903       23.353807              23.353807
              5       18.096998      0.83559994       1.4798996         13.515779           12.201804      0.68634202     -0.30435785       5.6245903        5.6245903       24.944815              24.944815
              1       18.434187      0.82914516       1.4798996         13.515779           12.201804      0.68634202     -0.30435785       5.6245903        5.6245903       25.619193              25.619193
              1       17.915463      0.82914516        1.478471         13.515995           12.204298      0.68411112     -0.30708236       5.6245903        5.6245903       24.581745              24.581745
              1        17.91564      0.82914516       1.4784484         13.516001           12.204303      0.68410659     -0.30708093       5.6245903        5.6245903         24.5821                24.5821
              1        18.65982      0.82914516       1.4828997         13.523449           12.202966      0.66961259     -0.31024203       5.6245903        5.6245903        26.07046               26.07046
              2       17.684982      0.84354743       1.4828997         13.523449           12.202966      0.66961259     -0.31024203       5.6245903        5.6245903       24.120784              24.120784
              2       19.158919      0.84354743       1.4801916         13.521852           12.194614      0.67023032     -0.31711887       5.6245903        5.6245903       27.068657              27.068657
              1       17.878003      0.84354743       1.4775518         13.520522           12.200776      0.67202604     -0.30986194       5.6245903        5.6245903       24.506825              24.506825
              1       17.240338      0.84354743       1.4786623         13.512837           12.205833      0.66174485     -0.31261594       5.6245903        5.6245903       23.231496              23.231496
              1        17.12459      0.84354743        1.468652         13.505637           12.195642      0.65992277     -0.30847096       5.6245903        5.6245903       22.999999              22.999999
              1       16.866517      0.84842507        1.468652         13.505637           12.195642      0.65992277     -0.30847096       5.6245903        5.6245903       22.483853              22.483853
              1       20.370415      0.84842507        1.476779         13.523525            12.18677      0.63791889     -0.28925859       5.6245903        5.6245903       29.491649              29.491649
              1       20.215903      0.84842507       1.4832401         13.518963           12.184453      0.64009946     -0.28631637       5.6245903        5.6245903       29.182626              29.182626
              1       18.984056      0.84842507       1.4851052         13.522054           12.188112      0.63020048     -0.29416666       5.6245903        5.6245903       26.718931              26.718931
              2       17.571363      0.84842507       1.4895607         13.522162           12.200264      0.63020722     -0.28741083       5.6245903        5.6245903       23.893546              23.893546
              2       17.571173      0.84842507       1.4895612         13.522032           12.200247      0.63013552     -0.28737924       5.6245903        5.6245903       23.893165              23.893165
              1       17.717262      0.84842507       1.4932516         13.523437           12.197876      0.62895733     -0.28556845       5.6245903        5.6245903       24.185344              24.185344
              1       18.450836      0.84842507        1.494339         13.526234           12.194554      0.63227165     -0.28033325       5.6245903        5.6245903       25.652492              25.652492
              1       18.003138      0.84842507       1.5090695         13.522231           12.192813      0.62815832     -0.27975571       5.6245903        5.6245903       24.757096              24.757096
              1       16.925678      0.84842507       1.5138328         13.513135           12.203496      0.64917172     -0.28241098       5.6245903        5.6245903       22.602176              22.602176
              1       16.527432      0.86050694       1.5138328         13.513135           12.203496      0.64917172     -0.28241098       5.6245903        5.6245903       21.805684              21.805684
              2       16.513962      0.86050694       1.5144227         13.514764           12.204122      0.64933648     -0.28311093       5.6245903        5.6245903       21.778743              21.778743
              3       16.470172      0.86350241       1.5144227         13.514764           12.204122      0.64933648     -0.28311093       5.6245903        5.6245903       21.691164              21.691164
              1       16.427797      0.86350241       1.5106591         13.517821           12.203266      0.64654521     -0.28272578       5.6245903        5.6245903       21.606413              21.606413
              3       17.066262      0.86350241       1.5127141         13.523699             12.2177      0.64759081     -0.26964654       5.6245903        5.6245903       22.883343              22.883343
              1       16.829072      0.86350241       1.5111211         13.526177           12.217235      0.64746425     -0.27246718       5.6245903        5.6245903       22.408963              22.408963
              1       16.841772      0.86245447       1.5111211         13.526177           12.217235      0.64746425     -0.27246718       5.6245903        5.6245903       22.434364              22.434364
              2       17.404354      0.86245447       1.5099683         13.520677           12.215757       0.6461597     -0.27634619       5.6245903        5.6245903       23.559528              23.559528
              1        17.12775      0.86245447       1.5071941         13.518941           12.217228      0.65620159     -0.27699787       5.6245903        5.6245903       23.006319              23.006319
              1       18.066801      0.86245447       1.5042058         13.516953           12.219059      0.65295569     -0.27744337       5.6245903        5.6245903       24.884421              24.884421
              1       18.169068      0.86245447       1.5045837         13.512836           12.216792      0.65401299     -0.27862846       5.6245903        5.6245903       25.088955              25.088955
              2       18.866343      0.86245447       1.5054982         13.512539           12.218735      0.65469419     -0.28041643       5.6245903        5.6245903       26.483505              26.483505
              2       19.312301      0.86245447         1.49496         13.509474           12.225211      0.66888892     -0.27285269       5.6245903        5.6245903       27.375421              27.375421
              1       18.993169      0.86245447       1.4899272         13.511948           12.224813      0.66567107     -0.27564973       5.6245903        5.6245903       26.737157              26.737157
              1         19.0673      0.85100517       1.4899272         13.511948           12.224813      0.66567107     -0.27564973       5.6245903        5.6245903        26.88542               26.88542
              1       16.537791      0.85100517       1.4916302         13.524441           12.223612      0.67325513     -0.27621843       5.6245903        5.6245903       21.826401              21.826401
              2       16.495203      0.85100517       1.4889361         13.525429           12.217962      0.67194034     -0.26817934       5.6245903        5.6245903       21.741225              21.741225
              1        16.36454      0.85100517       1.4842814         13.524558           12.223204      0.67546165     -0.26537255       5.6245903        5.6245903       21.479899              21.479899
              1       16.715876      0.85100517       1.4720959         13.521045           12.230128      0.69378276      -0.2489665       5.6245903        5.6245903       22.182571              22.182571
              1       16.890358      0.85100517       1.4685121         13.520069           12.227339       0.6971223     -0.25438957       5.6245903        5.6245903       22.531535              22.531535
              1       16.921927      0.85149334       1.4685121         13.520069           12.227339       0.6971223     -0.25438957       5.6245903        5.6245903       22.594674              22.594674
              2       16.794791      0.85149334       1.4692526         13.520049           12.229337      0.69782426     -0.25547085       5.6245903        5.6245903       22.340401              22.340401
              3       16.714492      0.85149334       1.4662375         13.522243            12.23093      0.69596574     -0.25583753       5.6245903        5.6245903       22.179803              22.179803
              1       17.288706      0.85924814       1.4662375         13.522243            12.23093      0.69596574     -0.25583753       5.6245903        5.6245903       23.328232              23.328232
              1        19.77932      0.85924814       1.5008598          13.54102           12.226688        0.696155     -0.25634455       5.6245903        5.6245903        28.30946               28.30946
              2       20.939577      0.85924814       1.4982025          13.54586           12.226404      0.69561359     -0.25635865       5.6245903        5.6245903       30.629974              30.629974
              2       21.224612      0.86130268       1.4982025          13.54586           12.226404      0.69561359     -0.25635865       5.6245903        5.6245903       31.200044              31.200044
              1       21.390666      0.86130268       1.4999735         13.544211           12.225192      0.69698267     -0.25728333       5.6245903        5.6245903       31.532151              31.532151
              1       22.951707      0.86130268       1.4905185         13.541115           12.217115      0.69413868      -0.2634932       5.6245903        5.6245903       34.654233              34.654233
              2       20.462807      0.86130268       1.4830974         13.541317           12.228479      0.70749261     -0.27319272       5.6245903        5.6245903       29.676432              29.676432
              1         19.4636      0.86130268       1.4697605         13.540606           12.229774      0.70054233     -0.26910351       5.6245903        5.6245903       27.678019              27.678019
              2       19.015356      0.86130268       1.4807893         13.544814           12.224796      0.68120793     -0.26368757       5.6245903        5.6245903       26.781531              26.781531
              1         16.7797      0.86130268       1.4846361         13.537928            12.23679      0.68067978     -0.25703332       5.6245903        5.6245903       22.310219              22.310219
              2       17.080117      0.86130268       1.4848503         13.534771           12.232165      0.68273659     -0.25192432       5.6245903        5.6245903       22.911053              22.911053
              3       17.452185      0.86130268       1.4904218         13.529473           12.239729      0.69285228     -0.25171721       5.6245903        5.6245903       23.655189              23.655189
              1       17.452144      0.86130268       1.4904465         13.529465           12.239724      0.69283864     -0.25171518       5.6245903        5.6245903       23.655108              23.655108
              1       17.016174      0.85481915       1.4904465         13.529465           12.239724      0.69283864     -0.25171518       5.6245903        5.6245903       22.783167              22.783167
              1       16.990126      0.85481915       1.4882735         13.523106           12.235062      0.69424033     -0.25411211       5.6245903        5.6245903       22.731071              22.731071
              4       16.891564      0.85481915       1.4919723          13.51954           12.229998      0.69046093     -0.26669601       5.6245903        5.6245903       22.533948              22.533948
              1       16.786842      0.83904375       1.4919723          13.51954           12.229998      0.69046093     -0.26669601       5.6245903        5.6245903       22.324504              22.324504
              1       17.173561      0.83904375       1.4949246         13.527852           12.237367      0.69239863      -0.2717308       5.6245903        5.6245903       23.097942              23.097942
              1       17.071554       0.8475598       1.4949246         13.527852           12.237367      0.69239863      -0.2717308       5.6245903        5.6245903       22.893927              22.893927
              1        17.50085       0.8475598       1.4868148         13.530078           12.240317      0.68757046     -0.27055944       5.6245903        5.6245903        23.75252               23.75252
              1       17.345975       0.8475598       1.4865423         13.531814           12.239818      0.68738072     -0.27527014       5.6245903        5.6245903       23.442769              23.442769
              1       16.558432       0.8475598       1.4889958          13.54418           12.234999       0.6872113     -0.27033602       5.6245903        5.6245903       21.867683              21.867683
              1       16.469184       0.8475598       1.4905625         13.543922           12.235137      0.68452318     -0.27042784       5.6245903        5.6245903       21.689188              21.689188
              1       18.522517       0.8475598       1.4849492         13.538236            12.21801      0.68091092     -0.27023905       5.6245903        5.6245903       25.795853              25.795853
              1       18.494432      0.84384888       1.4849492         13.538236            12.21801      0.68091092     -0.27023905       5.6245903        5.6245903       25.739683              25.739683
              1       17.038743      0.84384888       1.4788669         13.535268           12.219665      0.67520999     -0.28690511       5.6245903        5.6245903       22.828305              22.828305
              1       17.735573      0.84384888       1.4802854         13.519311           12.231044      0.68707288     -0.28750853       5.6245903        5.6245903       24.221966              24.221966
              2       16.365027      0.84384888       1.4769079         13.525894           12.227776      0.69924074     -0.29193517       5.6245903        5.6245903       21.480874              21.480874
              1       17.105807      0.84384888       1.4627635         13.533831           12.243031      0.69727683      -0.2860001       5.6245903        5.6245903       22.962434              22.962434
              1       16.418783      0.84384888       1.4535277          13.53715           12.235206      0.69487873     -0.29333554       5.6245903        5.6245903       21.588385              21.588385
              1        16.45226      0.84384888       1.4551593         13.533317           12.231093      0.69763419     -0.29363798       5.6245903        5.6245903        21.65534               21.65534
              1       16.775701      0.83066983       1.4551593         13.533317           12.231093      0.69763419     -0.29363798       5.6245903        5.6245903       22.302221              22.302221
              2       16.962356      0.83066983       1.4548739         13.540494            12.23517      0.71323314     -0.29947953       5.6245903        5.6245903       22.675532              22.675532
              1       16.655631      0.83066983       1.4517183         13.537838           12.236961      0.71414079      -0.2989157       5.6245903        5.6245903       22.062081              22.062081
              2       17.083674      0.83066983       1.4492221         13.537721           12.232599      0.71341452     -0.30138365       5.6245903        5.6245903       22.918167              22.918167
              1       17.453292      0.83066983       1.4352314         13.539397           12.235025      0.71754712     -0.29281551       5.6245903        5.6245903       23.657403              23.657403
              1       17.673235      0.83066983       1.4356775         13.539625           12.234345      0.71827738     -0.29229165       5.6245903        5.6245903        24.09729               24.09729
              1       17.111119      0.83066983       1.4348206         13.536332           12.236399      0.72503679     -0.29688794       5.6245903        5.6245903       22.973057              22.973057
              2       16.457421      0.83066983       1.4352716         13.524214           12.234135      0.72307054     -0.29219165       5.6245903        5.6245903       21.665662              21.665662
              1        16.47353      0.83066983       1.4319162         13.526244           12.236241      0.73034635     -0.30097412       5.6245903        5.6245903        21.69788               21.69788
              2       16.510884      0.83066983       1.4324342          13.52948           12.237579      0.72924713      -0.3010139       5.6245903        5.6245903       21.772587              21.772587
              1       16.514207      0.82974149       1.4324342          13.52948           12.237579      0.72924713      -0.3010139       5.6245903        5.6245903       21.779233              21.779233
              1       16.831834      0.82974149       1.4295792         13.530516           12.234713      0.72749178     -0.30182503       5.6245903        5.6245903       22.414487              22.414487
              1         17.1817      0.82974149       1.4306353         13.516622           12.244775      0.73412235      -0.2927644       5.6245903        5.6245903        23.11422               23.11422
              2       17.489081      0.81832227       1.4306353         13.516622           12.244775      0.73412235      -0.2927644       5.6245903        5.6245903       23.728981              23.728981
              1       17.450625      0.81832227       1.4306296          13.51689           12.244886      0.73443547       -0.292706       5.6245903        5.6245903       23.652069              23.652069
              1       16.853614      0.81832227       1.4293255          13.51009           12.227615      0.74629145     -0.29247778       5.6245903        5.6245903       22.458047              22.458047
              1       17.931418      0.81832227       1.4362346         13.512986           12.224088      0.74338848     -0.28280181       5.6245903        5.6245903       24.613655              24.613655
              1       16.939669      0.81832227       1.4335539         13.509563           12.240949      0.74214124     -0.28743524       5.6245903        5.6245903       22.630158              22.630158
              1       16.481264      0.81832227        1.441828         13.524632           12.239909      0.74772938     -0.30864196       5.6245903        5.6245903       21.713348              21.713348
              1       16.597461      0.81452484        1.441828         13.524632           12.239909      0.74772938     -0.30864196       5.6245903        5.6245903       21.945742              21.945742
              1       16.609756      0.81452484       1.4369015         13.516789           12.235745      0.74919731     -0.31554598       5.6245903        5.6245903       21.970331              21.970331
              1       16.733796      0.81452484       1.4307834         13.520825           12.234963      0.74393194     -0.31641402       5.6245903        5.6245903       22.218412              22.218412
              2       16.865235      0.81452484       1.4346567         13.518843           12.234378      0.73822489     -0.31778632       5.6245903        5.6245903        22.48129               22.48129
              1       17.219401      0.81452484       1.4282009         13.520951           12.240176      0.73937674     -0.32167113       5.6245903        5.6245903       23.189621              23.189621
              1       17.204983      0.81452484       1.4212602         13.517668           12.237061      0.73407882     -0.31814016       5.6245903        5.6245903       23.160785              23.160785
              1       17.219424      0.81452484       1.4211648         13.517574           12.238117      0.73493195     -0.31620216       5.6245903        5.6245903       23.189668              23.189668
              1       16.904158      0.81452484       1.4204382         13.521881           12.236473      0.73490212     -0.31512076       5.6245903        5.6245903       22.559135              22.559135
              1       16.911124      0.81452484       1.4205094         13.521929           12.236584      0.73472856     -0.31509903       5.6245903        5.6245903       22.573068              22.573068
              2        16.96106      0.81361948       1.4205094         13.521929           12.236584      0.73472856     -0.31509903       5.6245903        5.6245903       22.672939              22.672939
              4       18.142125      0.81361948       1.4236484         13.531483           12.253652      0.74096486     -0.31812686       5.6245903        5.6245903       25.035069              25.035069
              2       17.754382      0.81361948       1.4227848         13.531626           12.252202      0.74162313     -0.31823598       5.6245903        5.6245903       24.259583              24.259583
              2       17.627495      0.81361948       1.4263174         13.528843            12.24582      0.73288285     -0.31775983       5.6245903        5.6245903        24.00581               24.00581
              1       17.279349      0.81361948       1.4273985         13.524032           12.245159      0.73603886     -0.30482118       5.6245903        5.6245903       23.309518              23.309518
              1       17.119378      0.81361948       1.4208666         13.530624           12.246785      0.73035629     -0.30035526       5.6245903        5.6245903       22.989575              22.989575
              1       16.651033      0.81361948       1.4157201         13.522456           12.239353      0.74295209     -0.29336245       5.6245903        5.6245903       22.052885              22.052885
              1       16.651761      0.81361948       1.4193806          13.51554           12.239244      0.73875869     -0.29131002       5.6245903        5.6245903       22.054341              22.054341
              1       16.656503      0.81361948       1.4199915         13.515314           12.239187      0.73927337     -0.29211044       5.6245903        5.6245903       22.063825              22.063825
              2       16.718354      0.81361948       1.4137596         13.512998           12.231954      0.73461629     -0.29870133       5.6245903        5.6245903       22.187527              22.187527
              2       17.360848      0.80256523       1.4137596         13.512998           12.231954      0.73461629     -0.29870133       5.6245903        5.6245903       23.472515              23.472515
              1       17.568534      0.80256523       1.4180768         13.519564           12.232472        0.743053     -0.29439066       5.6245903        5.6245903       23.887886              23.887886
              1       17.893465      0.79733419       1.4180768         13.519564           12.232472        0.743053     -0.29439066       5.6245903        5.6245903       24.537749              24.537749
              1       17.185873      0.79733419       1.3912173         13.521946           12.244698       0.7515025     -0.28912369       5.6245903        5.6245903       23.122566              23.122566
              2       16.893024      0.79733419       1.3913897         13.510651            12.24054      0.75685857     -0.28207694       5.6245903        5.6245903       22.536867              22.536867
              4       17.251042      0.79733419        1.395809         13.509479           12.235965      0.74235479     -0.28324341       5.6245903        5.6245903       23.252903              23.252903
              2       17.398915      0.79524998        1.395809         13.509479           12.235965      0.74235479     -0.28324341       5.6245903        5.6245903        23.54865               23.54865
              1       16.956685      0.80199132        1.395809         13.509479           12.235965      0.74235479     -0.28324341       5.6245903        5.6245903        22.66419               22.66419
              2       17.047075      0.80199132       1.3908775         13.510416           12.242127      0.74392352     -0.28067405       5.6245903        5.6245903        22.84497               22.84497
              1        17.13118      0.80199132       1.3943312         13.519189           12.245412      0.74122667      -0.2834749       5.6245903        5.6245903        23.01318               23.01318
              1       17.659723      0.80199132       1.3815512         13.523248            12.23756      0.72681776      -0.2818557       5.6245903        5.6245903       24.070265              24.070265
              1       17.722789      0.80199132       1.3819926         13.519145           12.241265       0.7227924      -0.2859403       5.6245903        5.6245903       24.196398              24.196398
              1       17.700393      0.80199132       1.3843411         13.519038           12.235454      0.71864117     -0.28207366       5.6245903        5.6245903       24.151605              24.151605
              1       17.632776      0.85534707       1.3843411         13.519038           12.235454      0.71864117     -0.28207366       5.6245903        5.6245903       24.016371              24.016371
              3       18.464493      0.85534707       1.3838635         13.516281           12.229889      0.72298301      -0.2855614       5.6245903        5.6245903       25.679804              25.679804
              1       19.376639      0.85534707       1.3854504         13.521611           12.228732        0.723155     -0.28793191       5.6245903        5.6245903       27.504097              27.504097
              1       17.963138      0.83956787       1.3854504         13.521611           12.228732        0.723155     -0.28793191       5.6245903        5.6245903       24.677095              24.677095
              1       18.215363      0.83956787        1.391848         13.532038           12.231246      0.72012955     -0.29603662       5.6245903        5.6245903       25.181546              25.181546
              1       16.413168      0.83956787       1.3900899          13.51913           12.228767      0.70956779     -0.31085684       5.6245903        5.6245903       21.577155              21.577155
              1       16.509661      0.83956787       1.3881593         13.518482           12.233673      0.71195389     -0.31258408       5.6245903        5.6245903       21.770141              21.770141
              1       16.430831      0.83956787       1.3791292         13.523126            12.23217      0.70870452      -0.3129905       5.6245903        5.6245903       21.612481              21.612481
              2       16.753788      0.83956787       1.3801043         13.522646           12.236742       0.7027183     -0.30918625       5.6245903        5.6245903       22.258396              22.258396
              1       17.025251      0.83956787       1.3796219         13.523864           12.239972      0.70320064     -0.30841554       5.6245903        5.6245903       22.801321              22.801321
              1       16.922464      0.84727326       1.3796219         13.523864           12.239972      0.70320064     -0.30841554       5.6245903        5.6245903       22.595746              22.595746
              1       17.371913      0.84727326       1.3846481         13.524744           12.240985      0.69760158     -0.30740354       5.6245903        5.6245903       23.494646              23.494646
              1        17.61102      0.84727326       1.3857004          13.52273           12.241342      0.69860563     -0.30568274       5.6245903        5.6245903        23.97286               23.97286
              1       17.164112      0.84727326       1.3892112         13.524763           12.240995      0.70173811     -0.30720738       5.6245903        5.6245903       23.079042              23.079042
              1       17.109087      0.84727326       1.3724921         13.517203           12.235458      0.69005878     -0.29468719       5.6245903        5.6245903       22.968994              22.968994
              1       16.377655      0.84727326       1.3796939         13.516258           12.227903      0.69350116     -0.28577058       5.6245903        5.6245903        21.50613               21.50613
              1       16.399331      0.84727326       1.3848944         13.516209           12.226299      0.68457706      -0.2878897       5.6245903        5.6245903       21.549481              21.549481
              2       16.389839      0.84895273       1.3848944         13.516209           12.226299      0.68457706      -0.2878897       5.6245903        5.6245903       21.530497              21.530497
              1       16.679522      0.84895273       1.3823826         13.512196           12.215834      0.68695936     -0.29607302       5.6245903        5.6245903       22.109864              22.109864
              1       16.356784      0.84895273       1.3911799         13.506172           12.218403      0.68585223     -0.29065378       5.6245903        5.6245903       21.464388              21.464388
              1       16.412702      0.84895273       1.3844022         13.505695           12.222941      0.69060729     -0.28136199       5.6245903        5.6245903       21.576224              21.576224
              1       17.241713      0.84895273       1.3872577         13.517683           12.218234      0.68233406     -0.27213025       5.6245903        5.6245903       23.234246              23.234246
              1        17.73115      0.84895273       1.3846863         13.519928           12.235695      0.67020954     -0.27621409       5.6245903        5.6245903        24.21312               24.21312
              2        17.68148      0.86091772       1.3846863         13.519928           12.235695      0.67020954     -0.27621409       5.6245903        5.6245903       24.113779              24.113779
              2        16.95888      0.86091772       1.3790393         13.522139             12.2361      0.67127439     -0.26266298       5.6245903        5.6245903       22.668579              22.668579
              1       16.830395      0.86091772       1.3864385          13.52001           12.233517      0.67203173     -0.25921442       5.6245903        5.6245903        22.41161               22.41161
              1       16.821199      0.86091772       1.3831691         13.513648           12.228083      0.66620416     -0.25891808       5.6245903        5.6245903       22.393218              22.393218
              1        17.04412      0.86091772        1.382234         13.510657           12.228601      0.66950198     -0.25909433       5.6245903        5.6245903       22.839059              22.839059
              1       17.574245      0.87144665        1.382234         13.510657           12.228601      0.66950198     -0.25909433       5.6245903        5.6245903       23.899309              23.899309
              3       17.532422      0.87144665       1.3869332         13.501934            12.21059       0.6676458     -0.25463056       5.6245903        5.6245903       23.815663              23.815663
              3       17.676512      0.87144665        1.387357         13.501957           12.210798      0.66901611     -0.25362037       5.6245903        5.6245903       24.103844              24.103844
              1       18.791058      0.87144665       1.3851956         13.493893           12.212328      0.68188916     -0.24358791       5.6245903        5.6245903       26.332935              26.332935
              1       18.456771      0.87144665       1.3890553          13.49207            12.22042      0.68277558     -0.24659227       5.6245903        5.6245903       25.664361              25.664361
              2       18.419953       0.8711622       1.3890553          13.49207            12.22042      0.68277558     -0.24659227       5.6245903        5.6245903       25.590725              25.590725
              1       18.712832       0.8711622       1.3852106         13.505456           12.226021      0.68724302     -0.24324711       5.6245903        5.6245903       26.176484              26.176484
              1       18.546508       0.8711622       1.3819721         13.504441            12.22727       0.6862769     -0.24371129       5.6245903        5.6245903       25.843835              25.843835
              1        19.16343       0.8711622       1.3898788         13.498659           12.227777      0.69216828     -0.24122533       5.6245903        5.6245903       27.077679              27.077679
              2       19.136074       0.8711622       1.3917932         13.501361           12.227416      0.69191364     -0.24035274       5.6245903        5.6245903       27.022968              27.022968
              1       18.189064       0.8711622       1.4003638         13.500628            12.22266      0.68834586     -0.25989259       5.6245903        5.6245903       25.128947              25.128947
              2       17.601083      0.86602585       1.4003638         13.500628            12.22266      0.68834586     -0.25989259       5.6245903        5.6245903       23.952986              23.952986
              2       17.661796      0.86602585       1.4185453         13.504508           12.222283      0.69348467     -0.26583035       5.6245903        5.6245903       24.074412              24.074412
              1       17.682638      0.86602585       1.4182428         13.504266           12.225446      0.69224221     -0.26819088       5.6245903        5.6245903       24.116096              24.116096
              1       17.201441      0.86010011       1.4182428         13.504266           12.225446      0.69224221     -0.26819088       5.6245903        5.6245903       23.153702              23.153702
              1       17.252656      0.86010011        1.418784         13.503756           12.225566      0.69140045     -0.26760307       5.6245903        5.6245903       23.256131              23.256131
              2       16.783789      0.86010011       1.4184638         13.510173           12.223023      0.68608444      -0.2688297       5.6245903        5.6245903       22.318398              22.318398
              1       17.880832      0.87260275       1.4184638         13.510173           12.223023      0.68608444      -0.2688297       5.6245903        5.6245903       24.512484              24.512484
              1       18.135946      0.87260275       1.4270576         13.497954           12.219178      0.68640701     -0.27601662       5.6245903        5.6245903       25.022712              25.022712
              1       17.587946      0.87260275       1.4197152         13.496665           12.211231       0.6840764      -0.2784578       5.6245903        5.6245903       23.926711              23.926711
              1        17.17507      0.87260275       1.4211779         13.501753           12.213309      0.67823724     -0.28673356       5.6245903        5.6245903       23.100959              23.100959
              1       18.283771      0.87260275       1.4121292         13.499267           12.221406      0.69133462     -0.29706995       5.6245903        5.6245903       25.318361              25.318361
              1       18.127441      0.87260275       1.4119616         13.499371           12.220944      0.69175831     -0.29150692       5.6245903        5.6245903       25.005702              25.005702
              2       18.417112      0.87260275       1.4143752         13.495844           12.219976      0.69184178      -0.2914551       5.6245903        5.6245903       25.585044              25.585044
              1       18.753414      0.87260275       1.4165132         13.498137            12.21837      0.70917014     -0.29288674       5.6245903        5.6245903       26.257648              26.257648
              3       17.421535      0.86207478       1.4165132         13.498137            12.21837      0.70917014     -0.29288674       5.6245903        5.6245903        23.59389               23.59389
              1        17.42413      0.86207478       1.4182856         13.493325           12.217319      0.70594048     -0.29245577       5.6245903        5.6245903       23.599079              23.599079
              2       17.966136      0.86207478        1.419517         13.492928           12.221994      0.70671453     -0.28474672       5.6245903        5.6245903        24.68309               24.68309
              1       18.516456      0.86207478       1.4211526         13.489319           12.212473      0.71666624     -0.28041828       5.6245903        5.6245903       25.783732              25.783732
              1       18.439411      0.86207478        1.416048         13.487079           12.213016      0.71706958     -0.28008859       5.6245903        5.6245903       25.629642              25.629642
              1       18.337205      0.86207478       1.4154029         13.487974           12.213509       0.7167684     -0.28174066       5.6245903        5.6245903       25.425229              25.425229
              1       17.275356      0.86207478       1.4153096         13.494912           12.216025      0.69621074      -0.2734463       5.6245903        5.6245903       23.301531              23.301531
              2       17.199889      0.86207478       1.4377686         13.502002           12.219199      0.69721054     -0.27760899       5.6245903        5.6245903       23.150598              23.150598
              1       17.797996      0.86207478       1.4349032         13.508998           12.231236      0.70398783     -0.27034694       5.6245903        5.6245903       24.346812              24.346812
              2       18.113651      0.86500756       1.4349032         13.508998           12.231236      0.70398783     -0.27034694       5.6245903        5.6245903       24.978122              24.978122
              1        18.03368      0.86500756       1.4387858         13.508639           12.229953      0.70278271     -0.26963476       5.6245903        5.6245903        24.81818               24.81818
              2        16.69615       0.8435005       1.4387858         13.508639           12.229953      0.70278271     -0.26963476       5.6245903        5.6245903        22.14312               22.14312
              1       18.307242       0.8435005       1.4377864         13.509384           12.237446      0.69535056     -0.26289224       5.6245903        5.6245903       25.365304              25.365304
              1       18.120966       0.8435005       1.4379653          13.50994           12.237519      0.69610737     -0.26217446       5.6245903        5.6245903       24.992751              24.992751
              1       18.185754       0.8435005       1.4376931         13.509916           12.237836      0.69643529     -0.26231897       5.6245903        5.6245903       25.122327              25.122327
              2       19.330407       0.8435005       1.4377395         13.507751           12.240905      0.69616696     -0.25592922       5.6245903        5.6245903       27.411634              27.411634
              1       19.425553       0.8354136       1.4377395         13.507751           12.240905      0.69616696     -0.25592922       5.6245903        5.6245903       27.601926              27.601926
              1       17.962214       0.8354136       1.4348717         13.501274           12.233974      0.70060131     -0.25458777       5.6245903        5.6245903       24.675247              24.675247
              1       16.728337       0.8354136       1.4444646         13.505382           12.233059      0.71071226     -0.25240065       5.6245903        5.6245903       22.207493              22.207493
              2       17.569055       0.8354136       1.4444528         13.502051           12.236219      0.71174417     -0.25091854       5.6245903        5.6245903       23.888929              23.888929
              2       16.913962       0.8354136       1.4566079         13.501296           12.232731      0.71679387     -0.24859665       5.6245903        5.6245903       22.578744              22.578744
              1       17.542674      0.84739543       1.4566079         13.501296           12.232731      0.71679387     -0.24859665       5.6245903        5.6245903       23.836168              23.836168
              1       17.662544      0.84739543       1.4524069         13.499053           12.225456       0.7167249     -0.23811237       5.6245903        5.6245903       24.075907              24.075907
              3       17.043844      0.84739543       1.4484019         13.503531           12.229729      0.69869031     -0.22581593       5.6245903        5.6245903       22.838507              22.838507
              1       17.605964       0.8537737       1.4484019         13.503531           12.229729      0.69869031     -0.22581593       5.6245903        5.6245903       23.962748              23.962748
              1       17.583872       0.8537737       1.4488228         13.504081           12.229552      0.69857953     -0.22598016       5.6245903        5.6245903       23.918563              23.918563
              2        17.65919       0.8537737       1.4701478           13.4848           12.216698      0.69176554     -0.22526879       5.6245903        5.6245903       24.069198              24.069198
              1       17.879811       0.8537737       1.4676655         13.479521           12.214765       0.6936949     -0.22629538       5.6245903        5.6245903       24.510442              24.510442
              2       16.919711       0.8537737       1.3905241         13.487034           12.215802      0.68421128      -0.2348289       5.6245903        5.6245903       22.590242              22.590242
              1       16.605332      0.84603786       1.3903038         13.485757           12.216054      0.68989055     -0.23790151       5.6245903        5.6245903       21.961483              21.961483
              2       16.608883      0.84603786       1.3917582         13.486803           12.215674      0.69698998     -0.25028147       5.6245903        5.6245903       21.968586              21.968586
              3       16.492246      0.84603786       1.4186954         13.469945           12.197329       0.7230832     -0.33271094       5.6245903        5.6245903       21.735311              21.735311
              1       16.521965      0.84760703       1.4187401         13.470204           12.197278      0.72193119     -0.33208768       5.6245903        5.6245903        21.79475               21.79475
              1       16.820014      0.84760703       1.4802662         13.521723           12.233633      0.74267471     -0.32559697       5.6245903        5.6245903       22.390847              22.390847
              1       16.919248      0.84760703       1.4736463          13.54514            12.24774      0.75273922     -0.33923781       5.6245903        5.6245903       22.589315              22.589315
              1       17.270486      0.84760703       1.4736686          13.55721           12.240623      0.72597181     -0.33575959       5.6245903        5.6245903       23.291791              23.291791
              4       17.093751      0.84760703        1.480452         13.540608           12.222481      0.73060028     -0.38297515       5.6245903        5.6245903       22.938321              22.938321
              2       16.976368      0.84760703       1.4924847         13.554312            12.24308      0.75818196     -0.37503811       5.6245903        5.6245903       22.703555              22.703555
              1       17.491058      0.84760703        1.448446         13.593971           12.266848      0.74815519     -0.37095643       5.6245903        5.6245903       23.732936              23.732936
              3       16.842921      0.84760703       1.4565808         13.587479           12.274149      0.71312604     -0.27644496       5.6245903        5.6245903       22.436662              22.436662
              1       16.710995      0.84760703       1.4535346         13.585479           12.274468      0.71654968     -0.28484114       5.6245903        5.6245903       22.172809              22.172809
              1        17.19471      0.85902107       1.4538596         13.587363           12.274096      0.70817006     -0.28030759       5.6245903        5.6245903        23.14024               23.14024
              1       17.599923      0.85902107       1.4940197            13.585           12.270349      0.71879484     -0.28631695       5.6245903        5.6245903       23.950666              23.950666
              2       17.745078      0.85902107       1.4952255         13.576232           12.269416      0.72105623     -0.27713586       5.6245903        5.6245903       24.240975              24.240975
              1        17.03228      0.85902107        1.520323         13.593493           12.275492      0.68920956     -0.27809904       5.6245903        5.6245903        22.81538               22.81538
              2       17.640326      0.82527851       1.5193619         13.587923           12.276591      0.71398167     -0.29150129       5.6245903        5.6245903       24.031472              24.031472
              1       16.839202      0.82527851       1.5459748         13.513569           12.218565      0.74258787     -0.29794761       5.6245903        5.6245903       22.429223              22.429223
              1       17.605882      0.82527851       1.5778288         13.522448            12.20549       0.7232159     -0.35786915       5.6245903        5.6245903       23.962583              23.962583
              1       18.130294      0.82527851       1.5401175         13.501565           12.216706      0.76698938     -0.40162675       5.6245903        5.6245903       25.011408              25.011408
              5        17.06168      0.82527851       1.5378758         13.543583           12.238849      0.79387762     -0.42712038       5.6245903        5.6245903       22.874179              22.874179
              4       17.971133      0.82527851       1.5235131         13.598419           12.274432       0.7668905     -0.41107476       5.6245903        5.6245903       24.693085              24.693085
              1       17.424528       0.8764791       1.5249713          13.60687           12.272764      0.72930157     -0.39073833       5.6245903        5.6245903       23.599876              23.599876
              4       17.285961       0.8764791       1.5407267         13.618248           12.274566      0.72646299     -0.40532016       5.6245903        5.6245903       23.322742              23.322742
              4       17.402783       0.8764791       1.5301944         13.633173           12.284563       0.7243864     -0.41170624       5.6245903        5.6245903       23.556385              23.556385
              1       17.304935       0.8764791       1.5219586         13.630374           12.282719      0.72522535     -0.41021142       5.6245903        5.6245903        23.36069               23.36069
              1       17.481629      0.88379912       1.5221671         13.631582           12.282481      0.71985135     -0.40730398       5.6245903        5.6245903       23.714077              23.714077
              1       18.290185      0.88379912       1.4571181         13.592169           12.258569      0.73259883     -0.40136219       5.6245903        5.6245903       25.331189              25.331189
              1       17.480346      0.88379912       1.4479723         13.596334           12.251471      0.69977468     -0.39395751       5.6245903        5.6245903       23.711511              23.711511
              3       17.716342      0.88379912       1.3978852         13.618997           12.290767      0.70093968     -0.36847218       5.6245903        5.6245903       24.183504              24.183504
              2       17.376209      0.88379912       1.3667931         13.664855           12.309244      0.67272369     -0.33608993       5.6245903        5.6245903       23.503238              23.503238
              1       17.742968       0.8957968       1.3671348         13.666836           12.308853      0.66391559     -0.33132455       5.6245903        5.6245903       24.236755              24.236755
              2       17.396937       0.8957968       1.3402391         13.677392           12.314595      0.66074071     -0.36106532       5.6245903        5.6245903       23.544694              23.544694
              3       17.292712       0.8957968       1.3301892         13.649693           12.289599      0.64454701     -0.35460272       5.6245903        5.6245903       23.336244              23.336244
              1        17.91333      0.92461134       1.3310098         13.654449            12.28866       0.6233928     -0.34315784       5.6245903        5.6245903       24.577479              24.577479
              1       19.822728      0.92461134         1.35244         13.615788           12.282545      0.64321488     -0.32545171       5.6245903        5.6245903       28.396275              28.396275
              3       20.640585      0.92461134       1.3094455         13.604605           12.282099      0.65147313      -0.3276575       5.6245903        5.6245903       30.031989              30.031989
              1       19.897787      0.91784322       1.3092527         13.603488            12.28232      0.65644195     -0.33034574       5.6245903        5.6245903       28.546393              28.546393
              1       19.529688      0.91784322       1.3100731         13.610268           12.284752      0.65507548     -0.33296098       5.6245903        5.6245903       27.810196              27.810196
              1       20.081937      0.91784322       1.4231801         13.608307           12.270873      0.63430375     -0.34750451       5.6245903        5.6245903       28.914694              28.914694
              4       17.346963      0.91784322       1.4435132         13.595012           12.245113      0.60035637      -0.2828324       5.6245903        5.6245903       23.444745              23.444745
              4        17.88825      0.92855653       1.4438183          13.59678           12.244764      0.59249119     -0.27857716       5.6245903        5.6245903       24.527319              24.527319
              3       18.731812      0.92855653        1.476492          13.60024           12.252399      0.60089067     -0.26662003       5.6245903        5.6245903       26.214443              26.214443
              1       18.633442      0.92855653        1.499115         13.568137           12.226998      0.60451835     -0.28927903       5.6245903        5.6245903       26.017704              26.017704
              2       18.650475      0.92855653       1.4989168         13.569157           12.227729      0.60633466     -0.29147078       5.6245903        5.6245903       26.051769              26.051769
              1       20.227033      0.94469028       1.4993763          13.57182           12.227203      0.59449006     -0.28506259       5.6245903        5.6245903       29.204885              29.204885
              4       22.679975      0.94469028       1.4632989         13.561091           12.232425      0.59214348     -0.28233408       5.6245903        5.6245903        34.11077               34.11077
              1       22.982471      0.94469028       1.4689134         13.560289           12.232318      0.59038816     -0.27810315       5.6245903        5.6245903       34.715761              34.715761
              3       18.828461      0.94469028       1.4578792         13.575897           12.224744      0.56600556     -0.24399293       5.6245903        5.6245903       26.407741              26.407741
              1        19.52028      0.94469028       1.4794902          13.58364           12.229024      0.57517229     -0.24431349       5.6245903        5.6245903        27.79138               27.79138
              1       21.861881      0.94469028       1.4860159          13.54046           12.199077      0.58710049     -0.24181353       5.6245903        5.6245903       32.474582              32.474582
              1       18.463108       0.9068106       1.4849371         13.534208           12.200312      0.61490988     -0.25685902       5.6245903        5.6245903       25.677035              25.677035
              2       17.461407       0.9068106       1.4930113         13.567862           12.213446      0.57737038     -0.22456223       5.6245903        5.6245903       23.673633              23.673633
              1        17.18518       0.9068106       1.4944227         13.556792           12.203466      0.57037473     -0.22560142       5.6245903        5.6245903       23.121179              23.121179
              1        17.14949       0.9068106       1.4927944          13.55671           12.203856      0.57032146     -0.22539181       5.6245903        5.6245903         23.0498                23.0498
              5       17.577347      0.93277976       1.4935341         13.560996            12.20301      0.55125619     -0.21507708       5.6245903        5.6245903       23.905514              23.905514
              1       17.375617      0.93277976       1.5142826         13.591781           12.219877      0.55125618     -0.23293118       5.6245903        5.6245903       23.502053              23.502053
              2       17.229737      0.93277976       1.5714666         13.588952           12.211082      0.52566749     -0.19233607       5.6245903        5.6245903       23.210294              23.210294
              1       17.352841      0.90072701       1.5705537         13.583661           12.212126      0.54919904     -0.20506715       5.6245903        5.6245903       23.456501              23.456501
              1       18.190019      0.90072701       1.5212224         13.627485           12.243517      0.52137063     -0.13092911       5.6245903        5.6245903       25.130857              25.130857
              5       17.431342      0.90072701       1.5159209         13.643576            12.27978      0.56454469     -0.13100243       5.6245903        5.6245903       23.613503              23.613503
              4       20.213531      0.90072701       1.5280241         13.704564           12.351767      0.62382077     -0.17903114       5.6245903        5.6245903       29.177881              29.177881
              2       18.211751      0.90072701       1.5435754         13.694026           12.325973      0.62959523     -0.25719683       5.6245903        5.6245903       25.174322              25.174322
              1        17.87765      0.88613458       1.5431598         13.691618           12.326448      0.64030827     -0.26299282       5.6245903        5.6245903       24.506119              24.506119
              1        17.76663      0.88613458       1.5607551           13.6668           12.313524       0.6552501     -0.25772411       5.6245903        5.6245903       24.284079              24.284079
              1       17.340727      0.88613458       1.5692273         13.656356           12.298311      0.61980244     -0.19332481       5.6245903        5.6245903       23.432273              23.432273
              1       17.331315      0.88613458       1.5710308         13.656767           12.297139      0.61934253     -0.19465301       5.6245903        5.6245903        23.41345               23.41345
              3       17.620306      0.88613458       1.5919202         13.677834           12.312937      0.62410453     -0.18563057       5.6245903        5.6245903       23.991432              23.991432
              1       17.933461      0.88613458       1.6185701         13.692079           12.320013      0.62780882     -0.18211173       5.6245903        5.6245903       24.617741              24.617741
              3       19.294832      0.88613458        1.624174         13.671638           12.300668      0.62726468     -0.16776285       5.6245903        5.6245903       27.340484              27.340484
              5       18.556888      0.88613458       1.6110009         13.678173           12.279721      0.55062206      -0.1683895       5.6245903        5.6245903       25.864596              25.864596
              1       17.960473      0.92021739       1.6119716         13.683799            12.27861      0.52560015      -0.1548521       5.6245903        5.6245903       24.671766              24.671766
              2       18.851202      0.87832276       1.6107784         13.676883           12.279975      0.55635711     -0.17149228       5.6245903        5.6245903       26.453224              26.453224
              3       18.101402      0.87832276       1.7681573         13.604966           12.235196      0.57540748    -0.087183708       5.6245903        5.6245903       24.953623              24.953623
              3       17.688725      0.87832276       1.7867093         13.595341           12.218202      0.55203356     -0.10268025       5.6245903        5.6245903       24.128269              24.128269
              3       18.028703      0.87832276        1.769515         13.625955           12.252366      0.55476509     -0.11198402       5.6245903        5.6245903       24.808226              24.808226
              1       21.732738      0.87832276       1.8196438         13.600022           12.229752      0.53408827     -0.13572573       5.6245903        5.6245903       32.216295              32.216295
              1       18.684465      0.87832276       1.8592856         13.576834           12.206584      0.53418715     -0.10243327       5.6245903        5.6245903       26.119749              26.119749
              3       17.917697      0.87832276       1.8217634          13.56526           12.204744      0.53853636    -0.085980496       5.6245903        5.6245903       24.586213              24.586213
              1       21.659717      0.87832276       1.8326942         13.521891           12.190473      0.53703431     -0.07267467       5.6245903        5.6245903       32.070253              32.070253
              1       20.973098      0.87832276       1.8393226         13.482502           12.188998      0.63956248     -0.13011687       5.6245903        5.6245903       30.697015              30.697015
              4       20.972295      0.87832276        1.839326         13.482495            12.18899      0.63955041     -0.13012482       5.6245903        5.6245903       30.695409              30.695409
              2       20.972304      0.87832276       1.8214317         13.436102           12.144756      0.62687766     -0.10027804       5.6245903        5.6245903       30.695428              30.695428
              2       20.374686      0.87832276       1.8365899         13.436388           12.150275      0.62233898     -0.10164367       5.6245903        5.6245903       29.500191              29.500191
              1       18.407856      0.87832276       1.8570978         13.409651           12.117749      0.59171666    -0.085485314       5.6245903        5.6245903       25.566532              25.566532
              1       17.375904      0.87832276       1.9097775         13.445173           12.127135      0.58601594    -0.097980451       5.6245903        5.6245903       23.502627              23.502627
              2       16.867067      0.87832276       1.9007031         13.431485           12.111813      0.59290151     -0.15266515       5.6245903        5.6245903       22.484953              22.484953
              2       16.898043        0.879302        1.900731         13.431646           12.111781      0.59218259      -0.1522762       5.6245903        5.6245903       22.546906              22.546906
              3       18.159141        0.879302       1.8519887         13.319134           12.033294      0.58453367     -0.11289326       5.6245903        5.6245903       25.069102              25.069102
              1       17.699328        0.879302       1.7984557         13.327393           12.037478      0.58915747     -0.15041499       5.6245903        5.6245903       24.149476              24.149476
              1       17.357367        0.879302       1.8059805         13.329487           12.037526      0.58611793     -0.15377643       5.6245903        5.6245903       23.465553              23.465553
              2       17.620795        0.879302        1.780815          13.42786           12.097128      0.56879261     -0.15438747       5.6245903        5.6245903        23.99241               23.99241
              3       16.503664        0.879302       1.7269465         13.425311           12.111635      0.57631334     -0.18833887       5.6245903        5.6245903       21.758147              21.758147
              2       16.486397      0.87455238       1.7268112         13.424527           12.111789      0.57980028     -0.19022538       5.6245903        5.6245903       21.723614              21.723614
              2       16.390447      0.87455238       1.7249929         13.401201           12.097351      0.58779524     -0.19277323       5.6245903        5.6245903       21.531713              21.531713
              1       17.237308      0.87455238       1.7564418         13.420528           12.096986        0.608778     -0.24307978       5.6245903        5.6245903       23.225436              23.225436
              1        17.24638      0.87455238       1.7557473          13.42065           12.097173      0.60903267      -0.2431358       5.6245903        5.6245903       23.243579              23.243579
              1       17.023739      0.87455238       1.7884453          13.45403           12.122205      0.57610756      -0.2217691       5.6245903        5.6245903       22.798297              22.798297
              1       18.689279      0.87455238       1.8958899         13.448073           12.094549      0.56742733     -0.17344751       5.6245903        5.6245903       26.129378              26.129378
              1       16.758202      0.87455238        1.988661         13.423323           12.083571      0.61396744     -0.26637964       5.6245903        5.6245903       22.267224              22.267224
              1       16.806609      0.87455238        1.988674         13.414169           12.090978      0.63186599     -0.24743111       5.6245903        5.6245903       22.364038              22.364038
              1       16.963844      0.83980462       1.9876844         13.408433           12.092111      0.65737607     -0.26123262       5.6245903        5.6245903       22.678507              22.678507
              1       17.601002      0.83980462       1.9871642         13.474624           12.136217      0.67616955     -0.27836056       5.6245903        5.6245903       23.952823              23.952823
              1       17.430666      0.83980462       1.9510601         13.478432             12.1405      0.67176133     -0.28822882       5.6245903        5.6245903       23.612152              23.612152
              1       17.365079      0.83980462       1.9512101         13.479028           12.141538      0.67252845     -0.28870512       5.6245903        5.6245903       23.480977              23.480977
              1       18.235723      0.90242127       1.9529936         13.489364           12.139498      0.62655841     -0.26383432       5.6245903        5.6245903       25.222266              25.222266
              3       19.568134      0.90242127        1.999454         13.472095            12.11538      0.57806884      -0.2957247       5.6245903        5.6245903       27.887088              27.887088
              3        18.31224      0.90242127         1.99376         13.454155           12.103459      0.57746392     -0.27333686       5.6245903        5.6245903       25.375299              25.375299
              2       18.886525      0.90242127        1.980415         13.448731           12.108479      0.59023925     -0.27464846       5.6245903        5.6245903       26.523869              26.523869
              4       18.648611       0.8978939        1.980286         13.447983           12.108626      0.59356303     -0.27644669       5.6245903        5.6245903       26.048041              26.048041
              5       17.484185       0.8978939       1.9309962         13.445683           12.076184       0.5915044     -0.32712383       5.6245903        5.6245903       23.719189              23.719189
              1       17.240097       0.9049308       1.9311966         13.446845           12.075954      0.58633825     -0.32432884       5.6245903        5.6245903       23.231013              23.231013
              1       17.468586       0.9049308        1.931767         13.479942           12.100762      0.58147804     -0.30274778       5.6245903        5.6245903       23.687992              23.687992
              2       16.806365       0.9049308       1.9117511         13.455095           12.090044      0.56125059     -0.26432079       5.6245903        5.6245903        22.36355               22.36355
              5       16.787794       0.9064359        1.911794         13.455343           12.089995      0.56014562     -0.26372298       5.6245903        5.6245903       22.326407              22.326407
              3       16.729476       0.9064359       1.9102269         13.451215           12.088706      0.56125904      -0.2579584       5.6245903        5.6245903       22.209771              22.209771
              1       16.794663      0.90109418       1.9100748         13.450333            12.08888      0.56518066     -0.26008009       5.6245903        5.6245903       22.340145              22.340145
              1       17.009778      0.90109418       1.9205238          13.43627           12.082278      0.56856437     -0.22599746       5.6245903        5.6245903       22.770376              22.770376
              1       16.927799      0.90109418       1.9289649         13.426214           12.073948      0.56786098     -0.22937095       5.6245903        5.6245903       22.606418              22.606418
