#        weight    minuslogpost          sigma8        ygk_Ahmc ygk_LOWZ__0_lM1_0 ygk_LOWZ__0_lMmin_0   ygk_mass_bias       ygk_rhogy   minuslogprior minuslogprior__0            chi2 chi2__ygk_like.ygkLike
              1       17.521456      0.87172755       1.4745806         13.453503           12.162046      0.59315454     -0.23891957       4.7409248        4.7409248       25.561063              25.561063
              1       16.605087      0.87172755       1.4756602         13.450671           12.157422      0.59589824     -0.23932707       4.7409248        4.7409248       23.728324              23.728324
              1       16.023191      0.87172755        1.467858         13.451883           12.152295      0.59115179     -0.24221353       4.7409248        4.7409248       22.564533              22.564533
              1        16.38762      0.87172755       1.4644991         13.447988           12.153581      0.59133921     -0.23736257       4.7409248        4.7409248        23.29339               23.29339
              1       15.508309      0.87172755       1.4586968         13.455799           12.153498      0.60182433     -0.23549148       4.7409248        4.7409248       21.534769              21.534769
              2       15.474379      0.87172755       1.4579107         13.454584           12.154707      0.60263838     -0.23736361       4.7409248        4.7409248       21.466908              21.466908
              2       15.492011      0.87172755       1.4450101         13.459039           12.157873      0.60268772     -0.23795378       4.7409248        4.7409248       21.502173              21.502173
              2       15.551792      0.87172755       1.4440431         13.457095           12.157052      0.59788739     -0.23630034       4.7409248        4.7409248       21.621735              21.621735
              1       15.516562      0.88510307       1.4440431         13.457095           12.157052      0.59788739     -0.23630034       4.7409248        4.7409248       21.551275              21.551275
              1       15.959073      0.88510307        1.467744         13.461416           12.155957      0.61023404     -0.23523308       4.7409248        4.7409248       22.436297              22.436297
              2       15.764308      0.87163179        1.467744         13.461416           12.155957      0.61023404     -0.23523308       4.7409248        4.7409248       22.046766              22.046766
              2       16.022858      0.87163179       1.4683218         13.463411           12.154041      0.60860153     -0.23922401       4.7409248        4.7409248       22.563866              22.563866
              1       15.483413      0.87163179       1.4738075         13.438259           12.139437      0.60589517     -0.24289121       4.7409248        4.7409248       21.484976              21.484976
              1       15.554198      0.87163179       1.4720315         13.439951            12.14456      0.60354418     -0.24706613       4.7409248        4.7409248       21.626546              21.626546
              1       15.584053      0.86975101       1.4720315         13.439951            12.14456      0.60354418     -0.24706613       4.7409248        4.7409248       21.686256              21.686256
              1       15.562903      0.86975101       1.4699528         13.442462           12.149103      0.60624757     -0.24111161       4.7409248        4.7409248       21.643956              21.643956
              1       15.703342      0.86975101       1.4660456         13.439799           12.148587      0.60439331     -0.24011732       4.7409248        4.7409248       21.924835              21.924835
              1       15.609889      0.86975101       1.4661164         13.441543           12.147781      0.60239892     -0.23930735       4.7409248        4.7409248       21.737929              21.737929
              1       15.771597      0.86975101       1.4603371         13.446509           12.143717      0.60693134     -0.24237652       4.7409248        4.7409248       22.061345              22.061345
              1       16.558716      0.86975101       1.4596179         13.443316           12.153434      0.60277829     -0.25482534       4.7409248        4.7409248       23.635583              23.635583
              2        16.06365      0.86975101       1.4549307         13.456237           12.146274      0.58622331     -0.25793534       4.7409248        4.7409248       22.645451              22.645451
              2       16.277837      0.86975101       1.4669074         13.453278           12.143865      0.58161675     -0.25821179       4.7409248        4.7409248       23.073824              23.073824
              1       16.303359      0.86975101       1.4675018         13.454462           12.145278      0.58161741     -0.25744699       4.7409248        4.7409248       23.124869              23.124869
              3       15.922024      0.87979009       1.4675018         13.454462           12.145278      0.58161741     -0.25744699       4.7409248        4.7409248       22.362199              22.362199
              1       15.899564      0.87979009       1.4681194         13.455685           12.145916      0.58199613     -0.25775377       4.7409248        4.7409248       22.317279              22.317279
              1       15.885815      0.87979009       1.4681599          13.45593           12.145714      0.58166533     -0.25752422       4.7409248        4.7409248        22.28978               22.28978
              1       16.527621      0.87979009       1.4665743           13.4544           12.155798      0.58600994     -0.24049455       4.7409248        4.7409248       23.573393              23.573393
              1        16.93895      0.87979009        1.470397         13.470256           12.159829      0.56685937     -0.23429111       4.7409248        4.7409248       24.396051              24.396051
              2        16.77298       0.8914365        1.470397         13.470256           12.159829      0.56685937     -0.23429111       4.7409248        4.7409248        24.06411               24.06411
              4       16.591536       0.8914365       1.4757411         13.471941           12.155823      0.56449076     -0.24660079       4.7409248        4.7409248       23.701222              23.701222
              2       17.074239       0.8914365       1.4892269         13.472707           12.162449      0.57957737     -0.25872388       4.7409248        4.7409248       24.666628              24.666628
              1       17.694688       0.8914365       1.4821307         13.467297           12.165355      0.58708727      -0.2560254       4.7409248        4.7409248       25.907526              25.907526
              1       16.253371       0.8914365        1.481519         13.471469           12.163716      0.58952827     -0.25430032       4.7409248        4.7409248       23.024892              23.024892
              1       16.298343      0.87841969        1.481519         13.471469           12.163716      0.58952827     -0.25430032       4.7409248        4.7409248       23.114836              23.114836
              1       15.728576      0.87841969       1.4712388         13.475444           12.157781       0.5848974     -0.24381962       4.7409248        4.7409248       21.975303              21.975303
              1       16.002139      0.87841969       1.4594897         13.481248           12.159497      0.57997286     -0.25874956       4.7409248        4.7409248       22.522429              22.522429
              2       15.783291      0.87841969       1.4504401         13.479309           12.161746       0.5974584     -0.25789067       4.7409248        4.7409248       22.084732              22.084732
              1       15.700131      0.89405982       1.4504401         13.479309           12.161746       0.5974584     -0.25789067       4.7409248        4.7409248       21.918412              21.918412
              1       15.538278      0.89405982       1.4484582         13.471212           12.158084      0.59608239     -0.25944548       4.7409248        4.7409248       21.594707              21.594707
              1       16.652745      0.91486971       1.4484582         13.471212           12.158084      0.59608239     -0.25944548       4.7409248        4.7409248       23.823641              23.823641
              1        17.01549      0.91486971       1.4448709         13.476625           12.159809      0.59987415     -0.26098917       4.7409248        4.7409248        24.54913               24.54913
              1       18.015984      0.91486971       1.4417534         13.468965           12.155117      0.60904731     -0.26331646       4.7409248        4.7409248       26.550118              26.550118
              1       17.943596      0.91486971       1.4383801         13.467607             12.1569      0.60882953     -0.25878161       4.7409248        4.7409248       26.405342              26.405342
              2       17.849945      0.91486971       1.4362859         13.467609           12.155415      0.60709142     -0.25983804       4.7409248        4.7409248        26.21804               26.21804
              2       16.948976      0.91486971       1.4312312         13.466912           12.155084      0.59967898     -0.26122359       4.7409248        4.7409248       24.416102              24.416102
              2       16.545669      0.91486971       1.4382394         13.464006           12.152509      0.59608048     -0.26546368       4.7409248        4.7409248       23.609489              23.609489
              1       16.739019      0.91486971       1.4405439         13.467023           12.150056      0.59328767     -0.25986246       4.7409248        4.7409248       23.996188              23.996188
              3       17.238813      0.92001973       1.4405439         13.467023           12.150056      0.59328767     -0.25986246       4.7409248        4.7409248       24.995776              24.995776
              1       16.731054      0.91477675       1.4405439         13.467023           12.150056      0.59328767     -0.25986246       4.7409248        4.7409248       23.980258              23.980258
              1       16.329926      0.91477675       1.4299032         13.473768           12.161351      0.59085179     -0.26754805       4.7409248        4.7409248       23.178003              23.178003
              2       16.247206      0.91477675       1.4322048          13.47696              12.162       0.5907788     -0.26695574       4.7409248        4.7409248       23.012562              23.012562
              1       16.832007      0.91477675       1.4148522         13.474052           12.167477      0.59467779      -0.2717705       4.7409248        4.7409248       24.182164              24.182164
              1       17.184394      0.91477675       1.4151227         13.471294            12.16728      0.59384136      -0.2719812       4.7409248        4.7409248       24.886939              24.886939
              1       16.949927      0.91477675       1.4161399         13.468173           12.162047      0.60530424     -0.27043225       4.7409248        4.7409248       24.418004              24.418004
              2       16.734813      0.91477675       1.4198933         13.469141           12.161559      0.60682707     -0.28386617       4.7409248        4.7409248       23.987777              23.987777
              1       15.706063      0.89903983       1.4198933         13.469141           12.161559      0.60682707     -0.28386617       4.7409248        4.7409248       21.930277              21.930277
              1       15.849654      0.89903983       1.4208135         13.463526           12.160147      0.60678521     -0.27914744       4.7409248        4.7409248       22.217459              22.217459
              1        16.91886      0.89903983       1.4042474         13.454344           12.160467       0.6057067     -0.28675656       4.7409248        4.7409248       24.355871              24.355871
              1       16.048984      0.89903983       1.4011871         13.458891           12.144142      0.60148194     -0.28566955       4.7409248        4.7409248       22.616118              22.616118
              2       15.990112      0.89203904       1.4011871         13.458891           12.144142      0.60148194     -0.28566955       4.7409248        4.7409248       22.498375              22.498375
              2       15.561776      0.89203904       1.3997565         13.460258           12.146982      0.59370754     -0.28298352       4.7409248        4.7409248       21.641703              21.641703
              1       15.689886      0.90510998       1.3997565         13.460258           12.146982      0.59370754     -0.28298352       4.7409248        4.7409248       21.897923              21.897923
              1       15.599684      0.90510998       1.3971747         13.463564           12.148338      0.58847111     -0.28118932       4.7409248        4.7409248       21.717519              21.717519
              1        15.56346      0.90510998       1.4000434         13.465527           12.149758      0.58530356     -0.29099565       4.7409248        4.7409248       21.645071              21.645071
              1       15.664753      0.90510998       1.3993775         13.466266           12.152635      0.58680425     -0.29111083       4.7409248        4.7409248       21.847657              21.847657
              2       15.552854      0.90510998       1.3863459         13.463293           12.149229      0.58859385     -0.29658923       4.7409248        4.7409248       21.623859              21.623859
              2       15.561508      0.90510998       1.3866752         13.463393           12.149513      0.58853448     -0.29650175       4.7409248        4.7409248       21.641166              21.641166
              1       15.597038      0.90510998       1.3903832         13.460402           12.145424      0.58273732     -0.29770078       4.7409248        4.7409248       21.712226              21.712226
              2       16.026795      0.90510998       1.3968849         13.468545           12.140394      0.58897074     -0.31088796       4.7409248        4.7409248        22.57174               22.57174
              2       15.798937      0.90510998       1.3953708         13.469294           12.151605      0.58679002     -0.31556674       4.7409248        4.7409248       22.116024              22.116024
              1        16.10458      0.90510998       1.3948418         13.484006           12.149693      0.58786012     -0.31811889       4.7409248        4.7409248       22.727311              22.727311
              2       15.887507      0.90510998       1.3953203         13.487563           12.151814      0.57281486     -0.30560898       4.7409248        4.7409248       22.293164              22.293164
              1       15.715332      0.91719586       1.3953203         13.487563           12.151814      0.57281486     -0.30560898       4.7409248        4.7409248       21.948814              21.948814
              1       16.083139      0.91719586       1.3965697         13.489713           12.150037       0.5753471     -0.30702036       4.7409248        4.7409248       22.684428              22.684428
              3       15.925713      0.91719586       1.3921938          13.50524           12.166236      0.57865517       -0.301706       4.7409248        4.7409248       22.369576              22.369576
              1       16.032758      0.92279233       1.3921938          13.50524           12.166236      0.57865517       -0.301706       4.7409248        4.7409248       22.583667              22.583667
              1       16.033416      0.92279233       1.3919918         13.505205           12.166235      0.57872455     -0.30181197       4.7409248        4.7409248       22.584982              22.584982
              2       16.076839      0.92279233       1.3950422         13.507832           12.164223      0.57408933     -0.30345989       4.7409248        4.7409248       22.671829              22.671829
              1       15.736185      0.92279233       1.3963314         13.499023           12.162073      0.57280882     -0.30889007       4.7409248        4.7409248       21.990521              21.990521
              1       15.688527      0.91860897       1.3963314         13.499023           12.162073      0.57280882     -0.30889007       4.7409248        4.7409248       21.895204              21.895204
              1       15.783753      0.91860897       1.3947751         13.501839           12.161297      0.57559678     -0.31417692       4.7409248        4.7409248       22.085656              22.085656
              1       16.179763      0.91860897       1.3905075         13.501753           12.168729      0.57043806      -0.3167772       4.7409248        4.7409248       22.877676              22.877676
              1       16.319996      0.90257574       1.3905075         13.501753           12.168729      0.57043806      -0.3167772       4.7409248        4.7409248       23.158142              23.158142
              1       15.764058      0.90257574       1.3956319         13.502362            12.16846      0.58810157     -0.31238962       4.7409248        4.7409248       22.046266              22.046266
              2       16.329829      0.90257574        1.398648         13.497652           12.158815      0.58801839     -0.31551365       4.7409248        4.7409248       23.177809              23.177809
              1       15.700772      0.90257574       1.3959127         13.495368           12.163861      0.59266924     -0.33041647       4.7409248        4.7409248       21.919694              21.919694
              1        15.95829      0.90257574        1.390012         13.485669           12.165599      0.59386506      -0.3268857       4.7409248        4.7409248        22.43473               22.43473
              1       16.497293      0.90257574       1.3878573         13.478544           12.164097      0.59235091     -0.32499932       4.7409248        4.7409248       23.512736              23.512736
              1       15.588022      0.90257574       1.3823415         13.479058           12.156988      0.59741466     -0.33095166       4.7409248        4.7409248       21.694194              21.694194
              1       16.253353      0.88085474       1.3823415         13.479058           12.156988      0.59741466     -0.33095166       4.7409248        4.7409248       23.024857              23.024857
              1       16.203528      0.88085474       1.3832816         13.478857           12.156473      0.60112666     -0.32806702       4.7409248        4.7409248       22.925207              22.925207
              1       16.115487      0.88085474       1.3721425         13.479386           12.167162      0.60485749     -0.32729152       4.7409248        4.7409248       22.749125              22.749125
              1       17.217722      0.88085474       1.3627816         13.489023           12.158828      0.59679844     -0.31468747       4.7409248        4.7409248       24.953595              24.953595
              2       17.100223       0.8826916       1.3627816         13.489023           12.158828      0.59679844     -0.31468747       4.7409248        4.7409248       24.718596              24.718596
              1       17.226212       0.8826916       1.3636011         13.487584           12.156919      0.59744828     -0.31718124       4.7409248        4.7409248       24.970574              24.970574
              2       17.081029       0.8826916       1.3663759         13.494344           12.160751      0.59326851     -0.32419224       4.7409248        4.7409248       24.680209              24.680209
              1       17.715447       0.8826916       1.3602102         13.496855           12.160415      0.59678911     -0.32649299       4.7409248        4.7409248       25.949044              25.949044
              1       18.535757      0.87282418       1.3602102         13.496855           12.160415      0.59678911     -0.32649299       4.7409248        4.7409248       27.589664              27.589664
              4       20.385742      0.87282418       1.3545018         13.490658           12.155258        0.607765     -0.31130868       4.7409248        4.7409248       31.289635              31.289635
              1       20.474631      0.87282418       1.3548364         13.491181           12.155493      0.60811289     -0.31114071       4.7409248        4.7409248       31.467413              31.467413
              1       17.489195      0.87282418       1.3514881          13.48657           12.159597      0.59768652      -0.3171098       4.7409248        4.7409248       25.496541              25.496541
              1       17.646596      0.87282418       1.3519635         13.486902           12.158885      0.59751039     -0.31781508       4.7409248        4.7409248       25.811343              25.811343
              1       17.322201      0.87282418       1.3556225         13.487352           12.160575      0.59603288     -0.31647269       4.7409248        4.7409248       25.162552              25.162552
              2       17.051656      0.87282418       1.3574287         13.481243           12.157736      0.59640393     -0.31536487       4.7409248        4.7409248       24.621462              24.621462
              1       17.126868      0.87185007       1.3574287         13.481243           12.157736      0.59640393     -0.31536487       4.7409248        4.7409248       24.771886              24.771886
              1       17.098598      0.87185007       1.3655198          13.47679           12.154175       0.5968993      -0.3120349       4.7409248        4.7409248       24.715346              24.715346
              2       16.983552      0.87185007       1.3668976         13.483986           12.160507      0.59051734     -0.29803836       4.7409248        4.7409248       24.485254              24.485254
              1       16.792658      0.87185007       1.3649562         13.482114           12.161167      0.59393363     -0.29562593       4.7409248        4.7409248       24.103466              24.103466
              1       16.738479      0.87185007       1.3673293         13.477377           12.170059      0.59266307     -0.29802632       4.7409248        4.7409248       23.995108              23.995108
              1       16.652635      0.87185007       1.3680388         13.478292           12.170433      0.59367161     -0.29827619       4.7409248        4.7409248       23.823421              23.823421
              1       16.555906      0.87185007       1.3689499         13.478475           12.169594      0.59386226     -0.29838524       4.7409248        4.7409248       23.629962              23.629962
              4       16.611253      0.87185007       1.3668239         13.477825           12.167569      0.59291458     -0.30330707       4.7409248        4.7409248       23.740656              23.740656
              2       17.012672      0.87185007        1.369768         13.474619           12.172898      0.60257147     -0.30820788       4.7409248        4.7409248       24.543495              24.543495
              2       16.281917      0.87185007       1.3700922         13.466365           12.160825      0.60175261     -0.30935194       4.7409248        4.7409248       23.081984              23.081984
              1       16.440887      0.86844417       1.3700922         13.466365           12.160825      0.60175261     -0.30935194       4.7409248        4.7409248       23.399925              23.399925
              2       17.059334      0.86844417       1.3638434         13.464254            12.16297      0.60183673     -0.31858699       4.7409248        4.7409248       24.636818              24.636818
              1       16.974168      0.86844417       1.3603371         13.462166           12.162342      0.60295329     -0.31731698       4.7409248        4.7409248       24.466486              24.466486
              1       16.074539      0.86844417        1.363078         13.465664           12.159854      0.61171091     -0.31292742       4.7409248        4.7409248       22.667228              22.667228
              1       16.790333      0.86844417       1.3642502         13.462929           12.169044      0.61473944     -0.31231208       4.7409248        4.7409248       24.098817              24.098817
              1       16.572026      0.86844417       1.3628088         13.461303           12.167141      0.62254289     -0.32676468       4.7409248        4.7409248       23.662203              23.662203
              1       17.033419      0.85612234       1.3628088         13.461303           12.167141      0.62254289     -0.32676468       4.7409248        4.7409248       24.584988              24.584988
              1        16.89973      0.85612234       1.3597217         13.465664           12.168881       0.6224843     -0.32720809       4.7409248        4.7409248       24.317611              24.317611
              1       16.219105      0.87532851       1.3597217         13.465664           12.168881       0.6224843     -0.32720809       4.7409248        4.7409248       22.956361              22.956361
              1       16.005741      0.87532851       1.3596129         13.460757           12.165618      0.61954613     -0.31481887       4.7409248        4.7409248       22.529633              22.529633
              2       16.042668      0.87532851       1.3566061          13.45984           12.166093       0.6206836     -0.31481401       4.7409248        4.7409248       22.603486              22.603486
              2        15.54397      0.87532851       1.3575569         13.465805           12.168638      0.62692802     -0.31029162       4.7409248        4.7409248        21.60609               21.60609
              2       15.593128      0.87532851       1.3564101         13.467683           12.164826      0.62574511     -0.31240349       4.7409248        4.7409248       21.704407              21.704407
              1       15.579213      0.87532851       1.3547706         13.465476           12.163555      0.62446687     -0.31046394       4.7409248        4.7409248       21.676577              21.676577
              1       15.548093      0.87532851       1.3508247         13.465645           12.164951      0.62610902     -0.31161096       4.7409248        4.7409248       21.614336              21.614336
              1       15.757192      0.87532851       1.3506502         13.464278           12.167427      0.62158851      -0.3146698       4.7409248        4.7409248       22.032534              22.032534
              1       15.986385      0.87532851        1.353278         13.455257           12.164207      0.62693561     -0.32129747       4.7409248        4.7409248        22.49092               22.49092
              2       16.192603      0.87532851       1.3465935         13.451926           12.164855      0.62645559      -0.3158037       4.7409248        4.7409248       22.903357              22.903357
              1       19.083643      0.87532851       1.3467939         13.445313           12.168318      0.62330093      -0.3202529       4.7409248        4.7409248       28.685436              28.685436
              1       18.920138      0.87532851       1.3459916         13.449531            12.16604      0.61083575     -0.31949284       4.7409248        4.7409248       28.358426              28.358426
              1       19.046582      0.88329158       1.3459916         13.449531            12.16604      0.61083575     -0.31949284       4.7409248        4.7409248       28.611314              28.611314
              2       18.763713      0.88329158       1.3522328          13.44465           12.161923      0.60984238     -0.31445841       4.7409248        4.7409248       28.045576              28.045576
              4       18.702116      0.88032099       1.3522328          13.44465           12.161923      0.60984238     -0.31445841       4.7409248        4.7409248       27.922383              27.922383
              1       18.847677      0.88032099       1.3524165         13.444902           12.162406      0.60969326     -0.31450677       4.7409248        4.7409248       28.213505              28.213505
              2       16.483737      0.88032099       1.3502427          13.44187           12.148978      0.60421674     -0.31701388       4.7409248        4.7409248       23.485624              23.485624
              5       16.459645      0.88471153       1.3502427          13.44187           12.148978      0.60421674     -0.31701388       4.7409248        4.7409248       23.437441              23.437441
              2       16.484004      0.88471153       1.3499302         13.443579           12.149865      0.60326768     -0.31714913       4.7409248        4.7409248       23.486158              23.486158
              1       16.020615      0.88471153       1.3535454         13.447026           12.135815       0.5922176       -0.296558       4.7409248        4.7409248        22.55938               22.55938
              1       16.430724      0.88471153         1.36625         13.442763           12.147249      0.59029445      -0.2913046       4.7409248        4.7409248       23.379599              23.379599
              2       16.083976      0.88471153        1.355842         13.444221            12.15522      0.60190941     -0.27804883       4.7409248        4.7409248       22.686103              22.686103
              1       15.589448      0.88471153       1.3700554         13.440795           12.142855      0.60672375     -0.27045856       4.7409248        4.7409248       21.697047              21.697047
              2       15.448632      0.88471153       1.3579249         13.424943           12.137999       0.6033787     -0.26068813       4.7409248        4.7409248       21.415414              21.415414
              1       15.927441      0.88471153       1.3615456         13.422265           12.138116      0.59517973     -0.26328495       4.7409248        4.7409248       22.373032              22.373032
              1       16.059526        0.868022       1.3615456         13.422265           12.138116      0.59517973     -0.26328495       4.7409248        4.7409248       22.637202              22.637202
              1       16.107992        0.868022       1.3621144         13.421935           12.137885      0.59407173     -0.26226431       4.7409248        4.7409248       22.734134              22.734134
              1       16.112467        0.868022       1.3619571         13.421854           12.137873        0.594043     -0.26223689       4.7409248        4.7409248       22.743084              22.743084
              2       16.221639       0.8644292       1.3619571         13.421854           12.137873        0.594043     -0.26223689       4.7409248        4.7409248       22.961429              22.961429
              1       15.802377       0.8644292       1.3646216         13.415942           12.133624      0.60048317     -0.25960575       4.7409248        4.7409248       22.122905              22.122905
              1       15.936895       0.8644292       1.3641539         13.417569           12.127325      0.59895476     -0.26190585       4.7409248        4.7409248        22.39194               22.39194
              1       16.030019       0.8644292       1.3690834         13.409255           12.119626      0.59116099     -0.26371118       4.7409248        4.7409248       22.578189              22.578189
              1       16.028912       0.8644292        1.369041         13.409227           12.119639      0.59114818     -0.26369714       4.7409248        4.7409248       22.575974              22.575974
              2       15.936768       0.8644292       1.3698869         13.407246           12.120608      0.59298122     -0.26431101       4.7409248        4.7409248       22.391686              22.391686
              1       16.045426       0.8644292       1.3694253         13.407548           12.121951       0.5917638      -0.2674374       4.7409248        4.7409248       22.609003              22.609003
              1       17.504456       0.8644292       1.3751373         13.407474           12.130058      0.58634953     -0.26269607       4.7409248        4.7409248       25.527062              25.527062
              2       16.885672       0.8644292       1.3696155         13.407189           12.128365      0.58753879     -0.26108925       4.7409248        4.7409248       24.289495              24.289495
              2       15.810905       0.8644292       1.3696391         13.415749           12.130721      0.60076854     -0.26679998       4.7409248        4.7409248       22.139961              22.139961
              1       15.749842       0.8644292       1.3706627         13.412329           12.127603      0.60274277     -0.26863559       4.7409248        4.7409248       22.017834              22.017834
              2       15.610484      0.86853948       1.3706627         13.412329           12.127603      0.60274277     -0.26863559       4.7409248        4.7409248       21.739119              21.739119
