#        weight    minuslogpost          sigma8        ygk_Ahmc ygk_LOWZ__0_lM1_0 ygk_LOWZ__0_lMmin_0   ygk_mass_bias       ygk_rhogy   minuslogprior minuslogprior__0            chi2 chi2__ygk_like.ygkLike
              1       15.813447      0.86494628       1.4652823         13.479636           12.170464      0.59121583       -0.197699       4.7409248        4.7409248       22.145045              22.145045
              1       16.178579      0.86494628       1.4459725          13.47595            12.17211      0.57751216     -0.19593946       4.7409248        4.7409248       22.875308              22.875308
              1       16.120764      0.86494628       1.4457379         13.475915           12.165607      0.57619299     -0.20277689       4.7409248        4.7409248       22.759679              22.759679
              1        15.96874      0.86807341       1.4457379         13.475915           12.165607      0.57619299     -0.20277689       4.7409248        4.7409248       22.455631              22.455631
              1       16.149689      0.86807341        1.446092         13.474692           12.168662      0.57602037     -0.20565519       4.7409248        4.7409248       22.817529              22.817529
              1       16.470093      0.86807341       1.4568698         13.489471           12.167931      0.57856643     -0.20493315       4.7409248        4.7409248       23.458336              23.458336
              1        16.44825      0.86807341       1.4600548         13.488581           12.177873      0.57131766     -0.19863825       4.7409248        4.7409248       23.414651              23.414651
              1       16.392054      0.86807341       1.4580811         13.489856            12.17931       0.5725835     -0.19827204       4.7409248        4.7409248       23.302258              23.302258
              1       16.361375      0.86880911       1.4580811         13.489856            12.17931       0.5725835     -0.19827204       4.7409248        4.7409248       23.240901              23.240901
              1       16.463307      0.86880911       1.4523052         13.494493           12.171399      0.56557651     -0.19026813       4.7409248        4.7409248       23.444764              23.444764
              1       16.438823      0.86880911       1.4532357         13.493213           12.170861      0.56804644     -0.18722527       4.7409248        4.7409248       23.395796              23.395796
              1       16.404555      0.86880911       1.4434049         13.479543           12.175858      0.57084902     -0.18705365       4.7409248        4.7409248        23.32726               23.32726
              2       16.237549      0.86880911        1.437666         13.483527           12.175431      0.57150345     -0.19673055       4.7409248        4.7409248       22.993248              22.993248
              1       15.995902      0.87592351        1.437666         13.483527           12.175431      0.57150345     -0.19673055       4.7409248        4.7409248       22.509955              22.509955
              4       16.381776      0.87592351       1.4373465          13.48048            12.17124      0.56308089     -0.19818047       4.7409248        4.7409248       23.281702              23.281702
              2        16.36168      0.87592351       1.4251168         13.478911           12.161639       0.5749399     -0.19453491       4.7409248        4.7409248       23.241511              23.241511
              2       16.616221      0.86971186       1.4251168         13.478911           12.161639       0.5749399     -0.19453491       4.7409248        4.7409248       23.750592              23.750592
              1       16.459045      0.86971186       1.4269774         13.479072           12.162442      0.57425156     -0.19472376       4.7409248        4.7409248        23.43624               23.43624
              1       16.327634      0.86971186       1.4240451          13.48503           12.168021      0.57460749     -0.19612147       4.7409248        4.7409248       23.173419              23.173419
              2       16.783158      0.86971186       1.4243825         13.487591           12.167209      0.57334805     -0.18947525       4.7409248        4.7409248       24.084467              24.084467
              1       16.264603      0.86971186       1.4196635         13.484095           12.169102      0.56206961     -0.18979433       4.7409248        4.7409248       23.047357              23.047357
              1       16.352294      0.86815248       1.4196635         13.484095           12.169102      0.56206961     -0.18979433       4.7409248        4.7409248       23.222739              23.222739
              1        17.27152      0.86815248       1.4157419         13.486425           12.161124      0.54444106     -0.17741498       4.7409248        4.7409248       25.061191              25.061191
              1       17.325781      0.86815248       1.4139503         13.486146           12.160594      0.54503574     -0.17742446       4.7409248        4.7409248       25.169712              25.169712
              3       17.782609      0.86815248       1.4210433         13.475556           12.151893      0.55385446     -0.16623364       4.7409248        4.7409248       26.083368              26.083368
              1       16.458119      0.86815248       1.4201206         13.467763           12.155343      0.55046181     -0.16766723       4.7409248        4.7409248       23.434389              23.434389
              1       16.384674      0.86815248       1.4246829         13.464036           12.152247      0.55507299     -0.16964539       4.7409248        4.7409248       23.287498              23.287498
              3       16.343068      0.86815248       1.4163636         13.459189           12.149847      0.55848864     -0.16798246       4.7409248        4.7409248       23.204287              23.204287
              1       16.118242      0.86815248       1.4173695         13.464242           12.158365      0.57047944     -0.16056346       4.7409248        4.7409248       22.754634              22.754634
              1       17.197269      0.86815248       1.4172729         13.467141           12.154626      0.57102805      -0.1591194       4.7409248        4.7409248       24.912688              24.912688
              2       17.706296      0.85836272       1.4172729         13.467141           12.154626      0.57102805      -0.1591194       4.7409248        4.7409248       25.930743              25.930743
              1       17.715889      0.85836272       1.4173983         13.467843            12.15495      0.57086348     -0.15985537       4.7409248        4.7409248       25.949929              25.949929
              3       17.541531      0.85836272       1.4002173         13.467402           12.155234      0.56468156     -0.16169577       4.7409248        4.7409248       25.601213              25.601213
              1       17.326953      0.86143539       1.4002173         13.467402           12.155234      0.56468156     -0.16169577       4.7409248        4.7409248       25.172056              25.172056
              1       15.959954      0.86143539       1.3977975         13.464222           12.166378      0.57205656     -0.16206947       4.7409248        4.7409248       22.438059              22.438059
              2       16.324674      0.86143539        1.383642         13.471982           12.171707       0.5626662      -0.1628468       4.7409248        4.7409248       23.167498              23.167498
              1        16.38721      0.86143539       1.3788736         13.471957           12.166752      0.56798834     -0.17452158       4.7409248        4.7409248        23.29257               23.29257
              2        16.28554      0.86143539       1.3751184         13.466858           12.164564      0.56798868     -0.17204837       4.7409248        4.7409248        23.08923               23.08923
              3       17.047929      0.86143539       1.3794131         13.473119           12.165334      0.56691383      -0.1417504       4.7409248        4.7409248       24.614009              24.614009
              3       17.136237      0.86143539       1.3820329          13.47473           12.165805      0.56716311     -0.14245787       4.7409248        4.7409248       24.790625              24.790625
              1         16.0976      0.86143539       1.3983816          13.47846           12.174884      0.57054401     -0.14614074       4.7409248        4.7409248        22.71335               22.71335
              1       16.647752      0.86143539       1.3990562         13.480408           12.170948      0.57013334     -0.15125206       4.7409248        4.7409248       23.813654              23.813654
              2       16.629442      0.86143539       1.3991242         13.480295           12.170938      0.56994274     -0.15126302       4.7409248        4.7409248       23.777035              23.777035
              1       15.950656      0.86143539       1.3980368         13.472831            12.17255      0.57413241     -0.15582894       4.7409248        4.7409248       22.419462              22.419462
              2       16.010755      0.86143539       1.4006173         13.471527           12.173433      0.57102337     -0.15902851       4.7409248        4.7409248        22.53966               22.53966
              1       16.013745      0.86143539       1.3976086         13.467578           12.171764      0.57175557     -0.16101754       4.7409248        4.7409248        22.54564               22.54564
              2        15.70789      0.87182029       1.3976086         13.467578           12.171764      0.57175557     -0.16101754       4.7409248        4.7409248        21.93393               21.93393
              2       15.813654      0.87182029       1.4001396         13.467235           12.163986       0.5692602     -0.15855776       4.7409248        4.7409248       22.145458              22.145458
              2       15.679006      0.87182029       1.3989891         13.467295           12.167769      0.56608068     -0.14841091       4.7409248        4.7409248       21.876163              21.876163
              2       15.928958      0.87182029       1.4027769         13.469759           12.164465      0.55490743     -0.15026554       4.7409248        4.7409248       22.376067              22.376067
              2       15.798593      0.87558619       1.4027769         13.469759           12.164465      0.55490743     -0.15026554       4.7409248        4.7409248       22.115337              22.115337
              1       16.155961      0.87558619       1.4162809         13.485151           12.167449      0.55408328     -0.16417911       4.7409248        4.7409248       22.830073              22.830073
              1       16.082758      0.87558619        1.418928         13.484548           12.168626      0.55080576     -0.16183154       4.7409248        4.7409248       22.683666              22.683666
              1       16.034352      0.87558619       1.4145098         13.491608           12.180677      0.55448221     -0.15594166       4.7409248        4.7409248       22.586855              22.586855
              1        16.01692      0.87558619       1.4150285         13.491329           12.180756       0.5551056     -0.15576722       4.7409248        4.7409248       22.551991              22.551991
              3        15.91208      0.87917161       1.4150285         13.491329           12.180756       0.5551056     -0.15576722       4.7409248        4.7409248       22.342311              22.342311
              2       16.127001      0.87917161       1.4089032         13.488124           12.171181      0.54279043      -0.1556296       4.7409248        4.7409248       22.772153              22.772153
              1       16.065132       0.8806615       1.4089032         13.488124           12.171181      0.54279043      -0.1556296       4.7409248        4.7409248       22.648414              22.648414
              1       16.093784       0.8806615       1.4102037         13.485468           12.170759      0.54314694      -0.1570281       4.7409248        4.7409248       22.705719              22.705719
              1       16.095428       0.8806615       1.4101808         13.485476           12.170782      0.54313271     -0.15704387       4.7409248        4.7409248       22.709006              22.709006
              2       16.057377       0.8806615       1.3965798         13.481416            12.16675      0.55736843     -0.15788154       4.7409248        4.7409248       22.632904              22.632904
              3       15.983249      0.88418224       1.3965798         13.481416            12.16675      0.55736843     -0.15788154       4.7409248        4.7409248       22.484649              22.484649
              2        15.72995      0.88418224       1.4024894         13.474012           12.176333       0.5673954     -0.14753947       4.7409248        4.7409248        21.97805               21.97805
              3       16.366266      0.88418224       1.4143909         13.467925           12.171678      0.55459598     -0.14197641       4.7409248        4.7409248       23.250682              23.250682
              1       15.663681      0.88418224       1.4199911         13.476643            12.16865      0.55790511     -0.13933703       4.7409248        4.7409248       21.845512              21.845512
              2       15.679796      0.88757097       1.4199911         13.476643            12.16865      0.55790511     -0.13933703       4.7409248        4.7409248       21.877742              21.877742
              1       16.217533      0.88757097       1.4248457         13.476252           12.161241      0.55665247     -0.14041368       4.7409248        4.7409248       22.953216              22.953216
              4       15.774691      0.88757097       1.4191625         13.469825           12.159104      0.55547081     -0.14762676       4.7409248        4.7409248       22.067533              22.067533
              1       15.859906      0.88757097       1.4200889         13.469409           12.157372      0.55361774     -0.14522041       4.7409248        4.7409248       22.237962              22.237962
              1       15.859529      0.88769927       1.4200889         13.469409           12.157372      0.55361774     -0.14522041       4.7409248        4.7409248       22.237209              22.237209
              1       15.853613      0.88769927        1.420147         13.469427           12.157409      0.55355745     -0.14525977       4.7409248        4.7409248       22.225376              22.225376
              1       15.604387      0.88769927       1.4211958          13.45912           12.152264      0.55268801     -0.15181567       4.7409248        4.7409248       21.726924              21.726924
              1       15.718033      0.88769927       1.4265229         13.455092           12.156347      0.55688354     -0.14839224       4.7409248        4.7409248       21.954216              21.954216
              3       15.846583      0.88769927       1.4281707         13.454884           12.157931      0.55402418     -0.13671242       4.7409248        4.7409248       22.211317              22.211317
              1       15.618942      0.88769927       1.4255533         13.456761           12.155371      0.55454301     -0.13583568       4.7409248        4.7409248       21.756035              21.756035
              2       15.600821      0.88545071       1.4255533         13.456761           12.155371      0.55454301     -0.13583568       4.7409248        4.7409248       21.719792              21.719792
              1        15.78943      0.87178801       1.4255533         13.456761           12.155371      0.55454301     -0.13583568       4.7409248        4.7409248        22.09701               22.09701
              1       15.803464      0.87178801       1.4239594         13.457315           12.155378      0.55352762     -0.13221909       4.7409248        4.7409248       22.125079              22.125079
              1        15.72007      0.87178801       1.4321302         13.450018           12.152091      0.55465463     -0.12717729       4.7409248        4.7409248        21.95829               21.95829
              1       15.749161      0.87178801       1.4383244         13.455811           12.159068      0.55676853       -0.124755       4.7409248        4.7409248       22.016473              22.016473
              1       15.905529      0.87178801       1.4371996         13.457838           12.155893      0.56368266     -0.12361378       4.7409248        4.7409248       22.329208              22.329208
              1       16.772594      0.87178801       1.4394234         13.461591           12.151704      0.56107297     -0.12393304       4.7409248        4.7409248       24.063338              24.063338
              2        16.84132      0.87178801       1.4398963         13.461923             12.1512      0.56050725     -0.12491193       4.7409248        4.7409248       24.200791              24.200791
              2       16.756582      0.87686636       1.4398963         13.461923             12.1512      0.56050725     -0.12491193       4.7409248        4.7409248       24.031315              24.031315
              1        15.99568      0.87686636       1.4202167         13.445641           12.141228      0.54950085     -0.12845391       4.7409248        4.7409248       22.509511              22.509511
              1       16.024085      0.87686636       1.4261105         13.438282            12.14543      0.54596653     -0.12822213       4.7409248        4.7409248        22.56632               22.56632
              1        15.69381      0.87686636       1.4376199         13.426886           12.140665      0.55408014     -0.10784602       4.7409248        4.7409248        21.90577               21.90577
              2       15.719543      0.87686636       1.4441584         13.433645           12.135369      0.54511231     -0.10542654       4.7409248        4.7409248       21.957236              21.957236
              1       15.747174      0.87538042       1.4441584         13.433645           12.135369      0.54511231     -0.10542654       4.7409248        4.7409248       22.012499              22.012499
              1       15.771312      0.87538042       1.4512367         13.418981           12.121337      0.54350284      -0.1202667       4.7409248        4.7409248       22.060775              22.060775
              2       16.187095      0.87538042       1.4547263         13.422728           12.120769      0.54865139     -0.12232537       4.7409248        4.7409248        22.89234               22.89234
              1       17.205172      0.85632586       1.4547263         13.422728           12.120769      0.54865139     -0.12232537       4.7409248        4.7409248       24.928494              24.928494
              1       17.264593      0.85632586       1.4474367         13.429375            12.12468      0.53970247     -0.12523382       4.7409248        4.7409248       25.047336              25.047336
              1       17.301857      0.85632586       1.4483811         13.429521           12.124413      0.53854399     -0.12406136       4.7409248        4.7409248       25.121864              25.121864
              2       17.317041      0.85632586       1.4481666         13.429369           12.124195      0.53848366      -0.1239789       4.7409248        4.7409248       25.152232              25.152232
              1       17.204621      0.85632586       1.4436664         13.432402           12.127961      0.53699129     -0.12173958       4.7409248        4.7409248       24.927393              24.927393
              1       16.871483      0.85632586       1.4449133         13.432008           12.130992      0.54772364     -0.11664564       4.7409248        4.7409248       24.261117              24.261117
              1       16.831842      0.85632586       1.4439346         13.428708           12.129024      0.54604409      -0.1119516       4.7409248        4.7409248       24.181833              24.181833
              1       16.643871      0.85632586       1.4340304         13.415855           12.133589      0.54924978     -0.11999135       4.7409248        4.7409248       23.805892              23.805892
              1       18.213534       0.8318299       1.4340304         13.415855           12.133589      0.54924978     -0.11999135       4.7409248        4.7409248       26.945218              26.945218
              1       18.307791       0.8318299       1.4346563          13.41551            12.13441      0.54888449     -0.11989005       4.7409248        4.7409248       27.133733              27.133733
              1       18.549974       0.8318299       1.4390689         13.421647           12.141043      0.55118662     -0.12411642       4.7409248        4.7409248       27.618099              27.618099
              2       18.613219       0.8318299        1.438731         13.421745           12.141682      0.55102872     -0.12341013       4.7409248        4.7409248       27.744589              27.744589
              1       18.285309       0.8318299       1.4390882         13.425577           12.139315      0.54965557     -0.12193605       4.7409248        4.7409248       27.088769              27.088769
              1       18.973049       0.8318299       1.4420935         13.424089           12.140321      0.54397553     -0.12247253       4.7409248        4.7409248       28.464249              28.464249
              1       18.337471       0.8318299       1.4535432         13.420998           12.138936       0.5497984     -0.11401091       4.7409248        4.7409248       27.193093              27.193093
              1       18.564074       0.8318299       1.4478906         13.429381           12.145473      0.54961227     -0.11796235       4.7409248        4.7409248       27.646299              27.646299
              1         19.6072       0.8318299       1.4497567         13.427561           12.148426      0.54736963     -0.11950149       4.7409248        4.7409248       29.732551              29.732551
              1       19.751335       0.8318299       1.4422463         13.422521           12.142496      0.54399163     -0.12910392       4.7409248        4.7409248        30.02082               30.02082
              1       19.198297       0.8318299       1.4478534         13.428486           12.137733      0.53963323     -0.13214527       4.7409248        4.7409248       28.914745              28.914745
              1       19.094204      0.83304697       1.4478534         13.428486           12.137733      0.53963323     -0.13214527       4.7409248        4.7409248       28.706558              28.706558
              2       19.123085      0.83304697       1.4476203         13.428508           12.137707      0.53914019       -0.131785       4.7409248        4.7409248       28.764321              28.764321
              1       18.976108      0.83304697       1.4467386         13.430432           12.136613      0.53933233     -0.13171701       4.7409248        4.7409248       28.470367              28.470367
              1       18.725652      0.83304697        1.436922          13.42505           12.135827      0.53906811     -0.11864034       4.7409248        4.7409248       27.969454              27.969454
              1       18.432209      0.83304697       1.4323125         13.421885           12.134627       0.5444548     -0.12336675       4.7409248        4.7409248       27.382568              27.382568
              2        18.07854      0.83304697       1.4395735         13.421764           12.130642      0.55441475     -0.11800403       4.7409248        4.7409248       26.675231              26.675231
              2        17.77272      0.83304697       1.4346708         13.415296           12.128949      0.55660437     -0.11808173       4.7409248        4.7409248        26.06359               26.06359
              1       17.044914      0.83304697       1.4247339          13.42285           12.144398      0.56872596     -0.11481583       4.7409248        4.7409248       24.607979              24.607979
              1       17.381315      0.83304697       1.4240544         13.420506           12.147064       0.5627957     -0.10206274       4.7409248        4.7409248        25.28078               25.28078
              1       17.983632      0.83304697       1.4154275         13.428526           12.138761      0.56081402     -0.10023442       4.7409248        4.7409248       26.485415              26.485415
              1       17.078121      0.84373919       1.4154275         13.428526           12.138761      0.56081402     -0.10023442       4.7409248        4.7409248       24.674392              24.674392
              1       18.153376      0.84373919       1.4230836         13.436116           12.142699      0.56898213    -0.076965393       4.7409248        4.7409248       26.824903              26.824903
              1       18.351561      0.84373919       1.4301386         13.419641           12.129556      0.56610857    -0.070679408       4.7409248        4.7409248       27.221273              27.221273
              2       16.932142      0.84373919       1.4279545          13.41898           12.133353      0.55575517    -0.066753439       4.7409248        4.7409248       24.382435              24.382435
              1       16.042638      0.84373919       1.4153936          13.40963           12.138739      0.56246264    -0.062836203       4.7409248        4.7409248       22.603427              22.603427
              1       16.212638      0.84018004       1.4153936          13.40963           12.138739      0.56246264    -0.062836203       4.7409248        4.7409248       22.943426              22.943426
              2       16.488099      0.84018004       1.4051935         13.401086           12.131092      0.56961696    -0.052323511       4.7409248        4.7409248       23.494348              23.494348
              1       16.387711      0.84018004       1.3920354         13.400023           12.137115      0.55635664    -0.052549403       4.7409248        4.7409248       23.293573              23.293573
              1       17.217857      0.84018004       1.3918777         13.407995           12.155016       0.5637606    -0.038240708       4.7409248        4.7409248       24.953865              24.953865
              1       16.315653      0.84018004       1.3849146         13.421376           12.149402      0.56708526    -0.040468668       4.7409248        4.7409248       23.149457              23.149457
              1       16.012676      0.85603798       1.3849146         13.421376           12.149402      0.56708526    -0.040468668       4.7409248        4.7409248       22.543503              22.543503
              1        15.78128      0.85603798       1.3860507         13.417545           12.149153      0.56501617    -0.038158598       4.7409248        4.7409248       22.080711              22.080711
              1       15.805166      0.85062488       1.3860507         13.417545           12.149153      0.56501617    -0.038158598       4.7409248        4.7409248       22.128483              22.128483
              1       16.447874      0.85062488       1.3952485         13.423425           12.146818      0.56446083    -0.033681803       4.7409248        4.7409248       23.413899              23.413899
              3        15.87206      0.85062488       1.3877458         13.431135           12.162989      0.55863977    -0.020680504       4.7409248        4.7409248       22.262271              22.262271
              1       15.799003      0.85062488        1.384959          13.43155           12.161602      0.56280772    -0.021661058       4.7409248        4.7409248       22.116157              22.116157
              2        15.80336      0.85062488       1.3841391         13.432001           12.161889      0.56246852    -0.020988537       4.7409248        4.7409248       22.124871              22.124871
              1       16.816363      0.85062488       1.3786645         13.427581           12.146703      0.55381993    -0.022575971       4.7409248        4.7409248       24.150876              24.150876
              1       17.044001       0.8445527       1.3786645         13.427581           12.146703      0.55381993    -0.022575971       4.7409248        4.7409248       24.606152              24.606152
              2       16.852352       0.8445527       1.3787179         13.425618           12.146716       0.5544544    -0.020881169       4.7409248        4.7409248       24.222854              24.222854
              2       16.036159       0.8445527       1.3805581         13.425009           12.154256      0.55498211    -0.020760753       4.7409248        4.7409248       22.590469              22.590469
              1       17.027124      0.88424363       1.3805581         13.425009           12.154256      0.55498211    -0.020760753       4.7409248        4.7409248       24.572399              24.572399
              2       18.349746      0.88424363       1.3848168         13.404375           12.151232       0.5631381    -0.036483663       4.7409248        4.7409248       27.217642              27.217642
              5       19.945164      0.88424363        1.389476         13.395542           12.139945      0.57927579    -0.019533938       4.7409248        4.7409248       30.408478              30.408478
              1       19.501747      0.88424363       1.3880733         13.393106           12.144936      0.57661311    -0.014558928       4.7409248        4.7409248       29.521645              29.521645
              3       21.259579      0.89216871       1.3880733         13.393106           12.144936      0.57661311    -0.014558928       4.7409248        4.7409248       33.037308              33.037308
              2       20.634628      0.89216871       1.3894194         13.391394           12.145515      0.56591086   -0.0057308432       4.7409248        4.7409248       31.787406              31.787406
              1       19.983322      0.89216871       1.3840898         13.390019           12.139977      0.56428246   -0.0067963178       4.7409248        4.7409248       30.484795              30.484795
              1       19.436685      0.89216871       1.3960507         13.395004           12.143071      0.56059976    -0.021201498       4.7409248        4.7409248        29.39152               29.39152
              1       19.397105      0.89192731       1.3960507         13.395004           12.143071      0.56059976    -0.021201498       4.7409248        4.7409248       29.312361              29.312361
              3       19.505354      0.89192731       1.3965422         13.398644           12.146451      0.56059145    -0.018805755       4.7409248        4.7409248       29.528859              29.528859
              2       18.971153      0.89192731       1.3960155         13.401623            12.14359      0.56199117    -0.019184126       4.7409248        4.7409248       28.460457              28.460457
              1       19.991437      0.89192731       1.3926805         13.408501           12.142067      0.56836606     -0.02294888       4.7409248        4.7409248       30.501025              30.501025
              4       18.136643      0.89192731       1.3859507         13.409547           12.147556      0.55832112    -0.034307667       4.7409248        4.7409248       26.791436              26.791436
              1        17.78412      0.89192731       1.3727229         13.412626             12.1452      0.55573749    -0.032028448       4.7409248        4.7409248       26.086391              26.086391
