#        weight    minuslogpost        ygk_Ahmc ygk_LOWZ__2_lM1_0 ygk_LOWZ__2_lMmin_0   ygk_mass_bias       ygk_rhogy   minuslogprior minuslogprior__0            chi2 chi2__ygk_like.ygkLike
              1       42.012309       1.1351254         13.109059           11.820305      0.74744051     -0.54336751        5.362226         5.362226       73.300165              73.300165
              2       41.888248       1.1344404         13.107909            11.81867      0.74726221     -0.54221145        5.362226         5.362226       73.052045              73.052045
              1       41.976526       1.1358346         13.108723           11.816005      0.74448537     -0.54477209        5.362226         5.362226         73.2286                73.2286
              1       42.314997       1.1363418         13.107903           11.818361      0.74024521     -0.54260953        5.362226         5.362226       73.905542              73.905542
              5       42.264901       1.1319612         13.110217           11.818398      0.73907864     -0.54303208        5.362226         5.362226       73.805349              73.805349
              1       42.419564       1.1302025         13.108489           11.817934      0.74052697     -0.54644067        5.362226         5.362226       74.114676              74.114676
              2       42.906398       1.1261343         13.117925           11.817384       0.7423685     -0.54215295        5.362226         5.362226       75.088344              75.088344
              1       42.274747        1.131934         13.117846           11.829175      0.74102097     -0.53438498        5.362226         5.362226       73.825041              73.825041
              3       41.823781       1.1345109         13.117005           11.826852      0.74500798     -0.53209939        5.362226         5.362226        72.92311               72.92311
              1       41.817209         1.13467         13.117302           11.826949      0.74492205     -0.53231569        5.362226         5.362226       72.909966              72.909966
              2       42.991293        1.136534          13.11364           11.829035      0.74414354     -0.53471603        5.362226         5.362226       75.258133              75.258133
              1       42.693434       1.1433952         13.112601            11.82359      0.73028801     -0.52804219        5.362226         5.362226       74.662416              74.662416
              4       42.758456        1.143276         13.112646           11.823892      0.73001771     -0.52771764        5.362226         5.362226       74.792459              74.792459
              1       43.367605       1.1544043         13.112862            11.82769      0.73436128     -0.52358206        5.362226         5.362226       76.010759              76.010759
              1       42.160181       1.1515009          13.11969           11.820563      0.73248372     -0.52494799        5.362226         5.362226       73.595909              73.595909
              2       42.273806       1.1521903         13.119934           11.819767      0.73583561     -0.52564736        5.362226         5.362226       73.823161              73.823161
              1       41.754528       1.1402179         13.124909           11.828818      0.73963992     -0.52777952        5.362226         5.362226       72.784604              72.784604
              2       41.873395       1.1465235         13.132978           11.833476      0.73946075     -0.52490684        5.362226         5.362226       73.022338              73.022338
              1       41.912427        1.147299         13.129534           11.831028      0.73682763       -0.528458        5.362226         5.362226       73.100403              73.100403
              2        41.85813       1.1458739         13.129383           11.831297      0.73986935     -0.53106346        5.362226         5.362226       72.991808              72.991808
              1       42.636079       1.1559152          13.12423            11.82443      0.74920751     -0.52606459        5.362226         5.362226       74.547705              74.547705
              1        42.37485       1.1566765         13.122914           11.823982      0.74778577     -0.52620186        5.362226         5.362226       74.025249              74.025249
              2        43.61603       1.1626435         13.130125            11.82329      0.74471161     -0.52813502        5.362226         5.362226       76.507608              76.507608
              8       42.041166        1.161042         13.130757           11.835508       0.7392499     -0.52640876        5.362226         5.362226       73.357881              73.357881
              3       42.357804       1.1591508          13.12973           11.834044      0.73581155     -0.53142682        5.362226         5.362226       73.991157              73.991157
              4       42.301388       1.1664375         13.136094           11.835171      0.74023919     -0.53883761        5.362226         5.362226       73.878323              73.878323
              2       42.448671       1.1646584         13.132914           11.829788      0.74778511     -0.53054766        5.362226         5.362226       74.172891              74.172891
              1       42.417754       1.1650073         13.133056           11.830105      0.74759167     -0.52989637        5.362226         5.362226       74.111056              74.111056
              2       42.125252       1.1639667         13.128913           11.827185      0.74012646     -0.52923009        5.362226         5.362226       73.526052              73.526052
              4       42.831293       1.1705479         13.128221             11.8329      0.73671797     -0.53639694        5.362226         5.362226       74.938133              74.938133
              2       42.233377       1.1758001          13.13574           11.831802      0.74042547     -0.53216861        5.362226         5.362226       73.742302              73.742302
              3        42.59576        1.176193         13.139567           11.834359      0.73572618     -0.53467694        5.362226         5.362226       74.467069              74.467069
              2       44.123504        1.170327         13.132241           11.823312      0.72511545     -0.53173139        5.362226         5.362226       77.522556              77.522556
              4        43.33038       1.1667584         13.127861           11.825162      0.72710827     -0.53561631        5.362226         5.362226       75.936308              75.936308
              2       44.339012       1.1846738         13.137554           11.824545      0.73428919     -0.52870909        5.362226         5.362226       77.953573              77.953573
              1       42.950534       1.1884676         13.134103           11.830192      0.73283253     -0.53676682        5.362226         5.362226       75.176615              75.176615
              2       43.158916       1.1844645         13.136735           11.832058      0.73224295     -0.53836488        5.362226         5.362226       75.593381              75.593381
              3       43.407663       1.1951083          13.15042           11.839142      0.73243188     -0.53428397        5.362226         5.362226       76.090874              76.090874
              2       44.169121       1.1964009         13.143535           11.829706       0.7321678     -0.53528385        5.362226         5.362226        77.61379               77.61379
              2       43.613682        1.202857         13.131218           11.838475       0.7454164      -0.5283796        5.362226         5.362226       76.502913              76.502913
              1       42.732274       1.1985095         13.128824           11.834317      0.74459674     -0.51931781        5.362226         5.362226       74.740096              74.740096
