#        weight    minuslogpost        ygk_Ahmc ygk_LOWZ__2_lM1_0 ygk_LOWZ__2_lMmin_0   ygk_mass_bias       ygk_rhogy   minuslogprior minuslogprior__0            chi2 chi2__ygk_like.ygkLike
              1       42.163726       1.1509648         13.128916             11.8304      0.72530974     -0.49634674        5.362226         5.362226          73.603                 73.603
              1       42.060299       1.1485103         13.129643            11.83212      0.72181859     -0.49418904        5.362226         5.362226       73.396146              73.396146
              1       42.141286        1.149059         13.127791           11.829985      0.72101168      -0.4925455        5.362226         5.362226       73.558119              73.558119
              3       42.366247       1.1470765         13.124792           11.833191      0.71703846     -0.49288126        5.362226         5.362226       74.008042              74.008042
              1       43.294245       1.1568656         13.120415           11.833206      0.71484176     -0.48544668        5.362226         5.362226       75.864039              75.864039
              1       43.342608       1.1555699         13.121319           11.834495      0.71563705     -0.48297588        5.362226         5.362226       75.960764              75.960764
              1       43.278469       1.1551389         13.120779           11.834012      0.71623283     -0.48335446        5.362226         5.362226       75.832486              75.832486
              1       42.460516       1.1591303         13.115912           11.822967      0.70754842     -0.48054501        5.362226         5.362226        74.19658               74.19658
              2       42.507961       1.1625545         13.113916           11.822886      0.71261494     -0.47352425        5.362226         5.362226       74.291469              74.291469
              1       42.348448       1.1801432         13.114429           11.822094      0.71753896     -0.48551967        5.362226         5.362226       73.972444              73.972444
              3       42.099651       1.1862946         13.120102           11.823481      0.72480916     -0.49873475        5.362226         5.362226        73.47485               73.47485
              1       42.126577       1.1851242         13.120313           11.824889      0.72602703     -0.49837132        5.362226         5.362226       73.528702              73.528702
              1       42.644742       1.1866924         13.111384           11.820109      0.73431867     -0.49741459        5.362226         5.362226       74.565033              74.565033
              2       42.508489       1.1887556         13.111928           11.820737      0.73444068     -0.50085923        5.362226         5.362226       74.292525              74.292525
              1       42.875188       1.1852612         13.097983           11.811825      0.74075063     -0.50655599        5.362226         5.362226       75.025924              75.025924
              2       42.950378       1.1846621         13.098837            11.81197      0.74238468      -0.5066957        5.362226         5.362226       75.176304              75.176304
              2       43.126094       1.1900126         13.102413           11.811129      0.74422173     -0.50650277        5.362226         5.362226       75.527735              75.527735
              2       42.934629        1.189552         13.104907           11.807895       0.7394565       -0.508683        5.362226         5.362226       75.144806              75.144806
              3       42.798555       1.1887227         13.106947           11.810048      0.73881106      -0.5079581        5.362226         5.362226       74.872657              74.872657
              2       42.764647       1.1889631         13.104642           11.808157      0.73764287     -0.50713844        5.362226         5.362226       74.804842              74.804842
              3       42.242067       1.1905427         13.102025           11.809304      0.73862124     -0.51091848        5.362226         5.362226       73.759682              73.759682
              2       42.352673       1.1907142         13.100049           11.805777       0.7402776     -0.51436576        5.362226         5.362226       73.980893              73.980893
              1       42.035708       1.1900146         13.107707            11.81254      0.74355327      -0.5241359        5.362226         5.362226       73.346964              73.346964
              5       42.037875       1.1907355         13.105205           11.813774      0.74089181     -0.52601137        5.362226         5.362226       73.351297              73.351297
              2       42.065527       1.1936915         13.100569           11.809826      0.73454458     -0.52093827        5.362226         5.362226       73.406602              73.406602
              1       42.046824       1.1961758         13.100338            11.80926       0.7355636     -0.52176211        5.362226         5.362226       73.369195              73.369195
              1       43.214303       1.1978109         13.102257           11.811784      0.72820742      -0.5282012        5.362226         5.362226       75.704154              75.704154
              1       43.167049       1.1978351         13.102418           11.811713      0.72818604      -0.5281507        5.362226         5.362226       75.609646              75.609646
              1       44.061103       1.1994743         13.101482           11.812807      0.72712631     -0.52978806        5.362226         5.362226       77.397755              77.397755
              2       43.112891       1.2045029         13.111081           11.810745      0.72503136     -0.53026449        5.362226         5.362226        75.50133               75.50133
              2       42.795432       1.2080978         13.109421           11.810593      0.72522402     -0.52594329        5.362226         5.362226       74.866413              74.866413
              1       43.267544       1.2064188         13.110922           11.812699      0.72258506     -0.52711782        5.362226         5.362226       75.810635              75.810635
              3       42.351406        1.202695         13.114964           11.816346      0.72635378      -0.5185591        5.362226         5.362226        73.97836               73.97836
              1       42.427624       1.2026962         13.114898           11.815053      0.72470051     -0.51724853        5.362226         5.362226       74.130795              74.130795
              1       42.138053       1.2000701         13.116456           11.817545      0.72789519     -0.50753023        5.362226         5.362226       73.551654              73.551654
              2       42.652344       1.1954109          13.11806           11.825238      0.74627846      -0.5170619        5.362226         5.362226       74.580236              74.580236
              2       42.276861       1.1868387         13.128481           11.826674      0.74120257     -0.51974907        5.362226         5.362226       73.829269              73.829269
              3       42.340472        1.186666         13.128054           11.827365      0.74329576     -0.51845683        5.362226         5.362226       73.956493              73.956493
              1       42.402861       1.1866779         13.126867           11.826052      0.74352034     -0.51850831        5.362226         5.362226       74.081271              74.081271
              2       42.238354       1.1919006          13.12534            11.82692      0.74109254     -0.51484736        5.362226         5.362226       73.752257              73.752257
              2         42.2486       1.1994704         13.107022           11.815708      0.73437071     -0.51479996        5.362226         5.362226       73.772748              73.772748
              1        42.42075       1.1936102          13.10517           11.811928      0.73916666     -0.50851316        5.362226         5.362226       74.117049              74.117049
              2       42.267315       1.1859398         13.104261            11.81511      0.72771917     -0.50528408        5.362226         5.362226       73.810178              73.810178
              1       42.366853       1.1862593          13.10457           11.815586      0.72635992     -0.50581033        5.362226         5.362226       74.009253              74.009253
              1       42.452314       1.1982191         13.113429           11.813414      0.73035422     -0.50564093        5.362226         5.362226       74.180177              74.180177
              1       42.346241       1.1975951         13.115317            11.81744      0.72999999     -0.50036353        5.362226         5.362226       73.968029              73.968029
              2       42.210618       1.1928583          13.12104           11.825403      0.73616885     -0.50863167        5.362226         5.362226       73.696785              73.696785
              1       42.220861       1.1886281         13.122825           11.823669      0.73663998     -0.51063067        5.362226         5.362226        73.71727               73.71727
              2       42.167241       1.1896942         13.125395           11.828835      0.73964803     -0.51436295        5.362226         5.362226        73.61003               73.61003
              1       42.159006       1.1897657         13.125095           11.828769      0.73950265     -0.51475846        5.362226         5.362226        73.59356               73.59356
              2       42.000267       1.1822934         13.127652           11.828746      0.73067656     -0.51179222        5.362226         5.362226       73.276082              73.276082
              1       43.697709        1.179981         13.130586           11.826921      0.73755435     -0.49969529        5.362226         5.362226       76.670967              76.670967
              1       43.321339        1.189271         13.137014           11.831752      0.73277098     -0.49602983        5.362226         5.362226       75.918227              75.918227
              2       45.379914       1.1926358          13.13519           11.823746      0.72991874     -0.49453022        5.362226         5.362226       80.035376              80.035376
              2       43.755788       1.1916461         13.135275           11.828054      0.73168215     -0.49675153        5.362226         5.362226       76.787124              76.787124
              1       43.182394       1.1853684         13.136054           11.828216      0.71807565     -0.50441245        5.362226         5.362226       75.640336              75.640336
              1       42.400304        1.174612         13.123311           11.821424      0.72439373     -0.50826022        5.362226         5.362226       74.076155              74.076155
              1       42.739438       1.1826847         13.115531           11.813207      0.72689203     -0.50887108        5.362226         5.362226       74.754425              74.754425
              1        42.10617       1.1817856         13.113456           11.815103      0.72927513     -0.51008434        5.362226         5.362226       73.487888              73.487888
              3       42.084919        1.181807         13.113377           11.815144      0.72901231     -0.51041876        5.362226         5.362226       73.445387              73.445387
              2       42.553475       1.1891424         13.126574           11.828241       0.7209952     -0.50967372        5.362226         5.362226       74.382497              74.382497
