#        weight    minuslogpost        ygk_Ahmc ygk_LOWZ__2_lM1_0 ygk_LOWZ__2_lMmin_0   ygk_mass_bias       ygk_rhogy   minuslogprior minuslogprior__0            chi2 chi2__ygk_like.ygkLike
              1       44.586673       1.1430473          13.14035           11.828731        0.741328     -0.54049983        5.362226         5.362226       78.448894              78.448894
              1       45.296886        1.156432          13.14107           11.845594      0.73619271     -0.55052104        5.362226         5.362226       79.869319              79.869319
              1       45.070448       1.1589886         13.142334           11.849945      0.74306132     -0.54717948        5.362226         5.362226       79.416444              79.416444
              2          44.208       1.1522197          13.14295           11.849822      0.74582615      -0.5477561        5.362226         5.362226       77.691548              77.691548
              4       41.997298       1.1502149         13.139031           11.842225      0.74464864     -0.53242699        5.362226         5.362226       73.270143              73.270143
              1       41.994385       1.1502027         13.139042           11.842223      0.74467123     -0.53237661        5.362226         5.362226       73.264318              73.264318
              6       42.134017       1.1572102         13.145711           11.841321      0.74216959     -0.53100406        5.362226         5.362226       73.543581              73.543581
              1       42.269279       1.1669873         13.144002           11.845899      0.75061305      -0.5290462        5.362226         5.362226       73.814106              73.814106
              2        42.15288       1.1669222         13.141197           11.841594      0.75230196     -0.53212904        5.362226         5.362226       73.581309              73.581309
              3       42.341441       1.1669998         13.139565            11.83904       0.7519549     -0.52726869        5.362226         5.362226       73.958429              73.958429
              1       43.454431       1.1547588         13.132165           11.844268      0.74194968     -0.51514801        5.362226         5.362226       76.184411              76.184411
              2       44.483793       1.1573018         13.134795           11.847771       0.7367303     -0.51679351        5.362226         5.362226       78.243134              78.243134
              2       45.255714       1.1548387         13.136768            11.85122       0.7390967     -0.51761092        5.362226         5.362226       79.786977              79.786977
              3       43.402097       1.1727346         13.140155           11.846906      0.75243514     -0.51795418        5.362226         5.362226       76.079743              76.079743
              1       47.232457       1.1737768         13.131163           11.849266       0.7540342      -0.5198867        5.362226         5.362226       83.740461              83.740461
              4       46.320984       1.1731219         13.132787           11.848852      0.75415242     -0.52820693        5.362226         5.362226       81.917515              81.917515
              1        44.42444       1.1719788         13.133921           11.845985      0.75180074      -0.5299445        5.362226         5.362226       78.124427              78.124427
              5       44.730277       1.1710635         13.129075           11.843122      0.75401833      -0.5307815        5.362226         5.362226       78.736103              78.736103
              1       43.464746       1.1744818          13.13483           11.843613      0.75569007     -0.52944856        5.362226         5.362226       76.205039              76.205039
              4        43.89968       1.1748478         13.133198           11.843751      0.75574855     -0.53056057        5.362226         5.362226       77.074909              77.074909
              1       44.996029        1.177162         13.141644           11.851162      0.76955449     -0.54055053        5.362226         5.362226       79.267606              79.267606
              2       44.996166       1.1771936          13.14166           11.851195      0.76943779     -0.54052359        5.362226         5.362226        79.26788               79.26788
              1       45.444811       1.1783642          13.14071           11.851482      0.76966387     -0.54073875        5.362226         5.362226        80.16517               80.16517
              1       42.654218       1.1788917          13.13739            11.83859      0.76457049     -0.54579806        5.362226         5.362226       74.583983              74.583983
              1       42.755552       1.1814323         13.140959           11.838215      0.76520711     -0.54756126        5.362226         5.362226       74.786652              74.786652
              1       42.581366       1.1748748          13.13985           11.838374      0.75693242     -0.55859114        5.362226         5.362226        74.43828               74.43828
              2       42.593704       1.1749437         13.139348           11.838245      0.75636962      -0.5581612        5.362226         5.362226       74.462956              74.462956
              1       42.583177       1.1742659         13.141032           11.836272      0.75574868      -0.5574903        5.362226         5.362226       74.441902              74.441902
              5       42.908545       1.1797883         13.144768            11.83848      0.75197675     -0.55828761        5.362226         5.362226       75.092637              75.092637
              1        44.46769        1.176439          13.14277           11.828992      0.75267719     -0.55379196        5.362226         5.362226       78.210929              78.210929
              1       44.375938       1.1703566         13.145885           11.832904      0.75934709     -0.55307398        5.362226         5.362226       78.027423              78.027423
              1        42.75093       1.1788086         13.138486           11.840044      0.76557678     -0.54615619        5.362226         5.362226       74.777407              74.777407
              1       43.146199       1.1850207          13.14154           11.838319       0.7716942       -0.554208        5.362226         5.362226       75.567945              75.567945
              3       43.949506       1.1873263         13.146665           11.838288      0.77107153     -0.55095204        5.362226         5.362226        77.17456               77.17456
              2       44.284297        1.187617         13.147159           11.838081      0.77191655     -0.55030438        5.362226         5.362226       77.844142              77.844142
              2       44.538953       1.2016915         13.141786           11.831138      0.77107892     -0.55365474        5.362226         5.362226       78.353454              78.353454
              1       45.227758       1.2019792         13.141533           11.831403      0.77391318     -0.54990321        5.362226         5.362226       79.731065              79.731065
              2       44.064082        1.210175         13.144227           11.835583      0.76975022     -0.54749907        5.362226         5.362226       77.403711              77.403711
              5       45.611681        1.212528         13.143191           11.829473      0.76830869      -0.5462299        5.362226         5.362226        80.49891               80.49891
              1       47.438709       1.2114565         13.143124           11.825706      0.76484459     -0.54073608        5.362226         5.362226       84.152965              84.152965
              1       50.158056       1.2105926         13.145276           11.823627      0.76669874     -0.54113445        5.362226         5.362226       89.591661              89.591661
              1       50.193601        1.210339         13.144573           11.822531      0.76647538     -0.54321097        5.362226         5.362226        89.66275               89.66275
              1       49.591613       1.2095829         13.145816           11.823958      0.76580732     -0.54422094        5.362226         5.362226       88.458775              88.458775
              1       51.971544       1.1995543         13.144602           11.818662      0.75515544     -0.53864428        5.362226         5.362226       93.218636              93.218636
