#        weight    minuslogpost          sigma8        ygk_Ahmc ygk_LOWZ__1_lM1_0 ygk_LOWZ__1_lMmin_0   ygk_mass_bias       ygk_rhogy   minuslogprior minuslogprior__0            chi2 chi2__ygk_like.ygkLike
              3       42.437353      0.79368022       1.3004341         12.909196           11.592803      0.83953695     -0.58670904       4.7409248        4.7409248       75.392856              75.392856
              3        42.87586      0.79368022        1.297833         12.905553           11.593271      0.84321886     -0.58944469       4.7409248        4.7409248        76.26987               76.26987
              1        42.92142      0.79368022       1.3083133         12.920881           11.597998      0.84701297     -0.59090617       4.7409248        4.7409248        76.36099               76.36099
              5       42.870537      0.79368022       1.3101007         12.920032           11.598137      0.84594706     -0.58931293       4.7409248        4.7409248       76.259225              76.259225
              1       42.219847      0.79368022       1.3100026         12.922453           11.599344      0.83937953     -0.58879343       4.7409248        4.7409248       74.957844              74.957844
              4       42.150733      0.79368022       1.3168105         12.925225           11.604981      0.84105172     -0.59237977       4.7409248        4.7409248       74.819616              74.819616
              1        42.61339      0.79368022       1.3128156         12.926005           11.606751      0.84086814     -0.58530707       4.7409248        4.7409248        75.74493               75.74493
              1       42.656009      0.79368022       1.3126285          12.92546           11.606623      0.84112528     -0.58531369       4.7409248        4.7409248       75.830168              75.830168
              1       42.324327      0.77887651       1.3126285          12.92546           11.606623      0.84112528     -0.58531369       4.7409248        4.7409248       75.166804              75.166804
              1       42.073679      0.77887651       1.3159706         12.924632           11.607223      0.84214701      -0.5834581       4.7409248        4.7409248       74.665509              74.665509
              3       41.892655      0.77887651       1.3154946         12.924904           11.610438      0.84395635     -0.58451467       4.7409248        4.7409248        74.30346               74.30346
              1        42.23513      0.77887651       1.3054697         12.925084           11.608006      0.84442638      -0.5911883       4.7409248        4.7409248        74.98841               74.98841
              1       42.240525      0.77887651       1.3095003         12.924344           11.605956      0.85039353     -0.59609554       4.7409248        4.7409248         74.9992                74.9992
              1       42.749737      0.77887651       1.3102404         12.925387           11.603878      0.84895724     -0.59652332       4.7409248        4.7409248       76.017625              76.017625
              1       43.009129      0.77887651       1.3111865         12.931171           11.608286      0.84814194     -0.59945202       4.7409248        4.7409248       76.536408              76.536408
              4       43.816431      0.77887651        1.308389         12.931568           11.606914      0.84534477     -0.60513146       4.7409248        4.7409248       78.151012              78.151012
              2       43.443181      0.77887651        1.308069         12.932188           11.608791      0.85044253     -0.60789498       4.7409248        4.7409248       77.404512              77.404512
              2       43.401106      0.77887651       1.3086891         12.932054            11.60937      0.85018167      -0.6080128       4.7409248        4.7409248       77.320362              77.320362
              3       42.714705      0.78120604       1.3086891         12.932054            11.60937      0.85018167      -0.6080128       4.7409248        4.7409248        75.94756               75.94756
              1       42.742029      0.78120604       1.3182573          12.92582           11.601483      0.86277563     -0.61721673       4.7409248        4.7409248       76.002208              76.002208
              2       42.631282      0.78120604       1.3077124          12.92219           11.599105      0.87229388     -0.62330083       4.7409248        4.7409248       75.780714              75.780714
              1       43.581235      0.78120604       1.3108133         12.926144           11.598481      0.87418586     -0.62783069       4.7409248        4.7409248       77.680621              77.680621
              2       42.858956      0.78120604       1.3200542         12.920973           11.613875      0.89044105     -0.62135014       4.7409248        4.7409248       76.236062              76.236062
              3       42.901308      0.78147874       1.3200542         12.920973           11.613875      0.89044105     -0.62135014       4.7409248        4.7409248       76.320767              76.320767
              1       43.010311      0.78147874       1.3243639         12.921842           11.616039      0.88932032     -0.61477213       4.7409248        4.7409248       76.538772              76.538772
              1       43.124366      0.78147874       1.3222699         12.920898           11.615922       0.8876797     -0.61351651       4.7409248        4.7409248       76.766882              76.766882
              5       42.678347      0.78147874       1.3205185         12.923428           11.616705      0.88900125     -0.61273573       4.7409248        4.7409248       75.874845              75.874845
              1       42.185856      0.78147874       1.3256853         12.927974           11.612329      0.89197027     -0.61178617       4.7409248        4.7409248       74.889862              74.889862
              1       42.038818      0.78147874       1.3277884         12.927219           11.610848       0.8861671     -0.60829649       4.7409248        4.7409248       74.595787              74.595787
              1       42.961873      0.78147874       1.3248688         12.925978           11.608964      0.88876804      -0.6032796       4.7409248        4.7409248       76.441897              76.441897
              1       42.828816      0.78050076       1.3248688         12.925978           11.608964      0.88876804      -0.6032796       4.7409248        4.7409248       76.175782              76.175782
              1        42.55355      0.78050076       1.3236551         12.926198           11.608988      0.88827358     -0.60576654       4.7409248        4.7409248       75.625251              75.625251
              1       42.233814      0.78050076       1.3256413         12.925171           11.617171       0.8878211     -0.60665937       4.7409248        4.7409248       74.985779              74.985779
              2       41.830632      0.78050076       1.3455247         12.929512           11.611726      0.88362452     -0.61519694       4.7409248        4.7409248       74.179414              74.179414
              1       41.937714      0.78050076        1.345325           12.9269           11.611275      0.87895212     -0.61440517       4.7409248        4.7409248       74.393578              74.393578
              2       42.008447      0.78050076       1.3426315          12.92444           11.610981      0.87962944     -0.61416832       4.7409248        4.7409248       74.535045              74.535045
              2       42.374903      0.78050076       1.3427962         12.923921           11.611158      0.87959471     -0.61736623       4.7409248        4.7409248       75.267956              75.267956
              1       42.177002      0.78050076       1.3435222         12.927195           11.607513      0.89308782     -0.61820859       4.7409248        4.7409248       74.872154              74.872154
              3       43.038052      0.78050076       1.3276872         12.942972           11.616706      0.89241612     -0.62106835       4.7409248        4.7409248       76.594255              76.594255
              2       43.052607      0.78050076       1.3277291         12.943448           11.617533       0.8944231     -0.62111671       4.7409248        4.7409248       76.623364              76.623364
              1       42.262205      0.78050076       1.3310101         12.929609            11.61171      0.90002915     -0.62146547       4.7409248        4.7409248       75.042561              75.042561
              1       42.138941      0.78050076       1.3261968         12.926761           11.615096       0.8994597     -0.61940079       4.7409248        4.7409248       74.796033              74.796033
              6       42.834118      0.78050076       1.3216983         12.932102           11.611568      0.89935384     -0.61979474       4.7409248        4.7409248       76.186387              76.186387
              3       42.196743      0.78050076       1.3312364          12.92128           11.609361      0.90280573     -0.62070367       4.7409248        4.7409248       74.911637              74.911637
              4       42.184332      0.78050076       1.3335165         12.921626           11.611357      0.89898444     -0.62026169       4.7409248        4.7409248       74.886814              74.886814
              1       44.027744      0.78050076       1.3299302         12.920388           11.604069      0.89405462     -0.60053204       4.7409248        4.7409248       78.573638              78.573638
              1       43.356232      0.78050076       1.3535064         12.914083           11.594512      0.88634365     -0.60209937       4.7409248        4.7409248       77.230614              77.230614
              1       42.671462      0.78050076       1.3544486          12.91553           11.597478      0.88419787     -0.60127787       4.7409248        4.7409248       75.861074              75.861074
              1       46.168911      0.78050076       1.3464283         12.921557           11.587954      0.86829445     -0.60984934       4.7409248        4.7409248       82.855973              82.855973
              1       44.245488      0.78050076       1.3455164          12.91818           11.589033      0.86699202      -0.6101538       4.7409248        4.7409248       79.009127              79.009127
              1        45.79359      0.77592991       1.3455164          12.91818           11.589033      0.86699202      -0.6101538       4.7409248        4.7409248        82.10533               82.10533
              1       45.483815      0.77592991       1.3345521          12.91281           11.598754      0.86473131     -0.62780212       4.7409248        4.7409248       81.485781              81.485781
              2       44.680501      0.77592991       1.3311634         12.919716           11.604173      0.86683417     -0.62508264       4.7409248        4.7409248       79.879153              79.879153
              1       42.256259      0.77592991       1.3217339          12.91221            11.59989       0.8824347     -0.62129792       4.7409248        4.7409248       75.030668              75.030668
              1       42.558481      0.77592991       1.3215907         12.909242           11.602748      0.88103869     -0.61855321       4.7409248        4.7409248       75.635112              75.635112
              6       42.295471      0.77592991       1.3193938         12.912592           11.604234      0.88403429     -0.62008702       4.7409248        4.7409248       75.109093              75.109093
              2       42.442178      0.77592991       1.3183604         12.913934            11.60585      0.88170646     -0.61888781       4.7409248        4.7409248       75.402506              75.402506
              1       41.889865      0.77592991       1.3209701         12.919958           11.607899      0.89155093     -0.60702964       4.7409248        4.7409248       74.297881              74.297881
              1       44.456606      0.77592991       1.3336868         12.898133           11.607438      0.88158204     -0.59038438       4.7409248        4.7409248       79.431363              79.431363
