#        weight    minuslogpost          sigma8        ygk_Ahmc ygk_LOWZ__1_lM1_0 ygk_LOWZ__1_lMmin_0   ygk_mass_bias       ygk_rhogy   minuslogprior minuslogprior__0            chi2 chi2__ygk_like.ygkLike
              2       41.977854      0.77861606       1.3182891         12.846837           11.554537       0.8812761     -0.60452201       4.7409248        4.7409248       74.473858              74.473858
              2       44.498723      0.77861606       1.3127548         12.852661           11.548442      0.88725996     -0.60027312       4.7409248        4.7409248       79.515597              79.515597
              1       45.452755      0.77861606        1.309726          12.84977           11.568011      0.89379449     -0.60089298       4.7409248        4.7409248       81.423661              81.423661
              2       42.029422      0.77861606       1.2973159          12.86618           11.571129      0.88504549     -0.61061087       4.7409248        4.7409248       74.576995              74.576995
              4       41.895198      0.77861606        1.299142          12.86893           11.569342      0.89202803     -0.61515894       4.7409248        4.7409248       74.308546              74.308546
              3        41.79369      0.77861606       1.3010134         12.870781           11.569289      0.89494191     -0.62200709       4.7409248        4.7409248        74.10553               74.10553
              1       41.669551      0.77861606       1.2960285         12.886024           11.580684      0.88916936      -0.6217931       4.7409248        4.7409248       73.857253              73.857253
              2       41.839485      0.78186245       1.2960285         12.886024           11.580684      0.88916936      -0.6217931       4.7409248        4.7409248        74.19712               74.19712
              4       41.774288      0.78186245       1.2958829         12.886038           11.580282      0.88808608     -0.62323503       4.7409248        4.7409248       74.066726              74.066726
              2       41.754528      0.78186245        1.296763         12.886072           11.580058      0.88778195     -0.62303247       4.7409248        4.7409248       74.027206              74.027206
              4       41.941617      0.78186245       1.2943515         12.886792           11.582281      0.88704121     -0.61591061       4.7409248        4.7409248       74.401384              74.401384
              1       42.094712      0.77284187       1.2943515         12.886792           11.582281      0.88704121     -0.61591061       4.7409248        4.7409248       74.707575              74.707575
              2       42.116114      0.77284187       1.2967966         12.886038           11.582464      0.88727108     -0.61954431       4.7409248        4.7409248       74.750379              74.750379
              6       42.173061      0.77284187       1.2981835         12.887648           11.584819      0.88507065     -0.61896619       4.7409248        4.7409248       74.864272              74.864272
              2       42.190111      0.77284187       1.3032282         12.878221           11.580685      0.88337745     -0.61541547       4.7409248        4.7409248       74.898373              74.898373
              2         42.1572      0.77284187       1.3027919         12.877946           11.580646      0.88396132     -0.61529386       4.7409248        4.7409248       74.832551              74.832551
              2       42.139588      0.77303039       1.3027919         12.877946           11.580646      0.88396132     -0.61529386       4.7409248        4.7409248       74.797327              74.797327
              1       42.860729      0.77303039       1.2959967         12.887354           11.578469      0.87944576     -0.60849407       4.7409248        4.7409248       76.239609              76.239609
              1       43.655952      0.77303039       1.2978374         12.890078           11.578477      0.88265527     -0.60828894       4.7409248        4.7409248       77.830054              77.830054
              2       43.570311      0.77303039       1.2954661         12.890406           11.579051      0.88385281     -0.61013402       4.7409248        4.7409248       77.658772              77.658772
              2       42.608981      0.77303039       1.3030192         12.892791           11.583363      0.88513936     -0.61155637       4.7409248        4.7409248       75.736113              75.736113
              1        42.06249      0.77303039       1.3000759         12.889175           11.587433      0.88744479     -0.61882575       4.7409248        4.7409248        74.64313               74.64313
              6       42.493098      0.77303039       1.3011478         12.886632           11.587817      0.88480948     -0.61861538       4.7409248        4.7409248       75.504346              75.504346
              1       42.228243      0.77303039       1.2852956         12.884702           11.580469      0.88715436     -0.61420069       4.7409248        4.7409248       74.974637              74.974637
              1       42.240767      0.77303039       1.2920912         12.876402           11.576898      0.88811704     -0.59988344       4.7409248        4.7409248       74.999684              74.999684
              2       42.539761      0.77303039       1.2922868            12.877           11.577937      0.89281819     -0.59968617       4.7409248        4.7409248       75.597672              75.597672
              4       42.665236      0.76924547       1.2922868            12.877           11.577937      0.89281819     -0.59968617       4.7409248        4.7409248       75.848622              75.848622
              3       42.664497      0.76924547       1.2884051         12.874984           11.578464       0.8977802     -0.59963878       4.7409248        4.7409248       75.847145              75.847145
              2       42.733953      0.77226842       1.2884051         12.874984           11.578464       0.8977802     -0.59963878       4.7409248        4.7409248       75.986056              75.986056
              1       42.510685      0.77226842       1.2729767         12.879672           11.586851      0.89805705     -0.60030679       4.7409248        4.7409248       75.539521              75.539521
              1       42.710365      0.77226842       1.2758111         12.881289            11.59099      0.90228646     -0.60070226       4.7409248        4.7409248       75.938881              75.938881
              4       42.255536      0.76902768       1.2758111         12.881289            11.59099      0.90228646     -0.60070226       4.7409248        4.7409248       75.029223              75.029223
              1       42.279183      0.76902768       1.2759899         12.879855           11.589086      0.90283393     -0.60132774       4.7409248        4.7409248       75.076517              75.076517
              1       42.414973      0.76902768       1.2742633         12.879301           11.589368      0.90401966     -0.60036923       4.7409248        4.7409248       75.348096              75.348096
              2       42.386958      0.76902768         1.28801         12.870249           11.584037      0.90502611     -0.60955408       4.7409248        4.7409248       75.292066              75.292066
              2       42.832624      0.76902768       1.2867982         12.869828           11.577861        0.913285     -0.60646396       4.7409248        4.7409248       76.183398              76.183398
              5       42.638538      0.76902768       1.2839657         12.868818           11.577338      0.91351744      -0.6093787       4.7409248        4.7409248       75.795226              75.795226
              1       42.070305      0.76902768       1.2938246         12.863526           11.573258       0.9135389     -0.61757047       4.7409248        4.7409248        74.65876               74.65876
              1       42.150429      0.76902768       1.2938234         12.858353           11.566808      0.90586002     -0.61103734       4.7409248        4.7409248       74.819008              74.819008
              3       42.384375      0.76902768       1.2958385         12.857462           11.566859      0.90895588     -0.60805366       4.7409248        4.7409248       75.286901              75.286901
              4       42.437005      0.76902768       1.2985831         12.862689           11.576079      0.91005394     -0.60235654       4.7409248        4.7409248        75.39216               75.39216
              6       42.453463      0.76902768       1.2999621         12.863223           11.574891      0.90917528     -0.60119547       4.7409248        4.7409248       75.425076              75.425076
              1       42.174256      0.76902768       1.3107276         12.863405            11.57129       0.9039876     -0.60068027       4.7409248        4.7409248       74.866663              74.866663
              1       42.555579      0.76291413       1.3107276         12.863405            11.57129       0.9039876     -0.60068027       4.7409248        4.7409248       75.629308              75.629308
              3       42.237593      0.76291413       1.3105451         12.858473           11.569117      0.90436788     -0.60649171       4.7409248        4.7409248       74.993336              74.993336
              1        42.08916      0.76291413       1.3104937         12.855235           11.568086      0.90518079     -0.60330385       4.7409248        4.7409248       74.696469              74.696469
              1       42.298058      0.76291413       1.3146535         12.843603           11.557334      0.92006038     -0.61354686       4.7409248        4.7409248       75.114266              75.114266
              1       42.287588      0.76303023       1.3146535         12.843603           11.557334      0.92006038     -0.61354686       4.7409248        4.7409248       75.093327              75.093327
              2       42.155368      0.76303023       1.3166848         12.843325           11.557657      0.91922644     -0.61395665       4.7409248        4.7409248       74.828887              74.828887
              1       43.225745      0.76303023       1.3149352         12.833147           11.560318      0.91701721     -0.60911114       4.7409248        4.7409248       76.969641              76.969641
              1       43.274318      0.76303023       1.3098411         12.830884           11.553388      0.90641996     -0.61673046       4.7409248        4.7409248       77.066787              77.066787
              1       43.453791      0.76303023       1.3100059           12.8305           11.553433      0.90626524     -0.61732002       4.7409248        4.7409248       77.425732              77.425732
