#        weight    minuslogpost          sigma8        ygk_Ahmc ygk_LOWZ__1_lM1_0 ygk_LOWZ__1_lMmin_0   ygk_mass_bias       ygk_rhogy   minuslogprior minuslogprior__0            chi2 chi2__ygk_like.ygkLike
              2       41.924016       0.7823583        1.268185         12.867586           11.561117      0.84856776     -0.59512091       4.7409248        4.7409248       74.366183              74.366183
              1       42.033396       0.7823583       1.2664941         12.864525            11.55721      0.84912886     -0.59933275       4.7409248        4.7409248       74.584943              74.584943
              1        41.73346       0.7823583       1.2688495         12.862876           11.561891       0.8486927     -0.60348099       4.7409248        4.7409248       73.985071              73.985071
              1       41.640024       0.7823583       1.2710297         12.863067           11.560796        0.848372      -0.6035216       4.7409248        4.7409248       73.798199              73.798199
              3       41.599455       0.7823583       1.2722591         12.861437           11.561169      0.85434026     -0.60238213       4.7409248        4.7409248        73.71706               73.71706
              1       41.673884       0.7823583       1.2717624         12.860866           11.561489      0.85430075      -0.6026973       4.7409248        4.7409248       73.865918              73.865918
              1       41.646886       0.7823583       1.2750548         12.858241           11.558912      0.85843304     -0.60626497       4.7409248        4.7409248       73.811923              73.811923
              2       41.731155       0.7823583       1.2739014         12.862116            11.56302      0.86299189     -0.60786885       4.7409248        4.7409248        73.98046               73.98046
              2       42.098113       0.7823583        1.270595          12.86025            11.56068      0.86782529     -0.60225777       4.7409248        4.7409248       74.714377              74.714377
              2       42.171373       0.7823583       1.2698536         12.858628           11.559597       0.8682133     -0.60201397       4.7409248        4.7409248       74.860896              74.860896
              2       42.545343       0.7823583       1.2670729          12.86037           11.549608      0.84508007     -0.60643385       4.7409248        4.7409248       75.608837              75.608837
              2       43.186935       0.7823583       1.2647352          12.86187           11.548184      0.84747901     -0.61370936       4.7409248        4.7409248       76.892021              76.892021
              1       42.067262      0.79511737       1.2647352          12.86187           11.548184      0.84747901     -0.61370936       4.7409248        4.7409248       74.652675              74.652675
              3       41.633473      0.79511737       1.2714418         12.856152           11.547079      0.82576216     -0.59411296       4.7409248        4.7409248       73.785096              73.785096
              2       41.635316      0.79511737       1.2645204         12.845663           11.538724      0.82465883     -0.59649859       4.7409248        4.7409248       73.788783              73.788783
              1       42.894106      0.79511737       1.2701618         12.850281           11.546013      0.82822672     -0.61215441       4.7409248        4.7409248       76.306363              76.306363
              8       44.612944      0.79511737        1.266851         12.846517           11.546372       0.8283372     -0.61426564       4.7409248        4.7409248       79.744039              79.744039
              1       42.823855      0.79511737       1.2502205         12.847346           11.545189      0.83668106     -0.61434155       4.7409248        4.7409248       76.165861              76.165861
              3       42.606845      0.78445173       1.2502205         12.847346           11.545189      0.83668106     -0.61434155       4.7409248        4.7409248       75.731841              75.731841
              1       42.080612      0.78445173        1.254164         12.848664           11.542061      0.84052867     -0.61174096       4.7409248        4.7409248       74.679375              74.679375
              1       42.383571      0.78445173       1.2557889         12.844635           11.543272      0.84755236     -0.62109692       4.7409248        4.7409248       75.285292              75.285292
              1        42.90651      0.78445173       1.2456213         12.842483           11.533073      0.85042229     -0.62110187       4.7409248        4.7409248       76.331171              76.331171
              1       43.111076      0.78445173       1.2511805         12.822251           11.530451      0.84563956     -0.61535218       4.7409248        4.7409248       76.740303              76.740303
              1       42.749111      0.78445173       1.2566465         12.827825           11.529722      0.83840759     -0.61693504       4.7409248        4.7409248       76.016373              76.016373
              1        42.35022      0.78445173       1.2567813         12.829276           11.528898      0.83964882      -0.6166534       4.7409248        4.7409248        75.21859               75.21859
              2       42.051048      0.78445173       1.2586683         12.828167           11.528267      0.83925735     -0.61196473       4.7409248        4.7409248       74.620246              74.620246
              1       42.166568      0.78445173       1.2655504         12.824084           11.525652      0.84241286     -0.61578926       4.7409248        4.7409248       74.851286              74.851286
              1       42.348357      0.78445173       1.2624242         12.822285           11.517548      0.83958752      -0.6162842       4.7409248        4.7409248       75.214864              75.214864
              1       41.991238      0.78445173        1.266476         12.823286           11.521457      0.83786106     -0.61196681       4.7409248        4.7409248       74.500626              74.500626
              1       41.536646      0.79037451        1.266476         12.823286           11.521457      0.83786106     -0.61196681       4.7409248        4.7409248       73.591442              73.591442
              3       41.432806      0.79037451       1.2718307         12.827396           11.522745      0.84464851     -0.61639705       4.7409248        4.7409248       73.383763              73.383763
              3       41.447825      0.79037451       1.2752573         12.823272               11.52      0.84527488     -0.61592045       4.7409248        4.7409248         73.4138                73.4138
              1       41.878434      0.79037451       1.2761775          12.82671           11.526581      0.84193976     -0.61496577       4.7409248        4.7409248       74.275018              74.275018
              2       42.308239      0.78245415       1.2761775          12.82671           11.526581      0.84193976     -0.61496577       4.7409248        4.7409248       75.134628              75.134628
              2       42.280644      0.78245415       1.2760336         12.827357           11.526407      0.84214658     -0.61523446       4.7409248        4.7409248       75.079439              75.079439
              3       42.137108      0.78245415       1.2754069         12.825805            11.52385      0.84483134     -0.61561407       4.7409248        4.7409248       74.792367              74.792367
              3       42.768115      0.78245415       1.2647138          12.82995           11.525813      0.84551251     -0.62330959       4.7409248        4.7409248       76.054381              76.054381
              4       42.675235      0.78245415       1.2672677         12.827525           11.525715      0.84930325     -0.62596695       4.7409248        4.7409248       75.868621              75.868621
              2         42.7252      0.78245415       1.2680069         12.825453           11.524649      0.84798985     -0.62520016       4.7409248        4.7409248       75.968551              75.968551
              3       42.676685      0.78245415       1.2686379         12.824995           11.523287      0.84893215     -0.62596084       4.7409248        4.7409248        75.87152               75.87152
              4       42.689241      0.78245415       1.2687063          12.82496            11.52322      0.84876425     -0.62597111       4.7409248        4.7409248       75.896633              75.896633
              4       42.992728      0.78245415       1.2585772         12.822448           11.521364      0.84183857     -0.62265802       4.7409248        4.7409248       76.503606              76.503606
              2       43.533355      0.78245415       1.2549636         12.824743           11.517335       0.8435324     -0.62217273       4.7409248        4.7409248       77.584861              77.584861
              1       43.239994      0.78245415       1.2548698         12.824423           11.518269      0.84622746      -0.6230061       4.7409248        4.7409248       76.998138              76.998138
              1       43.740489      0.78245415       1.2577926         12.827252           11.521334      0.85095758     -0.60569137       4.7409248        4.7409248       77.999129              77.999129
              2       43.680811      0.78245415       1.2579702          12.82583           11.520492      0.85117669     -0.60539971       4.7409248        4.7409248       77.879772              77.879772
              4       42.826357      0.78245415       1.2582778         12.825116            11.52202        0.848834     -0.60559823       4.7409248        4.7409248       76.170865              76.170865
              1       42.505231      0.78245415        1.262307         12.825243           11.522031      0.84972017     -0.61018657       4.7409248        4.7409248       75.528612              75.528612
              2       43.625974      0.78245415       1.2649239         12.827974           11.542611      0.86224973     -0.60534439       4.7409248        4.7409248       77.770099              77.770099
              1       43.297965      0.78245415       1.2649596         12.830655           11.543799       0.8654269     -0.60789968       4.7409248        4.7409248       77.114081              77.114081
              1       42.357667      0.78245415       1.2710688         12.837044           11.545716       0.8616773     -0.60488281       4.7409248        4.7409248       75.233485              75.233485
              1       42.621398      0.78245415       1.2778246          12.83651            11.53473      0.86583118     -0.60528986       4.7409248        4.7409248       75.760947              75.760947
              6       46.573918      0.79607322       1.2778246          12.83651            11.53473      0.86583118     -0.60528986       4.7409248        4.7409248       83.665987              83.665987
              1       46.014738      0.79607322       1.2807039         12.827304           11.519153      0.85103465     -0.59756387       4.7409248        4.7409248       82.547626              82.547626
              2       45.025526      0.79295728       1.2807039         12.827304           11.519153      0.85103465     -0.59756387       4.7409248        4.7409248       80.569202              80.569202
              2         43.6551      0.79295728       1.2719573         12.825441            11.51874      0.84552294     -0.59922602       4.7409248        4.7409248       77.828351              77.828351
              1       43.786678      0.79295728       1.2717199         12.826679           11.518715       0.8457105     -0.59997947       4.7409248        4.7409248       78.091506              78.091506
              1        42.37113      0.79295728       1.2744456         12.824052           11.517846      0.84401709     -0.60554639       4.7409248        4.7409248        75.26041               75.26041
