#        weight    minuslogpost          sigma8        ygk_Ahmc ygk_LOWZ__1_lM1_0 ygk_LOWZ__1_lMmin_0   ygk_mass_bias       ygk_rhogy   minuslogprior minuslogprior__0            chi2 chi2__ygk_like.ygkLike
              2       42.173839      0.77874041       1.2913525         12.893477           11.588648      0.86834034     -0.61554853       4.7409248        4.7409248       74.865829              74.865829
              1       41.648706      0.77874041       1.2859176         12.891247            11.58342      0.86949763     -0.60896027       4.7409248        4.7409248       73.815563              73.815563
              2       42.827295      0.77874041       1.2853949         12.888554           11.591121      0.86808728     -0.60805869       4.7409248        4.7409248        76.17274               76.17274
              4       41.973773      0.77874041       1.2839522         12.889079           11.589668      0.86444068     -0.60061783       4.7409248        4.7409248       74.465697              74.465697
              1       41.810907      0.77874041       1.2783971         12.891614           11.583022      0.86169258      -0.6026857       4.7409248        4.7409248       74.139963              74.139963
              1       41.948718      0.77874041       1.2840739         12.887811           11.577946      0.86296428     -0.60797468       4.7409248        4.7409248       74.415586              74.415586
              3       41.587354      0.77874041       1.2802602         12.879383           11.576505      0.86372296     -0.60444184       4.7409248        4.7409248       73.692858              73.692858
              4        41.52883      0.78096786       1.2802602         12.879383           11.576505      0.86372296     -0.60444184       4.7409248        4.7409248       73.575811              73.575811
              1       41.616006      0.78096786       1.2803093         12.879859           11.575987      0.86066929     -0.60833676       4.7409248        4.7409248       73.750162              73.750162
              1        41.76076      0.77908001       1.2803093         12.879859           11.575987      0.86066929     -0.60833676       4.7409248        4.7409248        74.03967               74.03967
              5       41.884576      0.77908001       1.2958111         12.877587           11.574252      0.84824196     -0.59844539       4.7409248        4.7409248       74.287303              74.287303
              1       41.889322      0.77908001       1.2959449         12.877502           11.573861      0.84821109     -0.59891531       4.7409248        4.7409248       74.296794              74.296794
              2       41.637223      0.77908001        1.310647         12.881144           11.572394      0.85881484     -0.59486858       4.7409248        4.7409248       73.792597              73.792597
              1       42.186718      0.77908001       1.3083791         12.884504           11.573691      0.86381909     -0.59546775       4.7409248        4.7409248       74.891586              74.891586
              1        43.48459      0.77908001       1.3080515         12.891596           11.573551      0.85860211     -0.59833728       4.7409248        4.7409248       77.487331              77.487331
              2       42.223979      0.77908001       1.3215524          12.88991           11.574631      0.86375958     -0.61347245       4.7409248        4.7409248       74.966108              74.966108
              1       42.383917      0.77908001       1.3256612         12.892108           11.575196      0.86444217      -0.6097791       4.7409248        4.7409248       75.285985              75.285985
              2       41.926627      0.77908001       1.3274259         12.892181           11.577843       0.8602948     -0.60712056       4.7409248        4.7409248       74.371404              74.371404
              1       41.414076      0.78746542       1.3274259         12.892181           11.577843       0.8602948     -0.60712056       4.7409248        4.7409248       73.346303              73.346303
              1       41.750779      0.78746542       1.3365499         12.889305           11.577134      0.85905949       -0.614319       4.7409248        4.7409248       74.019707              74.019707
              2       42.551648      0.78746542       1.3388768         12.886056           11.579347      0.86350012      -0.6110518       4.7409248        4.7409248       75.621446              75.621446
              2       42.121203      0.78746542       1.3382769         12.886613           11.571454      0.86545756     -0.60247712       4.7409248        4.7409248       74.760556              74.760556
              3       41.594069      0.78746542       1.3447922         12.881242           11.571236      0.85818066     -0.60021154       4.7409248        4.7409248       73.706289              73.706289
              3       41.748056      0.78746542       1.3418612         12.873081           11.566093      0.86021602     -0.60508544       4.7409248        4.7409248       74.014262              74.014262
              1       41.498951      0.78746542        1.342607         12.875512           11.559211      0.85542211     -0.62037659       4.7409248        4.7409248       73.516052              73.516052
              1       41.477577      0.79143496        1.342607         12.875512           11.559211      0.85542211     -0.62037659       4.7409248        4.7409248       73.473305              73.473305
              3       42.078594      0.79143496       1.3506098         12.875677           11.562264      0.86771049      -0.6251863       4.7409248        4.7409248       74.675339              74.675339
              4        41.78386      0.79143496       1.3497936         12.877573           11.561329      0.86694338      -0.6262703       4.7409248        4.7409248       74.085871              74.085871
              4       41.938844       0.7925013       1.3497936         12.877573           11.561329      0.86694338      -0.6262703       4.7409248        4.7409248       74.395839              74.395839
              2       42.356302       0.7925013        1.349429         12.879061           11.565256      0.86993548      -0.6215983       4.7409248        4.7409248       75.230755              75.230755
              4        42.51271       0.7925013       1.3420328          12.88223           11.569917      0.85711325     -0.61889041       4.7409248        4.7409248       75.543571              75.543571
              2       42.167579       0.7925013       1.3403294         12.882052           11.567709      0.86087759     -0.62371978       4.7409248        4.7409248       74.853309              74.853309
              1       42.926269       0.7925013       1.3429107          12.89668           11.563383      0.84862371     -0.63274147       4.7409248        4.7409248       76.370689              76.370689
              3       42.190113      0.80028823       1.3429107          12.89668           11.563383      0.84862371     -0.63274147       4.7409248        4.7409248       74.898376              74.898376
              1       41.727642      0.80028823       1.3382596         12.889459            11.56114      0.83573995     -0.62378409       4.7409248        4.7409248       73.973435              73.973435
              1        42.85868      0.80028823         1.34882          12.88669           11.547704      0.83397418     -0.62643675       4.7409248        4.7409248       76.235511              76.235511
              1         43.0396      0.80028823       1.3488343         12.887931            11.54781      0.83263673      -0.6273257       4.7409248        4.7409248        76.59735               76.59735
              1       42.007505      0.80028823        1.347268          12.88098           11.548811       0.8320567     -0.63081078       4.7409248        4.7409248        74.53316               74.53316
              1       41.657174      0.80028823       1.3401874         12.880677           11.552053      0.83641073     -0.62681715       4.7409248        4.7409248       73.832498              73.832498
              1       41.927425      0.80028823       1.3400221          12.88368           11.552153      0.84262491     -0.63373821       4.7409248        4.7409248       74.373001              74.373001
              5       42.015705      0.80028823       1.3379515         12.885143           11.552713      0.84025753     -0.63517141       4.7409248        4.7409248       74.549561              74.549561
              1       41.935531      0.80028823       1.3397223         12.882228           11.553844      0.84525589     -0.63458888       4.7409248        4.7409248       74.389212              74.389212
              1       41.906122      0.79941733       1.3397223         12.882228           11.553844      0.84525589     -0.63458888       4.7409248        4.7409248       74.330395              74.330395
              1        41.90636      0.79941733       1.3393956         12.883422           11.552938      0.84612953      -0.6333569       4.7409248        4.7409248       74.330871              74.330871
              1       41.988325      0.79941733       1.3413855         12.884315           11.552778      0.84602612     -0.63373891       4.7409248        4.7409248         74.4948                74.4948
              1       41.920735      0.79941733       1.3408023         12.884127           11.553307      0.84512314     -0.63341768       4.7409248        4.7409248        74.35962               74.35962
              3       41.957402      0.79941733       1.3419457          12.88403           11.552922      0.84387939     -0.63426017       4.7409248        4.7409248       74.432954              74.432954
              4       42.038985      0.79941733       1.3437749         12.884883            11.55213      0.84332521     -0.63069562       4.7409248        4.7409248        74.59612               74.59612
              2       42.496434      0.80543781       1.3437749         12.884883            11.55213      0.84332521     -0.63069562       4.7409248        4.7409248       75.511018              75.511018
              1       42.490246      0.80543781       1.3420205         12.884441           11.550124      0.84201801       -0.630612       4.7409248        4.7409248       75.498643              75.498643
              2       42.815293      0.80543781       1.3486748         12.873278           11.548289      0.84015379     -0.62317809       4.7409248        4.7409248       76.148736              76.148736
              4       41.780598      0.79277669       1.3486748         12.873278           11.548289      0.84015379     -0.62317809       4.7409248        4.7409248       74.079346              74.079346
              3       41.393474      0.79277669       1.3353378         12.870169           11.548468      0.84138416     -0.62010291       4.7409248        4.7409248       73.305098              73.305098
