#        weight    minuslogpost          sigma8        ygk_Ahmc ygk_LOWZ__1_lM1_0 ygk_LOWZ__1_lMmin_0   ygk_mass_bias       ygk_rhogy   minuslogprior minuslogprior__0            chi2 chi2__ygk_like.ygkLike
              1       41.082051      0.78878293       1.3241688         12.871776           11.557817      0.82898703      -0.5898479       4.7409248        4.7409248       72.682253              72.682253
              1       41.069994      0.78878293       1.3281987         12.872387           11.559417      0.83104217     -0.59070805       4.7409248        4.7409248       72.658139              72.658139
              1       41.085857      0.78878293         1.32767          12.87255            11.55832      0.83249099     -0.59164825       4.7409248        4.7409248       72.689864              72.689864
              1        43.00009      0.77858396         1.32767          12.87255            11.55832      0.83249099     -0.59164825       4.7409248        4.7409248        76.51833               76.51833
              1       42.447959      0.77858396       1.3261761         12.871975           11.560485      0.83437087     -0.59053794       4.7409248        4.7409248       75.414069              75.414069
              1       45.457452      0.77858396       1.3250116         12.863751           11.564688      0.83178917     -0.60019271       4.7409248        4.7409248       81.433055              81.433055
              1        45.02321      0.78414917       1.3250116         12.863751           11.564688      0.83178917     -0.60019271       4.7409248        4.7409248       80.564571              80.564571
              2       43.798226      0.78414917       1.3327661          12.86207           11.564788      0.83792108     -0.59293149       4.7409248        4.7409248       78.114603              78.114603
              1       41.298662      0.78414917       1.3355622          12.86694           11.555553      0.83201747     -0.58967712       4.7409248        4.7409248       73.115475              73.115475
              1       41.180669      0.78414917       1.3316901         12.862743           11.554206      0.83103839     -0.58566783       4.7409248        4.7409248       72.879488              72.879488
              1       41.404496      0.78414917        1.331441         12.866219           11.560084      0.82701231     -0.58127878       4.7409248        4.7409248       73.327142              73.327142
              4       41.377009      0.78551225        1.331441         12.866219           11.560084      0.82701231     -0.58127878       4.7409248        4.7409248       73.272169              73.272169
              1       41.639156      0.78551225       1.3378116         12.861461            11.55462      0.82835775      -0.5905467       4.7409248        4.7409248       73.796462              73.796462
              1       41.549034      0.78551225       1.3413832         12.870221           11.553958      0.82849179     -0.59217905       4.7409248        4.7409248       73.616219              73.616219
              1       41.309803      0.78551225       1.3423454         12.870944           11.556693        0.830644     -0.59090462       4.7409248        4.7409248       73.137757              73.137757
              1       41.941286      0.78551225       1.3477015         12.872271           11.552643      0.83481508      -0.5940511       4.7409248        4.7409248       74.400723              74.400723
              1         41.4545      0.78551225       1.3471658         12.870834           11.554913      0.83507604     -0.59814492       4.7409248        4.7409248       73.427151              73.427151
              1       41.600301      0.78551225       1.3494553         12.860079           11.553997      0.83699796     -0.59505514       4.7409248        4.7409248       73.718753              73.718753
              1        41.71108      0.78291334       1.3494553         12.860079           11.553997      0.83699796     -0.59505514       4.7409248        4.7409248        73.94031               73.94031
              2       41.458232      0.78291334       1.3475454         12.860045           11.553294      0.83876684     -0.59507036       4.7409248        4.7409248       73.434615              73.434615
              3       41.243839      0.78291334       1.3533048         12.862368           11.552863      0.84342407     -0.59710915       4.7409248        4.7409248       73.005828              73.005828
              2       41.763029      0.78291334       1.3479102         12.868644           11.557752      0.85214136     -0.58631623       4.7409248        4.7409248       74.044208              74.044208
              2        41.47779      0.78291334       1.3300027         12.872243           11.562821      0.84481521     -0.58277266       4.7409248        4.7409248       73.473731              73.473731
              1       41.139366      0.78291334       1.3252781         12.870027           11.562452      0.84899572     -0.59522737       4.7409248        4.7409248       72.796883              72.796883
              1       41.995743      0.78291334       1.3209797         12.863753           11.564608      0.86118931     -0.58845154       4.7409248        4.7409248       74.509636              74.509636
              2       42.310295      0.76947788       1.3209797         12.863753           11.564608      0.86118931     -0.58845154       4.7409248        4.7409248        75.13874               75.13874
              2       42.102648      0.76947788       1.3196758         12.861331           11.565151      0.86437867     -0.59176206       4.7409248        4.7409248       74.723447              74.723447
              1       43.114084      0.76947788       1.3066598         12.865111           11.572862      0.85883975     -0.59347183       4.7409248        4.7409248       76.746319              76.746319
              2       42.644035      0.77796471       1.3066598         12.865111           11.572862      0.85883975     -0.59347183       4.7409248        4.7409248       75.806221              75.806221
              2       42.035681      0.77796471        1.304407         12.866617           11.573486      0.86440856     -0.58821837       4.7409248        4.7409248       74.589512              74.589512
              5       43.250476      0.77796471       1.3044005         12.866798           11.577972      0.86813653     -0.59149298       4.7409248        4.7409248       77.019103              77.019103
              2       41.696946      0.77796471       1.3040694         12.861217           11.565526      0.87508557     -0.59877163       4.7409248        4.7409248       73.912042              73.912042
              2       41.678694      0.77796471        1.304775         12.861021           11.565562      0.87455807     -0.59921879       4.7409248        4.7409248       73.875538              73.875538
              1       41.601236      0.77796471       1.3018719         12.870246           11.566113      0.87422655     -0.60741737       4.7409248        4.7409248       73.720623              73.720623
              3       41.487762      0.77796471       1.3032604          12.87016           11.567842      0.87672062     -0.60799034       4.7409248        4.7409248       73.493674              73.493674
              1       41.454777      0.77796471       1.3016682         12.870403           11.568125       0.8729428     -0.60949816       4.7409248        4.7409248       73.427704              73.427704
              3       42.118619      0.77796471       1.2963047         12.865241           11.571831      0.87254974     -0.60298744       4.7409248        4.7409248       74.755388              74.755388
              1       42.211187      0.77796471       1.2962509         12.865206           11.572202      0.87241044     -0.60292199       4.7409248        4.7409248       74.940524              74.940524
              1       42.180806      0.77796471       1.2943142         12.863543           11.571401      0.87380344     -0.59790312       4.7409248        4.7409248       74.879762              74.879762
              2       41.862187      0.77796471       1.3028281          12.86462           11.570508       0.8700003     -0.59334794       4.7409248        4.7409248       74.242525              74.242525
              2       41.722403      0.77796471       1.2994964         12.870534           11.568952      0.86631528     -0.59190027       4.7409248        4.7409248       73.962957              73.962957
              2       41.595314      0.77796471       1.3003576         12.871289            11.56887       0.8663415     -0.59515277       4.7409248        4.7409248       73.708779              73.708779
              2       41.644501      0.77796471       1.3034202         12.873794           11.575532      0.87165238     -0.59388457       4.7409248        4.7409248       73.807153              73.807153
              3       41.656235      0.77796471       1.3050287         12.872858           11.575121      0.87162988      -0.5936659       4.7409248        4.7409248        73.83062               73.83062
             10       43.051192      0.77796471       1.3030764         12.862987           11.572747      0.87738685     -0.58551107       4.7409248        4.7409248       76.620535              76.620535
              1       43.268335      0.77796471       1.2966517         12.864923           11.571605      0.88234384     -0.58775637       4.7409248        4.7409248       77.054821              77.054821
              1       43.313956      0.77796471       1.2968139         12.865036            11.57115      0.88213634     -0.58730966       4.7409248        4.7409248       77.146063              77.146063
              1       42.613649      0.77796471       1.3061582         12.867838           11.576911      0.87301846     -0.58978564       4.7409248        4.7409248       75.745449              75.745449
              2       43.000599      0.77935997       1.3061582         12.867838           11.576911      0.87301846     -0.58978564       4.7409248        4.7409248       76.519349              76.519349
              1        43.87607      0.77935997       1.3066732         12.864462           11.576897      0.87240023     -0.58941819       4.7409248        4.7409248        78.27029               78.27029
              1       42.419883      0.77935997       1.3117482         12.864024            11.57115      0.87550238     -0.59555629       4.7409248        4.7409248       75.357917              75.357917
              2       43.013876      0.77935997        1.307398         12.862179           11.570169      0.87850979      -0.5896294       4.7409248        4.7409248       76.545902              76.545902
              2       44.549524      0.77935997        1.316555         12.871698            11.56968       0.8766334       -0.579074       4.7409248        4.7409248       79.617199              79.617199
              2       44.986138      0.78076252        1.316555         12.871698            11.56968       0.8766334       -0.579074       4.7409248        4.7409248       80.490426              80.490426
              1       47.660064      0.78076252       1.3023586         12.848169           11.547715      0.85817104     -0.55979504       4.7409248        4.7409248       85.838278              85.838278
              1       45.355392      0.78076252       1.2954367          12.84701           11.551935      0.85697951     -0.56263926       4.7409248        4.7409248       81.228934              81.228934
              2       45.452818      0.78076252       1.2952593         12.847339           11.551723      0.85694579     -0.56264242       4.7409248        4.7409248       81.423786              81.423786
              1        45.46662      0.78076252       1.2960312         12.851594           11.558365       0.8517986     -0.55424205       4.7409248        4.7409248        81.45139               81.45139
              2       43.663657      0.77115659       1.2960312         12.851594           11.558365       0.8517986     -0.55424205       4.7409248        4.7409248       77.845465              77.845465
              1       42.154703      0.77115659       1.2928612         12.844075           11.556564      0.85196355     -0.56779384       4.7409248        4.7409248       74.827557              74.827557
              1       42.139413      0.77115659       1.2918323         12.845599           11.557652      0.85151283     -0.56854902       4.7409248        4.7409248       74.796977              74.796977
              1       43.500984      0.77115659       1.2809603         12.844841           11.552741      0.85576578     -0.56488047       4.7409248        4.7409248       77.520119              77.520119
              1       42.728533      0.77115659       1.2798069         12.841832           11.556862      0.85583803     -0.56348811       4.7409248        4.7409248       75.975217              75.975217
              2       42.616534      0.77115659       1.2788078         12.840962           11.555757      0.85115665     -0.56268162       4.7409248        4.7409248       75.751218              75.751218
              1       42.738401      0.77115659       1.2706612         12.839936            11.55696      0.84632826     -0.56508908       4.7409248        4.7409248       75.994952              75.994952
              1       42.681623      0.77115659       1.2710219         12.841235           11.557459      0.84566902     -0.56529162       4.7409248        4.7409248       75.881397              75.881397
              2       43.210724      0.77707013       1.2710219         12.841235           11.557459      0.84566902     -0.56529162       4.7409248        4.7409248       76.939599              76.939599
              1       43.239503      0.77707013       1.2710215         12.841199           11.557559      0.84562466     -0.56513629       4.7409248        4.7409248       76.997157              76.997157
              1       43.434999      0.77707013       1.2713914         12.845667           11.555676      0.84960797     -0.56219529       4.7409248        4.7409248       77.388149              77.388149
