#        weight    minuslogpost          sigma8        ygk_Ahmc ygk_LOWZ__1_lM1_0 ygk_LOWZ__1_lMmin_0   ygk_mass_bias       ygk_rhogy   minuslogprior minuslogprior__0            chi2 chi2__ygk_like.ygkLike
              1       43.188944      0.77497278         1.30244         12.892597           11.578824      0.86690428     -0.60424698       4.7409248        4.7409248       76.896038              76.896038
              1       42.975245      0.77497278       1.3134918         12.890813           11.577016      0.87320826     -0.61010302       4.7409248        4.7409248        76.46864               76.46864
              2        41.60604      0.77497278       1.3178631          12.89636           11.593433      0.87714342     -0.60437508       4.7409248        4.7409248       73.730231              73.730231
              4       41.851956      0.77497278        1.306772          12.90426           11.594979       0.8885973      -0.6158612       4.7409248        4.7409248       74.222062              74.222062
              2       41.861896      0.77497278       1.3066469          12.90373           11.594426      0.88833613     -0.61399001       4.7409248        4.7409248       74.241943              74.241943
              2        41.84983      0.77497278       1.3065276         12.903713           11.594513      0.88824726     -0.61398941       4.7409248        4.7409248       74.217811              74.217811
              7       41.678815      0.77861475       1.3065276         12.903713           11.594513      0.88824726     -0.61398941       4.7409248        4.7409248        73.87578               73.87578
              1       42.777909      0.77861475       1.3132046             12.91            11.59019      0.87997801      -0.6233498       4.7409248        4.7409248       76.073969              76.073969
              1       43.350123      0.77861475       1.2945823         12.903779           11.585794      0.86847093     -0.62861524       4.7409248        4.7409248       77.218396              77.218396
              2       43.417658      0.77861475       1.2910053         12.914421            11.59523      0.86229725     -0.62292363       4.7409248        4.7409248       77.353466              77.353466
              1       43.315526      0.77861475       1.2949199         12.909566            11.59549      0.85635459     -0.61826211       4.7409248        4.7409248       77.149202              77.149202
              4        43.85081      0.77684757       1.2949199         12.909566            11.59549      0.85635459     -0.61826211       4.7409248        4.7409248        78.21977               78.21977
              2       43.203417      0.77684757       1.3097703          12.90847           11.589168      0.87466418     -0.61700016       4.7409248        4.7409248       76.924985              76.924985
              1       42.863323      0.77684757       1.3146504         12.910904           11.592303      0.87250209     -0.60991367       4.7409248        4.7409248       76.244797              76.244797
              2        43.49715      0.77684757       1.3160692         12.902714           11.585805      0.87882024     -0.60327429       4.7409248        4.7409248        77.51245               77.51245
              1       43.583803       0.7762796       1.3160692         12.902714           11.585805      0.87882024     -0.60327429       4.7409248        4.7409248       77.685756              77.685756
              1        44.27364       0.7762796       1.3195149         12.903914           11.584723      0.88040605     -0.60509722       4.7409248        4.7409248        79.06543               79.06543
              1       43.159435       0.7762796       1.3181801         12.904639           11.589822      0.88657745     -0.60480011       4.7409248        4.7409248        76.83702               76.83702
              2       41.719455       0.7762796       1.3228396         12.892675           11.584308      0.89473652      -0.6218027       4.7409248        4.7409248       73.957061              73.957061
              1       41.657425       0.7762796       1.3310552         12.889108           11.584906       0.8903763     -0.61932797       4.7409248        4.7409248          73.833                 73.833
              5       41.928304       0.7762796       1.3299977         12.885831           11.577668      0.89335935     -0.61353299       4.7409248        4.7409248       74.374759              74.374759
              2       41.982997       0.7762796       1.3359958         12.892564           11.581809      0.90085621     -0.62492082       4.7409248        4.7409248       74.484144              74.484144
              1       41.737845       0.7762796       1.3354133         12.890597           11.583967      0.89901145     -0.62682024       4.7409248        4.7409248        73.99384               73.99384
              2       41.754606       0.7762796        1.335219         12.886492           11.580683      0.90165126     -0.62880547       4.7409248        4.7409248       74.027363              74.027363
              3       42.044915       0.7762796        1.334505         12.884209           11.581834      0.90661736     -0.63214133       4.7409248        4.7409248       74.607981              74.607981
              3       41.812678       0.7762796       1.3353655         12.877113           11.574854      0.90615219     -0.63056888       4.7409248        4.7409248       74.143507              74.143507
              1       43.431906       0.7762796       1.3152913         12.875635           11.573239      0.91345009     -0.61606578       4.7409248        4.7409248       77.381963              77.381963
              2       43.196648       0.7762796       1.3208315          12.85324           11.565558      0.90237557     -0.60596263       4.7409248        4.7409248       76.911446              76.911446
              2       45.537145       0.7762796       1.3211231          12.84953           11.569391      0.90607795     -0.60737371       4.7409248        4.7409248        81.59244               81.59244
              1       45.205056       0.7762796       1.3153455         12.852185           11.570698      0.91087628     -0.61194418       4.7409248        4.7409248       80.928262              80.928262
              2       46.047265       0.7762796       1.3151847         12.851555           11.571974      0.90901168     -0.61369958       4.7409248        4.7409248       82.612681              82.612681
              2       43.115821       0.7762796          1.3062         12.838237           11.552891      0.90596947      -0.6187313       4.7409248        4.7409248       76.749792              76.749792
              1       42.980802       0.7762796       1.3130476         12.837487           11.551084      0.90972744     -0.62439428       4.7409248        4.7409248       76.479754              76.479754
              1       43.137408       0.7762796        1.312184         12.840218            11.55406      0.91053899     -0.62359817       4.7409248        4.7409248       76.792967              76.792967
              2       42.285744      0.77189138        1.312184         12.840218            11.55406      0.91053899     -0.62359817       4.7409248        4.7409248       75.089639              75.089639
              1       42.066341      0.77189138       1.3196878         12.846518            11.55058       0.9070451     -0.62050335       4.7409248        4.7409248       74.650832              74.650832
              3       42.719315      0.77189138       1.3250331         12.840911           11.557099      0.90466617     -0.61740759       4.7409248        4.7409248       75.956781              75.956781
              1       45.140722      0.77189138       1.3132128         12.836594           11.561617      0.90966936      -0.6120423       4.7409248        4.7409248       80.799594              80.799594
              2       42.828551      0.77189138       1.3109654          12.83357           11.548659      0.91775178     -0.61605184       4.7409248        4.7409248       76.175252              76.175252
              3       42.394572      0.76934691       1.3109654          12.83357           11.548659      0.91775178     -0.61605184       4.7409248        4.7409248       75.307295              75.307295
              5        42.30162      0.76934691       1.3105135          12.83626           11.552483      0.91645291     -0.61642175       4.7409248        4.7409248       75.121391              75.121391
              1       42.240797      0.76934691       1.3097376         12.843532           11.550916      0.91570612     -0.62594524       4.7409248        4.7409248       74.999745              74.999745
              4       42.189329      0.77109472       1.3097376         12.843532           11.550916      0.91570612     -0.62594524       4.7409248        4.7409248       74.896809              74.896809
              3       42.113737      0.77109472       1.3111178         12.840013           11.547961      0.91532241     -0.62822835       4.7409248        4.7409248       74.745624              74.745624
              1       42.162619      0.77109472       1.3128473          12.84468           11.550398      0.91160364     -0.62381196       4.7409248        4.7409248       74.843389              74.843389
              1       42.262606      0.77109472       1.2960374         12.842956           11.550082      0.90546446     -0.62040265       4.7409248        4.7409248       75.043362              75.043362
              1       42.268424      0.77384552       1.2960374         12.842956           11.550082      0.90546446     -0.62040265       4.7409248        4.7409248       75.054998              75.054998
              2       43.473683      0.77384552       1.2978532         12.836364           11.546584      0.90847902     -0.60967878       4.7409248        4.7409248       77.465517              77.465517
              1       43.156244      0.77384552       1.2968307         12.835028           11.546182      0.90693123     -0.61032413       4.7409248        4.7409248       76.830637              76.830637
              1       44.858623      0.77384552       1.3131716         12.832388           11.529495      0.90940167     -0.62628323       4.7409248        4.7409248       80.235396              80.235396
              1       42.917653      0.77384552       1.3111265          12.83378             11.5444      0.91292121     -0.64364684       4.7409248        4.7409248       76.353456              76.353456
              2       43.746804      0.78000628       1.3111265          12.83378             11.5444      0.91292121     -0.64364684       4.7409248        4.7409248       78.011759              78.011759
              3       42.661034      0.78000628       1.3077908         12.833186           11.540856      0.90704455     -0.63754982       4.7409248        4.7409248       75.840218              75.840218
              4       42.801656      0.78000628       1.3085393         12.831872           11.540511      0.90739184     -0.63713426       4.7409248        4.7409248       76.121463              76.121463
