#        weight    minuslogpost        ygk_Ahmc ygk_LOWZ__1_lM1_0 ygk_LOWZ__1_lMmin_0   ygk_mass_bias       ygk_rhogy   minuslogprior minuslogprior__0            chi2 chi2__ygk_like.ygkLike
              1       56.336929       1.1011246         13.074171           11.722057      0.74259582     -0.79643336        5.362226         5.362226       101.94941              101.94941
              1       56.753304       1.1002471         13.074113           11.713642      0.73592028     -0.79569327        5.362226         5.362226       102.78216              102.78216
              1       56.537825       1.1016023         13.073064            11.71418      0.73519282     -0.79461376        5.362226         5.362226        102.3512               102.3512
              2       56.508074        1.097068         13.058094           11.712179      0.73776286     -0.80073818        5.362226         5.362226        102.2917               102.2917
              2       56.786812       1.1079418         13.068949            11.70822      0.73597623      -0.8125965        5.362226         5.362226       102.84917              102.84917
              5       56.241288       1.1039931         13.072604           11.719563      0.73225674     -0.81609788        5.362226         5.362226       101.75812              101.75812
              3       56.302863       1.1063804         13.073633           11.721606       0.7320713     -0.81635332        5.362226         5.362226       101.88127              101.88127
              1       56.331013       1.1044312          13.07521           11.722986      0.73589148     -0.81639925        5.362226         5.362226       101.93757              101.93757
              1       56.352056       1.1144726         13.079964           11.721178      0.73980843     -0.80783354        5.362226         5.362226       101.97966              101.97966
              2       56.459083       1.1138655          13.08315           11.722613      0.73766722     -0.80760775        5.362226         5.362226       102.19371              102.19371
              3       56.257686       1.1118794         13.081118           11.724448      0.73688039      -0.8034047        5.362226         5.362226       101.79092              101.79092
              1       56.979918       1.1301073          13.09086           11.724815      0.73327152     -0.79309698        5.362226         5.362226       103.23538              103.23538
              1       56.634348       1.1359737         13.082765           11.719676      0.72951988      -0.7969515        5.362226         5.362226       102.54424              102.54424
              4       56.286786       1.1396594         13.079591           11.721013      0.74014249     -0.79679735        5.362226         5.362226       101.84912              101.84912
              2       56.567703       1.1367899         13.080758            11.71942      0.74874645     -0.79608423        5.362226         5.362226       102.41095              102.41095
              1       56.322687       1.1390011         13.079672           11.722064      0.74372786      -0.8098792        5.362226         5.362226       101.92092              101.92092
              6       56.320299       1.1375148         13.067699           11.711681      0.74937229     -0.81321854        5.362226         5.362226       101.91615              101.91615
              1       56.486958       1.1411265         13.067852           11.709956      0.75432926     -0.81146733        5.362226         5.362226       102.24946              102.24946
              3       56.600771       1.1415762          13.06832           11.712856      0.75887014      -0.8224336        5.362226         5.362226       102.47709              102.47709
              1       56.619028       1.1369753         13.064043           11.711059      0.75839088     -0.82613114        5.362226         5.362226        102.5136               102.5136
              1       58.764328       1.1540576         13.051439            11.71019      0.76308094      -0.8329927        5.362226         5.362226        106.8042               106.8042
              2       58.684271       1.1563146         13.057459           11.714883         0.75568     -0.84408614        5.362226         5.362226       106.64409              106.64409
              3       60.575535       1.1620652         13.049917           11.712449      0.76193987     -0.85006415        5.362226         5.362226       110.42662              110.42662
              1       56.711632       1.1796542         13.057662           11.700209      0.75081761     -0.84957843        5.362226         5.362226       102.69881              102.69881
              1       58.385837       1.1703312         13.053891           11.686116      0.74893868     -0.85001853        5.362226         5.362226       106.04722              106.04722
              1       58.546012       1.1702874         13.054157           11.685785      0.74882293     -0.84977352        5.362226         5.362226       106.36757              106.36757
              1       56.480415       1.1682635          13.05311           11.695246       0.7451604     -0.83794039        5.362226         5.362226       102.23638              102.23638
              1       56.534421       1.1699432         13.054924           11.696246       0.7449085     -0.83837038        5.362226         5.362226       102.34439              102.34439
              1       56.645816       1.1928509         13.042964           11.688614       0.7586877     -0.82514284        5.362226         5.362226       102.56718              102.56718
              1       56.437918       1.1998213         13.035094           11.685639      0.74108939      -0.8277147        5.362226         5.362226       102.15138              102.15138
              2       56.982132       1.1985268         13.034447           11.673523      0.73069033     -0.82807524        5.362226         5.362226       103.23981              103.23981
              2       56.628064       1.1933545         13.033269           11.674578      0.73009793     -0.82576729        5.362226         5.362226       102.53168              102.53168
              1       56.703629       1.2014635         13.018741           11.676324      0.72763512     -0.81643574        5.362226         5.362226       102.68281              102.68281
              2       57.764643       1.1892122         13.017614           11.680982      0.72205384     -0.80411636        5.362226         5.362226       104.80483              104.80483
              1       57.035087       1.1943263         13.014697           11.675693      0.71747809     -0.79937023        5.362226         5.362226       103.34572              103.34572
              1       56.388061       1.1930032         13.015338           11.673121      0.71897036     -0.79897843        5.362226         5.362226       102.05167              102.05167
              1        56.50943       1.1919764         13.013682           11.672557      0.71814949     -0.80030982        5.362226         5.362226       102.29441              102.29441
              1        56.33679        1.197843          13.01457            11.67157      0.71745755     -0.80164611        5.362226         5.362226       101.94913              101.94913
              1       56.349786       1.1978533         13.014845           11.671863       0.7172759     -0.80154076        5.362226         5.362226       101.97512              101.97512
              2       56.466775       1.1959088         13.018061            11.67505      0.72099001     -0.81221669        5.362226         5.362226        102.2091               102.2091
              1       56.037381       1.1957374         13.024344           11.671689       0.7267509     -0.80929189        5.362226         5.362226       101.35031              101.35031
              1       56.065393       1.1958022         13.024233           11.671113       0.7264862     -0.80879849        5.362226         5.362226       101.40633              101.40633
              1        57.38141       1.1925417         13.027291           11.665684      0.73780668     -0.80795288        5.362226         5.362226       104.03837              104.03837
              3        57.58002       1.1999691         13.033441           11.669997      0.73986373     -0.80139756        5.362226         5.362226       104.43559              104.43559
              2       57.414051       1.2002455         13.033566           11.670923      0.74454211     -0.80509482        5.362226         5.362226       104.10365              104.10365
              2        56.37624       1.1973099         13.030252           11.678942       0.7564242     -0.78838399        5.362226         5.362226       102.02803              102.02803
              1       58.360904       1.1951084         13.040824            11.67499      0.75865157     -0.78636151        5.362226         5.362226       105.99736              105.99736
              4       58.326306       1.1872181         13.045417           11.679963      0.76479663     -0.78639902        5.362226         5.362226       105.92816              105.92816
              2       58.340973       1.1876743         13.044071           11.679055      0.76712242     -0.78660556        5.362226         5.362226       105.95749              105.95749
              1       58.461465       1.1847239         13.050025           11.682858      0.75579757      -0.7754064        5.362226         5.362226       106.19848              106.19848
              1       57.756235       1.1891125         13.045236           11.680973       0.7528133     -0.77408213        5.362226         5.362226       104.78802              104.78802
              1       58.073768       1.1941416         13.046957           11.681988       0.7601113     -0.76663665        5.362226         5.362226       105.42308              105.42308
              1       58.229446       1.2073368         13.056702           11.688701      0.75604612     -0.77473177        5.362226         5.362226       105.73444              105.73444
              1        58.15821       1.2054537         13.056144           11.688664      0.75624106     -0.77097163        5.362226         5.362226       105.59197              105.59197
              1       58.249163       1.2087686         13.051201             11.6843      0.75916227     -0.77023942        5.362226         5.362226       105.77387              105.77387
              1        57.39771       1.2021453         13.046046           11.683438      0.75767354     -0.77425269        5.362226         5.362226       104.07097              104.07097
              1       56.958425       1.2061957         13.039334           11.692134      0.75438932     -0.77296478        5.362226         5.362226        103.1924               103.1924
