#        weight    minuslogpost        ygk_Ahmc ygk_LOWZ__1_lM1_0 ygk_LOWZ__1_lMmin_0   ygk_mass_bias       ygk_rhogy   minuslogprior minuslogprior__0            chi2 chi2__ygk_like.ygkLike
              1       56.864096       1.1773742         13.088124           11.726892      0.71067086     -0.76850118        5.362226         5.362226       103.00374              103.00374
              1       56.939645       1.1768176          13.08901           11.725087      0.72215508     -0.74846692        5.362226         5.362226       103.15484              103.15484
              3       57.305684       1.1738024         13.097803            11.73377      0.70827663     -0.73850511        5.362226         5.362226       103.88692              103.88692
              1       57.264344       1.1699357         13.097545           11.734133      0.70640961     -0.74236523        5.362226         5.362226       103.80424              103.80424
              1       57.084705        1.158972         13.102878           11.744301      0.72157874     -0.73811949        5.362226         5.362226       103.44496              103.44496
              3       57.258989       1.1613448         13.097065           11.733601      0.71144518     -0.72737157        5.362226         5.362226       103.79353              103.79353
              1       57.011698       1.1634608           13.0917           11.733719      0.71955317     -0.72297837        5.362226         5.362226       103.29894              103.29894
              2       57.498342       1.1707932          13.09188           11.737789      0.71741877     -0.72246062        5.362226         5.362226       104.27223              104.27223
              1       57.103979       1.1639446         13.100412           11.739516      0.71704111     -0.72903517        5.362226         5.362226       103.48351              103.48351
              2       57.655999       1.1588061         13.107491           11.740272      0.71804311     -0.71435459        5.362226         5.362226       104.58755              104.58755
              2       57.799018       1.1593777         13.107881           11.740877       0.7097716     -0.71380936        5.362226         5.362226       104.87358              104.87358
              1       58.090467       1.1763648         13.096177           11.741852      0.70831195     -0.70495773        5.362226         5.362226       105.45648              105.45648
              1       57.964892       1.1762656         13.095713            11.74076      0.70834808     -0.70525394        5.362226         5.362226       105.20533              105.20533
              3       57.836826       1.1788996         13.100548           11.738094        0.702616      -0.7045678        5.362226         5.362226        104.9492               104.9492
              1       57.934488       1.1894629         13.101366           11.739488      0.69839944     -0.71814955        5.362226         5.362226       105.14452              105.14452
              1       57.470481       1.2006197         13.085596           11.724218      0.70887022     -0.71524077        5.362226         5.362226       104.21651              104.21651
              2       58.354755        1.206872         13.094317            11.72429      0.71442841     -0.71157036        5.362226         5.362226       105.98506              105.98506
              1       58.182661       1.2063138         13.093718           11.724643      0.71499146     -0.71167333        5.362226         5.362226       105.64087              105.64087
              2       58.861415       1.1986446         13.098986           11.726386      0.71203577     -0.71094631        5.362226         5.362226       106.99838              106.99838
              3       58.625992        1.206781          13.10398           11.747423      0.71219897     -0.71106368        5.362226         5.362226       106.52753              106.52753
              1       57.953832       1.2032144          13.09327           11.737368      0.71864409     -0.71215782        5.362226         5.362226       105.18321              105.18321
              3       57.936217       1.2136665         13.093195            11.73649      0.72129521     -0.72181205        5.362226         5.362226       105.14798              105.14798
              4       57.523998       1.2114496          13.09154           11.729259      0.71395303     -0.72247528        5.362226         5.362226       104.32354              104.32354
              1        57.61796       1.1879372         13.101276           11.738275       0.7093957     -0.71602796        5.362226         5.362226       104.51147              104.51147
              2       57.615348        1.183859         13.108755           11.747478      0.71760867     -0.71988149        5.362226         5.362226       104.50624              104.50624
              1       57.489133       1.1764736         13.104573           11.745395      0.71983437     -0.72041381        5.362226         5.362226       104.25381              104.25381
              2       57.444986       1.1765948         13.104735           11.744994      0.72013461     -0.72054498        5.362226         5.362226       104.16552              104.16552
              1       57.385384       1.1750251         13.106143           11.745359      0.72225375     -0.71991917        5.362226         5.362226       104.04632              104.04632
              2       57.914314        1.177014         13.106231           11.735833      0.72603064     -0.72235097        5.362226         5.362226       105.10418              105.10418
              1       57.862061       1.1763279         13.105043           11.735203      0.72592082       -0.720657        5.362226         5.362226       104.99967              104.99967
              1       57.425042       1.1808289         13.103344           11.737167        0.729573     -0.71905859        5.362226         5.362226       104.12563              104.12563
              3       59.151468       1.1685396          13.08918           11.742276      0.74340216     -0.71081944        5.362226         5.362226       107.57848              107.57848
              2       57.348722       1.1712146         13.090199           11.730948      0.74658803     -0.70340118        5.362226         5.362226       103.97299              103.97299
              1       57.333331       1.1668471         13.085934           11.727096      0.74898516     -0.70223829        5.362226         5.362226       103.94221              103.94221
              3       57.372271       1.1726793         13.081339           11.725336      0.74647205     -0.69783421        5.362226         5.362226       104.02009              104.02009
              1       57.406546       1.1680312         13.084885           11.725601      0.74132901     -0.69080865        5.362226         5.362226       104.08864              104.08864
              1       57.274691       1.1810263         13.085319           11.724673       0.7405276     -0.70338726        5.362226         5.362226       103.82493              103.82493
              2       57.788224       1.1910603         13.083898           11.729369      0.74272869     -0.69355643        5.362226         5.362226         104.852                104.852
              1       58.003162       1.1896536         13.096137           11.739701      0.74312067     -0.69537489        5.362226         5.362226       105.28187              105.28187
              1       57.695438       1.1908935         13.098343           11.738015      0.73298986     -0.69324806        5.362226         5.362226       104.66642              104.66642
              1        57.86233       1.1877159         13.105909           11.745005      0.72587407     -0.69262644        5.362226         5.362226       105.00021              105.00021
              4       58.124173        1.195616         13.114954           11.747511       0.7345222     -0.69151689        5.362226         5.362226       105.52389              105.52389
              1       58.898565       1.2009457         13.087823           11.736952      0.74933156     -0.70242036        5.362226         5.362226       107.07268              107.07268
              1       59.177662       1.2011647         13.087122           11.737477      0.74856516     -0.70211749        5.362226         5.362226       107.63087              107.63087
              1       58.373793       1.2209232         13.091231           11.734019      0.74989554     -0.69753013        5.362226         5.362226       106.02313              106.02313
              1       58.434135       1.2246196          13.09385           11.737364      0.74516481       -0.711905        5.362226         5.362226       106.14382              106.14382
              2       57.735206       1.2238385         13.093759           11.730691      0.74037795     -0.71209954        5.362226         5.362226       104.74596              104.74596
              2       57.766469       1.2224745          13.09207           11.731549      0.74110355       -0.711953        5.362226         5.362226       104.80849              104.80849
              1       57.691992       1.2146832         13.094704           11.728919      0.73563047     -0.71160795        5.362226         5.362226       104.65953              104.65953
              1       57.488272       1.2122267         13.099399           11.735653       0.7371599     -0.72732869        5.362226         5.362226       104.25209              104.25209
              4       57.310483       1.2055748         13.092681           11.732191      0.73273335     -0.72572547        5.362226         5.362226       103.89651              103.89651
              1        57.77234       1.2166536         13.081975           11.728408      0.72827658     -0.74509671        5.362226         5.362226       104.82023              104.82023
              1       57.678756       1.2122335         13.077049           11.724962      0.73621855     -0.75358785        5.362226         5.362226       104.63306              104.63306
