#        weight    minuslogpost        ygk_Ahmc ygk_LOWZ__1_lM1_0 ygk_LOWZ__1_lMmin_0   ygk_mass_bias       ygk_rhogy   minuslogprior minuslogprior__0            chi2 chi2__ygk_like.ygkLike
              1       56.984178       1.0556314         13.102333            11.74371      0.71066598     -0.79521349        5.362226         5.362226        103.2439               103.2439
              1       57.228512       1.0469731          13.10031           11.740948      0.70828679     -0.79328474        5.362226         5.362226       103.73257              103.73257
              3       57.820517       1.0508369         13.095653           11.733161      0.70255773     -0.79904376        5.362226         5.362226       104.91658              104.91658
              1       57.159239       1.0534152          13.09641           11.738697      0.70355931     -0.79813393        5.362226         5.362226       103.59403              103.59403
              2       57.389518       1.0452805         13.100883           11.740818      0.70550646     -0.79384912        5.362226         5.362226       104.05458              104.05458
              3       57.462874        1.048921         13.098608           11.736833      0.71257027     -0.78580064        5.362226         5.362226        104.2013               104.2013
              2       57.277039       1.0501354         13.088999           11.729389      0.71421349     -0.79167397        5.362226         5.362226       103.82963              103.82963
              7        57.41464       1.0416558         13.089131           11.729221      0.71837982     -0.79226483        5.362226         5.362226       104.10483              104.10483
              1       58.515229       1.0412435         13.093861           11.727965       0.7204624     -0.79351449        5.362226         5.362226       106.30601              106.30601
              1       58.253655       1.0235806         13.091061           11.728608      0.71578514      -0.8067227        5.362226         5.362226       105.78286              105.78286
              3       59.260117       1.0187735         13.096298           11.730374      0.70874449     -0.79882515        5.362226         5.362226       107.79578              107.79578
              1       60.273668       1.0154496         13.090504            11.72412      0.69655208      -0.7948934        5.362226         5.362226       109.82288              109.82288
              1       57.827619       1.0214686         13.075603           11.730804      0.69903926     -0.79341971        5.362226         5.362226       104.93079              104.93079
              1       57.455705       1.0292548         13.076571           11.726397      0.69840678     -0.79438275        5.362226         5.362226       104.18696              104.18696
              1       57.484913        1.030141         13.077633           11.727976      0.69739067     -0.79270771        5.362226         5.362226       104.24537              104.24537
              1       59.598765       1.0331629         13.079705           11.715537      0.69740095     -0.79162848        5.362226         5.362226       108.47308              108.47308
              1       58.836619       1.0348913         13.076231           11.715888      0.69362707     -0.78571324        5.362226         5.362226       106.94879              106.94879
              2       58.805717       1.0302878          13.07513           11.714972      0.69932686     -0.78132383        5.362226         5.362226       106.88698              106.88698
              1       57.607889       1.0320756         13.066587           11.713652      0.70186677     -0.78516497        5.362226         5.362226       104.49133              104.49133
              1       57.781927       1.0284793         13.073763           11.718007      0.70717183     -0.78120522        5.362226         5.362226        104.8394               104.8394
              1       57.681591       1.0234207         13.069331           11.716749      0.70554187     -0.77420116        5.362226         5.362226       104.63873              104.63873
              1       57.814678       1.0044173         13.065533           11.721604      0.70524852     -0.78952517        5.362226         5.362226        104.9049               104.9049
              1       57.857511       1.0042924         13.066516           11.722281      0.70315476     -0.78935914        5.362226         5.362226       104.99057              104.99057
              1       60.262254       1.0008139         13.072675           11.710831      0.70248342     -0.79018718        5.362226         5.362226       109.80006              109.80006
              4       58.516716        1.009665         13.062233           11.709056      0.69580989     -0.78772018        5.362226         5.362226       106.30898              106.30898
              1       59.128803       1.0005414          13.06184           11.708927      0.68794276     -0.77802613        5.362226         5.362226       107.53315              107.53315
              2       59.413284       1.0102123         13.060987           11.718541      0.66594767     -0.77714315        5.362226         5.362226       108.10212              108.10212
              3       59.370273       1.0134907         13.055511           11.713711      0.66566444     -0.77280377        5.362226         5.362226       108.01609              108.01609
              1       60.622885       1.0048294         13.045511           11.714546      0.67613289     -0.76656736        5.362226         5.362226       110.52132              110.52132
              1       57.944585       1.0132722          13.06386           11.719873      0.69852379     -0.76371813        5.362226         5.362226       105.16472              105.16472
              1       57.965881       1.0116319         13.064733           11.720501      0.69836701     -0.76441784        5.362226         5.362226       105.20731              105.20731
              3       58.234257       1.0101017         13.066416           11.714885      0.69883029     -0.76386819        5.362226         5.362226       105.74406              105.74406
              1       58.238476       1.0119174         13.063722           11.711892      0.69883092     -0.76994878        5.362226         5.362226        105.7525               105.7525
              1       58.494356        1.010347         13.065293           11.712351      0.69554734     -0.77134009        5.362226         5.362226       106.26426              106.26426
              1       59.404446       1.0080131         13.068997           11.710799      0.69888598     -0.77291454        5.362226         5.362226       108.08444              108.08444
              1       59.644678       1.0022922         13.065022           11.707562      0.69857001     -0.77126781        5.362226         5.362226        108.5649               108.5649
              2       59.587587       1.0024313         13.073385           11.713981      0.69862123     -0.78495324        5.362226         5.362226       108.45072              108.45072
              2        58.10632       1.0093683         13.067854           11.716311      0.69687742     -0.78717676        5.362226         5.362226       105.48819              105.48819
              1       59.942579       1.0204188         13.078975           11.715632      0.69625378     -0.78058894        5.362226         5.362226       109.16071              109.16071
              1        60.16989       1.0234819         13.077986           11.714638      0.69037945     -0.77630188        5.362226         5.362226       109.61533              109.61533
              1       58.335936       1.0138654         13.070823           11.721261      0.68439785       -0.777744        5.362226         5.362226       105.94742              105.94742
              1       58.176743       1.0106171         13.067864           11.720621       0.6901839     -0.76832624        5.362226         5.362226       105.62903              105.62903
              1       58.187169       1.0108452         13.070437           11.723943      0.69013945     -0.76718579        5.362226         5.362226       105.64989              105.64989
              1       58.867651       1.0062723         13.074887            11.72051      0.68816901     -0.76638775        5.362226         5.362226       107.01085              107.01085
              2       59.652712      0.99619736         13.088445           11.731315      0.68018167      -0.7574269        5.362226         5.362226       108.58097              108.58097
              1       59.653022       0.9933675          13.08515           11.729444      0.67986509     -0.75364976        5.362226         5.362226       108.58159              108.58159
              5       59.665063       1.0062596         13.079308           11.735068      0.66846729     -0.74725591        5.362226         5.362226       108.60567              108.60567
              1       59.703637       1.0082968         13.079089           11.735143      0.66789871     -0.74640626        5.362226         5.362226       108.68282              108.68282
              1       59.634999       1.0086895         13.082431           11.736304      0.66649937     -0.74752783        5.362226         5.362226       108.54555              108.54555
              3       59.174491       1.0107948         13.089839           11.737494      0.67213417     -0.75472031        5.362226         5.362226       107.62453              107.62453
              3       59.217205      0.98510537         13.094948           11.743268      0.68249972     -0.74790265        5.362226         5.362226       107.70996              107.70996
              1       58.983751       1.0084125         13.079144           11.727835      0.68094153      -0.7378294        5.362226         5.362226       107.24305              107.24305
