#        weight    minuslogpost          sigma8        ygk_Ahmc ygk_LOWZ__1_lM1_0 ygk_LOWZ__1_lMmin_0   ygk_mass_bias       ygk_rhogy   minuslogprior minuslogprior__0            chi2 chi2__ygk_like.ygkLike
              1       150.69672      0.79238027       0.9928685         12.848153           11.474496      0.73735416     -0.38140895       5.6245903        5.6245903       290.14427              290.14427
              1       145.65994      0.79238027      0.99372011          12.84937           11.473195      0.73719241     -0.38375298       5.6245903        5.6245903       280.07071              280.07071
              5       136.49649      0.70987019      0.99372011          12.84937           11.473195      0.73719241     -0.38375298       5.6245903        5.6245903       261.74379              261.74379
              3       123.13335      0.70987019      0.98935862         12.842294           11.483916      0.74806614     -0.36947049       5.6245903        5.6245903       235.01752              235.01752
              1       122.90929      0.70987019       1.0088084         12.846925           11.483456      0.75353635     -0.38289497       5.6245903        5.6245903       234.56939              234.56939
              1       122.93736      0.70987019       1.0087491         12.846852           11.483367       0.7535729     -0.38300947       5.6245903        5.6245903       234.62554              234.62554
              1       114.08977      0.70987019       1.0254239         12.837593           11.486902      0.73365731     -0.40457023       5.6245903        5.6245903       216.93037              216.93037
              4       101.32612      0.73279174       1.0254239         12.837593           11.486902      0.73365731     -0.40457023       5.6245903        5.6245903       191.40307              191.40307
              1        101.8134      0.73279174       1.0269165         12.839098           11.489941      0.73337969     -0.39474292       5.6245903        5.6245903       192.37762              192.37762
              1       104.05764      0.73279174        1.005773         12.838034           11.487478      0.71637491     -0.38975453       5.6245903        5.6245903        196.8661               196.8661
              1        101.1553      0.73279174       1.0493642         12.834252           11.475189      0.70555087     -0.38008181       5.6245903        5.6245903       191.06142              191.06142
              3       100.51676      0.73279174       1.0529714         12.838037            11.47791      0.70332317     -0.38656473       5.6245903        5.6245903       189.78435              189.78435
              1       100.46421      0.73279174       1.0544458         12.835692           11.481247      0.70101948     -0.39930251       5.6245903        5.6245903       189.67924              189.67924
              2        100.6639      0.73279174       1.0667914         12.829388            11.46996      0.68603546     -0.39421835       5.6245903        5.6245903       190.07861              190.07861
              1        100.0887      0.73279174       1.0754864         12.840371            11.47437      0.68004224     -0.39234399       5.6245903        5.6245903       188.92822              188.92822
              1       97.980803      0.73902892       1.0754864         12.840371            11.47437      0.68004224     -0.39234399       5.6245903        5.6245903       184.71243              184.71243
              1       97.515459      0.73902892       1.0815177         12.846201           11.473559      0.67665679     -0.38801123       5.6245903        5.6245903       183.78174              183.78174
              2       96.563979      0.73902892       1.0816838         12.851822           11.478007      0.68186417     -0.39888478       5.6245903        5.6245903       181.87878              181.87878
              1       95.027676      0.73902892       1.1024448          12.84924           11.473687      0.68695247     -0.40122426       5.6245903        5.6245903       178.80617              178.80617
              5       95.756735      0.73902892       1.1142275         12.844752           11.483314      0.68008084     -0.40773606       5.6245903        5.6245903       180.26429              180.26429
              1       93.970435      0.73902892       1.1327111         12.846572           11.481281      0.68949408     -0.38633235       5.6245903        5.6245903       176.69169              176.69169
              6       93.160161      0.73902892       1.1325709         12.847757           11.476897      0.69023026     -0.38957526       5.6245903        5.6245903       175.07114              175.07114
              1       92.075899      0.73902892       1.1469941         12.833206           11.462505      0.69520717      -0.4121474       5.6245903        5.6245903       172.90262              172.90262
              2        91.73973      0.73902892        1.146524         12.835492           11.462878       0.6953264     -0.41918824       5.6245903        5.6245903       172.23028              172.23028
              1       91.736791      0.73902892       1.1469908          12.83315           11.461177      0.69842891     -0.41719183       5.6245903        5.6245903        172.2244               172.2244
              2       91.462416      0.73902892       1.1506627         12.841764           11.460175      0.70481917     -0.42077193       5.6245903        5.6245903       171.67565              171.67565
              1       91.462763      0.73902892        1.143215         12.841416           11.461933      0.70624566     -0.42353998       5.6245903        5.6245903       171.67635              171.67635
              1       90.720033      0.73902892       1.1472974         12.839939           11.462461      0.70658534     -0.43174004       5.6245903        5.6245903       170.19089              170.19089
              1       91.052701      0.73902892       1.1484545         12.842235           11.471162      0.71520329     -0.39543166       5.6245903        5.6245903       170.85622              170.85622
              4       90.527838      0.73902892       1.1475314         12.841826           11.466189      0.72630685     -0.40107356       5.6245903        5.6245903        169.8065               169.8065
              1       90.172773      0.73902892       1.1538901         12.841314           11.465606      0.72623009      -0.4005151       5.6245903        5.6245903       169.09637              169.09637
              1       89.645886      0.73902892       1.1595869         12.837702           11.464684      0.72604011     -0.40877598       5.6245903        5.6245903       168.04259              168.04259
              1        91.89883      0.73902892       1.1589315         12.828247           11.468926      0.74508904     -0.39633961       5.6245903        5.6245903       172.54848              172.54848
              3       92.110866      0.73902892       1.1591705         12.828032           11.469308      0.74483509     -0.39594588       5.6245903        5.6245903       172.97255              172.97255
              3       91.096941      0.73902892       1.1670679         12.825148           11.461512       0.7428983     -0.38179664       5.6245903        5.6245903        170.9447               170.9447
              4       91.406512      0.73902892       1.1673191         12.824235             11.4622      0.74419001     -0.38233568       5.6245903        5.6245903       171.56384              171.56384
              1       90.989187      0.73902892       1.1617009         12.827289           11.455903      0.73825598     -0.37417455       5.6245903        5.6245903       170.72919              170.72919
              2       89.830417      0.73902892       1.1688851         12.836658           11.459433      0.73251499     -0.38905745       5.6245903        5.6245903       168.41165              168.41165
              1       89.924018      0.73902892       1.1673837          12.83759           11.460014      0.73314561     -0.38785686       5.6245903        5.6245903       168.59886              168.59886
              3       89.320351      0.73902892       1.1830926         12.838638           11.462324      0.73225591     -0.37407173       5.6245903        5.6245903       167.39152              167.39152
              1       89.253066      0.73902892       1.1836993         12.838542            11.46244      0.73279845     -0.37418104       5.6245903        5.6245903       167.25695              167.25695
              1       89.636483      0.73902892       1.1793753         12.842228           11.463699      0.73466808      -0.3686376       5.6245903        5.6245903       168.02379              168.02379
              2       88.975362      0.73902892        1.168084         12.845721           11.475888      0.73437908     -0.39741562       5.6245903        5.6245903       166.70154              166.70154
              1       90.363425      0.73902892       1.1790639         12.845714           11.482951      0.73018788     -0.38959219       5.6245903        5.6245903       169.47767              169.47767
              2       89.681973      0.73902892       1.1835101         12.849235           11.485483      0.72855112     -0.39527074       5.6245903        5.6245903       168.11477              168.11477
              2       88.454262      0.73902892       1.1776577         12.847378           11.476385      0.71963189     -0.41040156       5.6245903        5.6245903       165.65934              165.65934
              1       87.599669      0.73902892       1.1857274         12.850453           11.470747      0.72381821     -0.41134156       5.6245903        5.6245903       163.95016              163.95016
              3       86.994014      0.73902892       1.1850873         12.844339           11.473232      0.73087591     -0.43071042       5.6245903        5.6245903       162.73885              162.73885
              3        87.21542      0.73902892       1.1837023         12.844123           11.473484      0.72988134     -0.42930643       5.6245903        5.6245903       163.18166              163.18166
              3       87.107482      0.73902892       1.1657296         12.849952           11.472928      0.72575476     -0.45473776       5.6245903        5.6245903       162.96578              162.96578
              1        88.17108      0.73902892       1.1745305         12.842374           11.476777      0.71782368     -0.46300238       5.6245903        5.6245903       165.09298              165.09298
              1        90.11453      0.73902892       1.1954039         12.832087           11.471912      0.72077223     -0.42342538       5.6245903        5.6245903       168.97988              168.97988
              3       86.498588      0.73902892       1.2218134         12.839148           11.471872      0.72324608     -0.43077001       5.6245903        5.6245903       161.74799              161.74799
              1       86.297529      0.73902892       1.2207232         12.839943           11.470791      0.72272268     -0.42606412       5.6245903        5.6245903       161.34588              161.34588
              1       84.961635      0.73902892       1.2212498         12.841604           11.462046      0.73407604     -0.43005045       5.6245903        5.6245903       158.67409              158.67409
              2       85.466203      0.73902892       1.2145517         12.838452           11.459697         0.73261     -0.43228112       5.6245903        5.6245903       159.68322              159.68322
              2        85.51443      0.73902892       1.2397026         12.836988           11.450053      0.72461224     -0.43788434       5.6245903        5.6245903       159.77968              159.77968
              2       86.027782      0.73902892       1.2395555         12.836495           11.449781      0.71529497     -0.43660509       5.6245903        5.6245903       160.80638              160.80638
              1       84.889315      0.73902892       1.2789537         12.819483           11.435749      0.71702498     -0.41985494       5.6245903        5.6245903       158.52945              158.52945
              2       86.320228      0.73902892       1.2770459          12.82221           11.432447      0.71713765     -0.41539748       5.6245903        5.6245903       161.39128              161.39128
              2       86.130936      0.73902892       1.2784242         12.821964           11.432678      0.71591579     -0.41679603       5.6245903        5.6245903       161.01269              161.01269
              1       84.569253      0.73902892       1.3040402         12.816583           11.426639      0.72503383     -0.42360393       5.6245903        5.6245903       157.88933              157.88933
              2       84.723351      0.73902892       1.3048836         12.817821           11.426756      0.72516819     -0.42403892       5.6245903        5.6245903       158.19752              158.19752
              1        82.30323      0.73902892       1.3027259         12.815313            11.43895      0.73094692     -0.43653953       5.6245903        5.6245903       153.35728              153.35728
              2       82.682819      0.73902892       1.2958456         12.817539           11.437941      0.72970711     -0.43293534       5.6245903        5.6245903       154.11646              154.11646
              1       83.009171      0.73902892       1.3001734         12.822883           11.434963      0.72251749     -0.45110432       5.6245903        5.6245903       154.76916              154.76916
              3       83.178268      0.73902892       1.2980536         12.818774           11.432689      0.72001389     -0.45098948       5.6245903        5.6245903       155.10736              155.10736
              1       81.360765      0.73902892       1.3226905         12.817801            11.44378      0.72731989     -0.45310383       5.6245903        5.6245903       151.47235              151.47235
              1        81.21792      0.73902892       1.3261265         12.817339           11.442903      0.72546482     -0.45626305       5.6245903        5.6245903       151.18666              151.18666
              1       81.310122      0.73902892       1.3404743         12.825643           11.436198      0.72589628     -0.43908092       5.6245903        5.6245903       151.37106              151.37106
              3       81.372864      0.73902892       1.3389014         12.829146           11.439253      0.72302228     -0.43948204       5.6245903        5.6245903       151.49655              151.49655
              1       81.435314      0.73902892       1.3396513         12.828812           11.438657      0.72263076     -0.43944362       5.6245903        5.6245903       151.62145              151.62145
              2       82.040568      0.73902892       1.3288828         12.829163           11.441411      0.71302367     -0.43783795       5.6245903        5.6245903       152.83196              152.83196
              2       84.841369      0.73902892       1.3254347         12.834981            11.43702      0.71331797     -0.42887448       5.6245903        5.6245903       158.43356              158.43356
              1       78.307577      0.75732164       1.3254347         12.834981            11.43702      0.71331797     -0.42887448       5.6245903        5.6245903       145.36597              145.36597
              1       78.137831      0.75732164       1.3172429         12.846115           11.443384      0.71887052     -0.40546444       5.6245903        5.6245903       145.02648              145.02648
              3       78.549033      0.75732164       1.3113353         12.846406           11.446233      0.71710208      -0.4095061       5.6245903        5.6245903       145.84889              145.84889
              2       77.815209      0.75732164       1.3198183          12.84902            11.45013      0.72406799     -0.42235658       5.6245903        5.6245903       144.38124              144.38124
              1       77.492144      0.75732164       1.3038585         12.856364           11.442905      0.72275549     -0.42538586       5.6245903        5.6245903       143.73511              143.73511
              3       77.622815      0.75732164       1.3151398         12.866717           11.447724      0.71865363     -0.42327996       5.6245903        5.6245903       143.99645              143.99645
              1       77.962515      0.75732164       1.3211993         12.865159            11.44412      0.71405211     -0.42795714       5.6245903        5.6245903       144.67585              144.67585
              2        77.90104      0.75732164       1.3277882         12.866958           11.442431      0.71972855     -0.43895222       5.6245903        5.6245903        144.5529               144.5529
              1       77.711924      0.75732164       1.3280018         12.866471           11.442632       0.7194032     -0.43912192       5.6245903        5.6245903       144.17467              144.17467
              1       77.457209      0.75732164       1.3253626         12.865819           11.443708      0.72019026     -0.43590721       5.6245903        5.6245903       143.66524              143.66524
              4       75.329658      0.75732164       1.3301818         12.873624           11.457706      0.71885734     -0.44306748       5.6245903        5.6245903       139.41014              139.41014
              2       74.549195      0.75732164       1.3443941         12.872216            11.46527       0.7135751     -0.46364727       5.6245903        5.6245903       137.84921              137.84921
              2       73.720298      0.75732164       1.3420528         12.878611           11.460886      0.71819576     -0.47820353       5.6245903        5.6245903       136.19141              136.19141
              1       72.817319      0.75732164       1.3572845         12.866656           11.455762      0.72844763     -0.48247259       5.6245903        5.6245903       134.38546              134.38546
              1       72.929536      0.75732164       1.3546381         12.867043           11.456215      0.72791555      -0.4814574       5.6245903        5.6245903       134.60989              134.60989
              2        73.05224      0.75732164       1.3549689         12.868815           11.462999      0.73387144     -0.48291529       5.6245903        5.6245903        134.8553               134.8553
              6       73.483648      0.75732164       1.3544053         12.866386           11.457133      0.74326559     -0.45051835       5.6245903        5.6245903       135.71811              135.71811
              4       73.469101      0.75732164       1.3539762         12.866321           11.457003      0.74335705     -0.45108017       5.6245903        5.6245903       135.68902              135.68902
              1       73.519848      0.75732164       1.3476195         12.877266            11.46947      0.73242139     -0.46086791       5.6245903        5.6245903       135.79052              135.79052
              1       73.358231      0.75732164       1.3672497         12.884095           11.461171      0.72796229     -0.46542723       5.6245903        5.6245903       135.46728              135.46728
              2       72.144194      0.75732164       1.3935524         12.887615           11.472509      0.73631295     -0.44631448       5.6245903        5.6245903       133.03921              133.03921
              2       71.697795      0.75732164       1.3926109         12.889672           11.472556      0.74012752      -0.4533122       5.6245903        5.6245903       132.14641              132.14641
              1       75.382975      0.75732164       1.3912698         12.883981           11.483794      0.73772384     -0.44350552       5.6245903        5.6245903       139.51677              139.51677
              2       75.313675      0.75732164       1.4101951         12.889167           11.489108      0.75694778     -0.43439099       5.6245903        5.6245903       139.37817              139.37817
              2       75.676093      0.75732164       1.3980647          12.88679           11.487721      0.76062748     -0.43160418       5.6245903        5.6245903       140.10301              140.10301
              1        74.96641      0.75732164       1.3636985         12.889468           11.491074      0.77312644     -0.45312652       5.6245903        5.6245903       138.68364              138.68364
              1       70.625422      0.75732164       1.3698755         12.899615           11.489512      0.76295963     -0.48252957       5.6245903        5.6245903       130.00166              130.00166
              1       69.887041      0.75732164       1.3725044         12.902464           11.485265      0.76587756     -0.48117739       5.6245903        5.6245903        128.5249               128.5249
              2       70.528616      0.75732164         1.36366         12.902915           11.482135      0.76237888     -0.47690873       5.6245903        5.6245903       129.80805              129.80805
              2       70.146559      0.75732164        1.366492         12.888636           11.471823      0.76268419     -0.49425538       5.6245903        5.6245903       129.04394              129.04394
              1       71.762346      0.75732164       1.3828168         12.877347           11.474177      0.77143816     -0.48995027       5.6245903        5.6245903       132.27551              132.27551
              2       69.844994      0.75732164       1.3996722          12.88398           11.474925      0.77287861     -0.49763435       5.6245903        5.6245903       128.44081              128.44081
              3       69.805961      0.75732164       1.4082653         12.882551           11.471158      0.76704897     -0.48955935       5.6245903        5.6245903       128.36274              128.36274
              1       70.928634      0.75732164       1.4544023         12.883371           11.476538      0.76154504     -0.48628089       5.6245903        5.6245903       130.60809              130.60809
              1       69.424475      0.75732164       1.4527743         12.896851           11.477995      0.76537278      -0.4607244       5.6245903        5.6245903       127.59977              127.59977
              1       69.342309      0.75732164       1.4512108         12.898597           11.480333      0.76411164     -0.46428653       5.6245903        5.6245903       127.43544              127.43544
              2        69.27883      0.75732164       1.4546306         12.898458           11.483923      0.77385159     -0.47042853       5.6245903        5.6245903       127.30848              127.30848
              2       68.996923      0.75732164       1.4551806         12.899312           11.481662      0.77224432     -0.46798541       5.6245903        5.6245903       126.74467              126.74467
              3       68.992477      0.75732164        1.455311         12.899311           11.481653      0.77223825     -0.46806305       5.6245903        5.6245903       126.73577              126.73577
              1       70.866312      0.75732164        1.482168         12.924847           11.486537      0.79436601     -0.43351526       5.6245903        5.6245903       130.48344              130.48344
              2       69.453085      0.75732164       1.5103286         12.928506           11.491845      0.80832963     -0.43722476       5.6245903        5.6245903       127.65699              127.65699
              5       69.014339      0.75732164       1.5414446         12.931597           11.490441      0.79091839      -0.4590137       5.6245903        5.6245903        126.7795               126.7795
              1       68.896654      0.75732164       1.5426247         12.931738           11.490928      0.79102796     -0.45918957       5.6245903        5.6245903       126.54413              126.54413
              2       69.642639      0.75732164       1.5317361         12.936204           11.496829      0.79929096     -0.43195888       5.6245903        5.6245903        128.0361               128.0361
              1       68.788392      0.75732164       1.5342691         12.923998           11.496976      0.80725624     -0.43273379       5.6245903        5.6245903        126.3276               126.3276
              1       68.248795      0.75732164        1.526745         12.931059           11.495256      0.81823315     -0.45220738       5.6245903        5.6245903       125.24841              125.24841
              3       68.060187      0.75732164       1.5243349         12.928998           11.494949      0.81877798     -0.45328246       5.6245903        5.6245903       124.87119              124.87119
              1       68.101872      0.75732164       1.5251184         12.928451           11.494706      0.81813829     -0.45186483       5.6245903        5.6245903       124.95456              124.95456
              2       68.490611      0.75732164       1.5276268         12.927327            11.49891      0.82520405     -0.43934775       5.6245903        5.6245903       125.73204              125.73204
              1       68.694476      0.75732164       1.5191939         12.936566           11.498731      0.82549767     -0.44823656       5.6245903        5.6245903       126.13977              126.13977
              1         71.5341      0.75732164       1.5388291         12.942048           11.493161      0.82849583     -0.44322937       5.6245903        5.6245903       131.81902              131.81902
              1       71.311494      0.75732164       1.5361529         12.939777            11.49146      0.83626521     -0.44896835       5.6245903        5.6245903       131.37381              131.37381
              1       69.237874      0.77361937       1.5361529         12.939777            11.49146      0.83626521     -0.44896835       5.6245903        5.6245903       127.22657              127.22657
              2       69.461493      0.77361937       1.5428117         12.939435           11.495059      0.83603909     -0.45702483       5.6245903        5.6245903        127.6738               127.6738
              2       68.386879      0.77361937       1.4894056         12.931371           11.492339      0.82079823     -0.47206467       5.6245903        5.6245903       125.52458              125.52458
              2       68.235187      0.77361937       1.4893643         12.935193           11.492297      0.81487869      -0.4560888       5.6245903        5.6245903       125.22119              125.22119
              2        67.91243      0.77361937       1.4947251         12.932537           11.487888      0.81259188     -0.45697027       5.6245903        5.6245903       124.57568              124.57568
              1       67.825292      0.77361937       1.4739409         12.922592           11.476995      0.81722595     -0.46258129       5.6245903        5.6245903        124.4014               124.4014
              1       68.008289      0.77361937       1.4933447         12.914041           11.472693      0.81017129     -0.46373192       5.6245903        5.6245903        124.7674               124.7674
              2       68.162353      0.77361937       1.4920012         12.913776           11.472945      0.80932875     -0.46161512       5.6245903        5.6245903       125.07552              125.07552
              1       68.122661      0.77361937       1.4926456         12.914085           11.472329      0.80971235      -0.4601481       5.6245903        5.6245903       124.99614              124.99614
              4       67.922779      0.77361937        1.488032         12.921772           11.465234      0.80188245      -0.4683239       5.6245903        5.6245903       124.59638              124.59638
              1        66.58172      0.77361937       1.4967025         12.918185           11.468463       0.8024003       -0.478971       5.6245903        5.6245903       121.91426              121.91426
              2       66.540187      0.77361937       1.4991401         12.922301            11.46922      0.80123895      -0.4818424       5.6245903        5.6245903       121.83119              121.83119
              1       66.541721      0.77361937       1.4734933         12.925417           11.473101      0.80137746     -0.48300875       5.6245903        5.6245903       121.83426              121.83426
              2        64.23174      0.77361937       1.4798838         12.928527           11.478029      0.79586458     -0.52731539       5.6245903        5.6245903        117.2143               117.2143
              1       64.355061      0.77361937       1.4763093         12.922212           11.477221       0.7927711     -0.52842416       5.6245903        5.6245903       117.46094              117.46094
              3       64.440613      0.77361937       1.4763172         12.921477           11.477721        0.794201     -0.52911865       5.6245903        5.6245903       117.63204              117.63204
              1       64.972638      0.77361937       1.4978553         12.907456           11.472965      0.80402154     -0.58070463       5.6245903        5.6245903        118.6961               118.6961
              3       64.044877      0.77361937       1.4903919         12.920053           11.483475      0.81102705     -0.59605613       5.6245903        5.6245903       116.84057              116.84057
              1       63.580597      0.77361937       1.4810401         12.919588           11.482486      0.80787742     -0.60148978       5.6245903        5.6245903       115.91201              115.91201
              1       62.150888      0.77361937       1.4896242         12.926435           11.479189      0.80006024     -0.59104446       5.6245903        5.6245903       113.05259              113.05259
              3       63.843638      0.77361937       1.4983741         12.925542           11.485061       0.8063532     -0.56964267       5.6245903        5.6245903       116.43809              116.43809
              3       63.585655      0.77361937        1.494067         12.926845           11.485159      0.80674292     -0.56823035       5.6245903        5.6245903       115.92213              115.92213
              1        63.95252      0.77361937       1.4881341         12.929735           11.488421      0.80395955     -0.55683628       5.6245903        5.6245903       116.65586              116.65586
              1       63.059964      0.77361937       1.4962343         12.942016           11.484456      0.80063696     -0.56378365       5.6245903        5.6245903       114.87075              114.87075
              1       62.852738      0.77361937       1.5069676         12.939861           11.485508      0.79659101     -0.56116631       5.6245903        5.6245903       114.45629              114.45629
              3       62.299672      0.77361937       1.4880201         12.936917           11.489487      0.78255975     -0.58631276       5.6245903        5.6245903       113.35016              113.35016
              3       62.295029      0.77361937       1.4877042          12.93681           11.489536      0.78273938     -0.58686177       5.6245903        5.6245903       113.34088              113.34088
              1       62.626462      0.77361937       1.5114214          12.93761           11.491599       0.7961107     -0.58288225       5.6245903        5.6245903       114.00374              114.00374
              2       62.587466      0.77361937       1.5091759           12.9406            11.49436      0.79647006     -0.58245551       5.6245903        5.6245903       113.92575              113.92575
              1       62.421013       0.7681087       1.5091759           12.9406            11.49436      0.79647006     -0.58245551       5.6245903        5.6245903       113.59285              113.59285
              1       63.440555       0.7681087       1.4962268         12.936241           11.502721      0.80244572     -0.59472576       5.6245903        5.6245903       115.63193              115.63193
              1        62.94178       0.7681087       1.5057353         12.944405           11.507991      0.80594921     -0.59517273       5.6245903        5.6245903       114.63438              114.63438
              1       62.497501       0.7681087       1.5254578         12.939575           11.502047      0.81218779     -0.61317036       5.6245903        5.6245903       113.74582              113.74582
              2       62.580583       0.7681087       1.5274574         12.941139           11.504524      0.80296734     -0.62871309       5.6245903        5.6245903       113.91199              113.91199
              1       61.084863       0.7681087       1.5278195         12.945884            11.49765      0.80756176     -0.63241838       5.6245903        5.6245903       110.92055              110.92055
              1       61.042565       0.7681087       1.5207924         12.944696           11.497536      0.80867672     -0.63280942       5.6245903        5.6245903       110.83595              110.83595
              1       61.202178       0.7681087       1.5222696         12.941825            11.49449       0.8080781     -0.62774141       5.6245903        5.6245903       111.15518              111.15518
              1        61.18826       0.7681087        1.525163         12.939746           11.494954      0.81016748     -0.63119351       5.6245903        5.6245903       111.12734              111.12734
              2       61.034303       0.7681087       1.5240323         12.938695           11.492817      0.80625535     -0.64023123       5.6245903        5.6245903       110.81943              110.81943
              1       61.662673       0.7681087        1.518552         12.931536           11.491389      0.81024327      -0.6261418       5.6245903        5.6245903       112.07616              112.07616
              2       61.667891       0.7681087       1.4851406         12.939001           11.490134      0.80559009     -0.61920415       5.6245903        5.6245903        112.0866               112.0866
              4       61.454553       0.7681087        1.482289         12.935114           11.489123      0.80252682     -0.62515593       5.6245903        5.6245903       111.65993              111.65993
              1       60.981813       0.7681087       1.4892709         12.931872           11.490466      0.81291655     -0.64565678       5.6245903        5.6245903       110.71444              110.71444
              1       61.128789       0.7681087       1.4869493         12.931304           11.491787      0.81288275     -0.64581071       5.6245903        5.6245903        111.0084               111.0084
              2       60.863273       0.7681087       1.4855464         12.934852           11.492663      0.81336057     -0.64733441       5.6245903        5.6245903       110.47737              110.47737
              2       60.870933       0.7681087       1.4854961          12.93477           11.492724      0.81345799     -0.64728874       5.6245903        5.6245903       110.49269              110.49269
              1       60.854786       0.7681087       1.4845209          12.93506           11.492604       0.8135974     -0.64685113       5.6245903        5.6245903       110.46039              110.46039
              3       60.542176       0.7681087       1.4860984         12.938702           11.490737      0.81991023     -0.66305628       5.6245903        5.6245903       109.83517              109.83517
              2       61.407304       0.7681087       1.4845255          12.93922            11.48645      0.82515239     -0.64958287       5.6245903        5.6245903       111.56543              111.56543
              2       63.146006       0.7681087        1.450136         12.936166           11.480356      0.81331948     -0.64247005       5.6245903        5.6245903       115.04283              115.04283
              2        61.80326       0.7681087       1.4713818         12.898195           11.464199        0.814001     -0.65578763       5.6245903        5.6245903       112.35734              112.35734
              3       62.006586       0.7681087       1.4690064         12.906329           11.459742      0.80351822     -0.65365382       5.6245903        5.6245903       112.76399              112.76399
              4       61.818949       0.7681087       1.4884964         12.902642           11.463352      0.79883015     -0.63770799       5.6245903        5.6245903       112.38872              112.38872
              2       61.833747       0.7681087        1.486118         12.903418           11.464043      0.79705774     -0.63783757       5.6245903        5.6245903       112.41831              112.41831
              1        61.93986       0.7681087        1.483059         12.903583           11.466179      0.79893421     -0.63487567       5.6245903        5.6245903       112.63054              112.63054
              3       61.522277       0.7681087        1.470046         12.904292           11.464048      0.80310956     -0.65290705       5.6245903        5.6245903       111.79537              111.79537
              1       61.453986       0.7681087       1.4707392         12.906665           11.465512       0.8028645     -0.65450831       5.6245903        5.6245903       111.65879              111.65879
              1       61.633412       0.7681087       1.4543932         12.907638           11.464326      0.80233411     -0.65983027       5.6245903        5.6245903       112.01764              112.01764
              3       61.500783       0.7681087       1.4558468         12.906842           11.464126      0.80255293     -0.66478653       5.6245903        5.6245903       111.75239              111.75239
              1       61.877282       0.7681087         1.46747         12.907851            11.46109      0.80710062     -0.65711634       5.6245903        5.6245903       112.50538              112.50538
              2       61.589552       0.7681087       1.4722408         12.902742           11.459808      0.80429353     -0.65702798       5.6245903        5.6245903       111.92992              111.92992
              3       62.036428       0.7681087       1.4678986         12.897163           11.464547      0.81045951     -0.65463188       5.6245903        5.6245903       112.82368              112.82368
              1       61.103474       0.7681087       1.4900043          12.90642           11.467137      0.80907269     -0.66903059       5.6245903        5.6245903       110.95777              110.95777
              2       61.416948       0.7681087       1.4967732         12.907763           11.467665      0.80116718      -0.6517606       5.6245903        5.6245903       111.58472              111.58472
              1       61.381102       0.7681087       1.4881867         12.911835           11.472023      0.80065302     -0.65113633       5.6245903        5.6245903       111.51302              111.51302
              5        61.72644       0.7681087       1.4845712         12.908544           11.472862      0.79354668     -0.66181068       5.6245903        5.6245903        112.2037               112.2037
              2       61.707962       0.7681087       1.4931343         12.905729           11.468795      0.79088936     -0.66060062       5.6245903        5.6245903       112.16674              112.16674
              2       61.129621       0.7681087       1.5122267         12.911431           11.461343      0.80736343     -0.69812406       5.6245903        5.6245903       111.01006              111.01006
              2       61.053351       0.7681087       1.5024849         12.901065           11.460859      0.79909393     -0.69104349       5.6245903        5.6245903       110.85752              110.85752
              2       61.040795       0.7681087       1.4986172         12.899968           11.460552      0.80125416     -0.69278184       5.6245903        5.6245903       110.83241              110.83241
              1       61.122911       0.7681087       1.4822079         12.905749            11.46878      0.79258852     -0.71973842       5.6245903        5.6245903       110.99664              110.99664
              1       61.212598       0.7681087       1.4518824         12.908459           11.467157      0.78252334     -0.72651432       5.6245903        5.6245903       111.17602              111.17602
              1       61.339631       0.7681087        1.446995         12.904098           11.466022      0.78384524     -0.71838366       5.6245903        5.6245903       111.43008              111.43008
              6       61.214081       0.7681087       1.4382302         12.897003           11.460768      0.79449154     -0.74873047       5.6245903        5.6245903       111.17898              111.17898
              2       61.556153       0.7681087       1.4484635         12.907236           11.464848      0.77314132     -0.75066701       5.6245903        5.6245903       111.86313              111.86313
              1       61.482526       0.7681087       1.4532686         12.908474           11.465199      0.77442373     -0.75270693       5.6245903        5.6245903       111.71587              111.71587
              2        61.50895       0.7681087       1.4698752         12.905402           11.463244      0.77390964     -0.72368353       5.6245903        5.6245903       111.76872              111.76872
              1       61.929817       0.7681087       1.4728179          12.90785           11.462512      0.76525999     -0.73354026       5.6245903        5.6245903       112.61045              112.61045
              1       62.007553       0.7681087       1.4707799         12.907399           11.461324      0.76582199     -0.73621651       5.6245903        5.6245903       112.76593              112.76593
              4       61.974207       0.7681087       1.4503642         12.908665           11.466087       0.7629516     -0.73239422       5.6245903        5.6245903       112.69923              112.69923
              1       61.355233       0.7681087       1.4620516         12.914373            11.47069      0.77254983     -0.74979189       5.6245903        5.6245903       111.46129              111.46129
              1       61.275428       0.7681087       1.4449127         12.913581           11.470389      0.77801061     -0.75061164       5.6245903        5.6245903       111.30168              111.30168
              1       61.488246       0.7681087       1.4467133         12.916339           11.469484      0.78009105     -0.74214931       5.6245903        5.6245903       111.72731              111.72731
              4       61.374185       0.7681087       1.4320351          12.92874           11.483555      0.77121035     -0.74044218       5.6245903        5.6245903       111.49919              111.49919
              2       61.003725       0.7681087       1.4560184         12.930298           11.484563      0.77446149     -0.76285564       5.6245903        5.6245903       110.75827              110.75827
              1       61.012346       0.7681087       1.4557535         12.930206           11.484396       0.7744468     -0.76320314       5.6245903        5.6245903       110.77551              110.77551
              2       61.006396       0.7681087       1.4554996           12.9303           11.484538      0.77450424     -0.76339006       5.6245903        5.6245903       110.76361              110.76361
              2       60.892385       0.7681087       1.4562825         12.926742            11.48266      0.77795574     -0.76453783       5.6245903        5.6245903       110.53559              110.53559
              2       61.816822       0.7681087       1.4620631         12.928771           11.476318      0.77562704     -0.77226633       5.6245903        5.6245903       112.38446              112.38446
              1       61.786615       0.7681087       1.4619475         12.930576           11.477481      0.77774795     -0.77683022       5.6245903        5.6245903       112.32405              112.32405
              1       61.168113       0.7681087       1.4492627         12.927836           11.482669       0.7721958     -0.77175978       5.6245903        5.6245903       111.08705              111.08705
              1       61.454284       0.7681087       1.4577255         12.923005           11.484732      0.77136041     -0.77313301       5.6245903        5.6245903       111.65939              111.65939
              1       62.159966       0.7681087       1.4472139         12.915825           11.484278      0.78214635     -0.76585117       5.6245903        5.6245903       113.07075              113.07075
              1       61.616451       0.7681087       1.4504084         12.908791           11.465412      0.77265155     -0.73743305       5.6245903        5.6245903       111.98372              111.98372
              3       61.458179       0.7681087        1.456449         12.911741           11.468872      0.77399944      -0.7242027       5.6245903        5.6245903       111.66718              111.66718
              2       61.661624       0.7681087       1.4571523         12.912701           11.467625      0.77263972     -0.72185781       5.6245903        5.6245903       112.07407              112.07407
              1       61.794778       0.7681087       1.4507014         12.907717           11.464343      0.77063517     -0.72339121       5.6245903        5.6245903       112.34038              112.34038
              3       61.786207       0.7681087       1.4741118         12.905155           11.461937      0.76578144      -0.7425923       5.6245903        5.6245903       112.32323              112.32323
              1       61.867307       0.7681087       1.4818827          12.91267           11.464236      0.76916279     -0.74246147       5.6245903        5.6245903       112.48543              112.48543
              1       61.451618      0.78081238       1.4818827          12.91267           11.464236      0.76916279     -0.74246147       5.6245903        5.6245903       111.65406              111.65406
              1       60.623215      0.78081238       1.4809008         12.910302           11.459113      0.77858171     -0.75368682       5.6245903        5.6245903       109.99725              109.99725
              1       59.839948      0.78081238       1.4626723         12.916713           11.459819      0.77450991      -0.7724547       5.6245903        5.6245903       108.43072              108.43072
              1       60.728135      0.78081238        1.482347         12.913761           11.460772       0.7692954     -0.79092767       5.6245903        5.6245903       110.20709              110.20709
              4       60.347331      0.78081238       1.5145786         12.903896           11.438281      0.78330795     -0.79296017       5.6245903        5.6245903       109.44548              109.44548
              3       60.339599      0.78081238       1.5137678         12.903501            11.43813      0.78321706     -0.79396667       5.6245903        5.6245903       109.43002              109.43002
              1       61.146004      0.78081238       1.5201905          12.89954           11.428545      0.79939663     -0.77423503       5.6245903        5.6245903       111.04283              111.04283
              1       60.192804      0.78081238       1.5344917         12.902569           11.436843       0.8014986     -0.76722964       5.6245903        5.6245903       109.13643              109.13643
              1       60.011948      0.78081238       1.5286291         12.901926           11.439306       0.8037933     -0.76857668       5.6245903        5.6245903       108.77471              108.77471
              1       60.390444      0.78081238       1.5129616         12.907617           11.439647      0.79889001     -0.74216326       5.6245903        5.6245903       109.53171              109.53171
              4       60.309395      0.78081238       1.5146207         12.896908           11.442173      0.79533151     -0.73472334       5.6245903        5.6245903       109.36961              109.36961
              5       60.061159      0.78081238        1.516987         12.901335           11.443353      0.79375646     -0.72486648       5.6245903        5.6245903       108.87314              108.87314
              2       60.084859      0.78081238       1.5159535         12.900297           11.442595      0.79403009     -0.72304778       5.6245903        5.6245903       108.92054              108.92054
              1       60.458202      0.78081238       1.5325918         12.899908           11.433711      0.79163264     -0.72784704       5.6245903        5.6245903       109.66722              109.66722
              1       60.152478      0.78081238        1.530231         12.895422           11.434345      0.79098287     -0.73797608       5.6245903        5.6245903       109.05578              109.05578
              1       60.184396      0.78081238       1.5148803         12.890039           11.433226       0.7941331     -0.75686292       5.6245903        5.6245903       109.11961              109.11961
              3       60.216801      0.78081238       1.4975817          12.89604           11.432795      0.80995491     -0.73898611       5.6245903        5.6245903       109.18442              109.18442
              2       60.696341      0.78081238       1.4999498         12.885193            11.43355       0.8115391     -0.72766646       5.6245903        5.6245903        110.1435               110.1435
              4        60.40217      0.78081238       1.5047751         12.885654           11.430491      0.80980373     -0.71739279       5.6245903        5.6245903       109.55516              109.55516
              1       60.350737      0.78081238       1.5076775         12.893878           11.431057      0.80995584     -0.71945545       5.6245903        5.6245903       109.45229              109.45229
              5       60.362319      0.78081238       1.5010133         12.894784           11.438861      0.81358658     -0.70474112       5.6245903        5.6245903       109.47546              109.47546
              6       60.518408      0.78081238       1.5136222         12.892934           11.432621      0.80600941     -0.68844913       5.6245903        5.6245903       109.78764              109.78764
              1         60.4172      0.78081238        1.511468         12.894861           11.434629      0.80425704     -0.69162243       5.6245903        5.6245903       109.58522              109.58522
              4       60.640613      0.78081238        1.484815         12.895135           11.436779      0.80746876     -0.67451366       5.6245903        5.6245903       110.03205              110.03205
              1       60.877337      0.78081238       1.4960814         12.895212            11.43652      0.81065648     -0.66279419       5.6245903        5.6245903       110.50549              110.50549
              1       60.852334      0.78081238       1.5085853         12.889603           11.431291      0.80162615     -0.66530554       5.6245903        5.6245903       110.45549              110.45549
              1       60.585592      0.78081238       1.5284858         12.898447           11.435553       0.8018946     -0.68458279       5.6245903        5.6245903         109.922                109.922
              2       60.548223      0.78081238       1.5242924         12.897558           11.434738      0.80009281     -0.68780291       5.6245903        5.6245903       109.84727              109.84727
              2       60.377915      0.78081238       1.5185616         12.898706            11.43742      0.80354789     -0.69205754       5.6245903        5.6245903       109.50665              109.50665
              4       60.370184      0.78081238       1.5192366         12.897911            11.43708      0.80408929     -0.69292504       5.6245903        5.6245903       109.49119              109.49119
              2        60.41165      0.78081238       1.5408663         12.896137           11.435395      0.80510009     -0.70154909       5.6245903        5.6245903       109.57412              109.57412
              1       60.447535      0.78081238       1.5348752         12.891765           11.431528       0.7771927     -0.72303965       5.6245903        5.6245903       109.64589              109.64589
              1       60.461772      0.78081238       1.5353166         12.891542           11.431485      0.77697467     -0.72181875       5.6245903        5.6245903       109.67436              109.67436
              3       60.517626      0.78437503       1.5353166         12.891542           11.431485      0.77697467     -0.72181875       5.6245903        5.6245903       109.78607              109.78607
              1       60.445508      0.78437503       1.5354574         12.892469           11.431769      0.77712735     -0.72257673       5.6245903        5.6245903       109.64184              109.64184
              1       60.188481      0.78437503       1.5295844         12.892491           11.425388      0.78763159       -0.724665       5.6245903        5.6245903       109.12778              109.12778
              1       61.051172      0.78437503       1.6015179          12.88707            11.42141      0.79461061     -0.73815077       5.6245903        5.6245903       110.85316              110.85316
              1       61.047451      0.78437503       1.5989638         12.890588           11.418104       0.7934627     -0.73600872       5.6245903        5.6245903       110.84572              110.84572
              2       61.418843      0.78437503       1.6108112         12.891928           11.416683      0.78956713     -0.74780867       5.6245903        5.6245903       111.58851              111.58851
              1       61.117245      0.78920483       1.6108112         12.891928           11.416683      0.78956713     -0.74780867       5.6245903        5.6245903       110.98531              110.98531
