#        weight    minuslogpost          sigma8        ygk_Ahmc ygk_LOWZ__1_lM1_0 ygk_LOWZ__1_lMmin_0   ygk_mass_bias       ygk_rhogy   minuslogprior minuslogprior__0            chi2 chi2__ygk_like.ygkLike
              5       98.219695      0.69583956      0.97559233         13.067267           11.731951      0.74770415     -0.50502478       5.6245903        5.6245903       185.19021              185.19021
              1       98.280667      0.69583956      0.99252417         13.077689           11.742702      0.73939925     -0.50764621       5.6245903        5.6245903       185.31215              185.31215
              1       95.555211      0.69583956      0.98636631         13.080675           11.730076      0.74338455     -0.50082705       5.6245903        5.6245903       179.86124              179.86124
              1       95.550294      0.69583956      0.98348376         13.076648           11.730854      0.74920003     -0.50420527       5.6245903        5.6245903       179.85141              179.85141
              1       96.131241      0.69583956      0.97793504         13.075485            11.73065      0.74761976     -0.50499514       5.6245903        5.6245903        181.0133               181.0133
              3       95.628067      0.69583956      0.96642692         13.089596           11.732189       0.7511257     -0.53690342       5.6245903        5.6245903       180.00695              180.00695
              2       95.105264      0.69583956      0.97173712         13.088954           11.732992      0.75052761     -0.53752055       5.6245903        5.6245903       178.96135              178.96135
              2       94.498226      0.69583956      0.97225666         13.093797           11.736842      0.75316366     -0.54339838       5.6245903        5.6245903       177.74727              177.74727
              1       95.301318      0.69583956      0.97485134         13.102468           11.741715      0.74787271      -0.5113135       5.6245903        5.6245903       179.35346              179.35346
              1       97.313041      0.69583956      0.95757736          13.10366           11.749436      0.72388678     -0.53171667       5.6245903        5.6245903        183.3769               183.3769
              2       99.004548      0.69583956      0.93494345         13.101151           11.742511      0.73196773     -0.52922298       5.6245903        5.6245903       186.75992              186.75992
              3       100.65304      0.69268691      0.93494345         13.101151           11.742511      0.73196773     -0.52922298       5.6245903        5.6245903        190.0569               190.0569
              2       98.899976      0.69268691      0.94890866         13.093947           11.740171      0.73708199     -0.52374212       5.6245903        5.6245903       186.55077              186.55077
              2       99.109179      0.69268691      0.95273374          13.09613           11.737964      0.73836449     -0.52684571       5.6245903        5.6245903       186.96918              186.96918
              2       94.353986        0.712698      0.95273374          13.09613           11.737964      0.73836449     -0.52684571       5.6245903        5.6245903       177.45879              177.45879
              1       93.900884        0.712698      0.95206371         13.092708           11.733071      0.73957638     -0.52137485       5.6245903        5.6245903       176.55259              176.55259
              1       93.836998        0.712698      0.95195442         13.092801           11.733031      0.73979084     -0.52216593       5.6245903        5.6245903       176.42481              176.42481
              3       95.024111        0.712698      0.95568307         13.082862           11.726645       0.7308303     -0.53578908       5.6245903        5.6245903       178.79904              178.79904
              3       93.836321        0.712698      0.94502781         13.079427           11.706597      0.74181044     -0.51998069       5.6245903        5.6245903       176.42346              176.42346
              2       93.661482        0.712698      0.94574212         13.084986           11.710221      0.74634626     -0.50554054       5.6245903        5.6245903       176.07378              176.07378
              1       90.486189        0.712698      0.96856858         13.083264           11.712276      0.75754792     -0.52015452       5.6245903        5.6245903        169.7232               169.7232
              2       91.007683        0.712698      0.97171796         13.078175           11.714755      0.75673335     -0.51393914       5.6245903        5.6245903       170.76619              170.76619
              2        91.03248        0.712698      0.97219165         13.077698           11.714668      0.75595965     -0.51656604       5.6245903        5.6245903       170.81578              170.81578
              2       91.190632        0.712698      0.97025654         13.074248           11.712493      0.75888825     -0.51757157       5.6245903        5.6245903       171.13208              171.13208
              2       89.658496        0.712698       0.9859645         13.078644           11.704291      0.76047395     -0.51870146       5.6245903        5.6245903       168.06781              168.06781
              2       90.659946        0.712698        0.995315         13.079702           11.697962      0.76423882       -0.499716       5.6245903        5.6245903       170.07071              170.07071
              1       86.707723      0.73857946        0.995315         13.079702           11.697962      0.76423882       -0.499716       5.6245903        5.6245903       162.16627              162.16627
              2        84.44444      0.73857946      0.99039931         13.084653           11.696968      0.76516707     -0.50046082       5.6245903        5.6245903        157.6397               157.6397
              1       84.214614      0.73857946      0.99089253         13.089458           11.692744      0.73851949     -0.48627032       5.6245903        5.6245903       157.18005              157.18005
              2       83.921528      0.73857946      0.98786394         13.093396           11.694197      0.74031203     -0.48644132       5.6245903        5.6245903       156.59388              156.59388
              1       84.095102      0.73857946      0.97976347         13.092321           11.692523      0.74036119     -0.49681585       5.6245903        5.6245903       156.94102              156.94102
              1        84.30689      0.73857946      0.97819694         13.091869           11.693118      0.74023495      -0.4957913       5.6245903        5.6245903        157.3646               157.3646
              6       84.567556      0.73857946      0.97680881         13.094452           11.692853      0.73418966     -0.49572193       5.6245903        5.6245903       157.88593              157.88593
              1       84.816856      0.73857946      0.97559009         13.096525           11.689136      0.73743266     -0.49140863       5.6245903        5.6245903       158.38453              158.38453
              2       84.025218      0.73857946      0.98970118         13.093124           11.684287      0.73769287     -0.49838041       5.6245903        5.6245903       156.80125              156.80125
              3       83.773038      0.73857946       1.0020164         13.080851            11.68276       0.7313768     -0.49831841       5.6245903        5.6245903        156.2969               156.2969
              2         83.3199      0.73857946       1.0052754         13.082298           11.681329      0.73048451     -0.50378684       5.6245903        5.6245903       155.39062              155.39062
              1       83.601442      0.73857946       1.0110004         13.085567           11.687781      0.72848025     -0.48960073       5.6245903        5.6245903        155.9537               155.9537
              1        83.80546      0.73857946       1.0089324         13.085751           11.686943      0.72591806     -0.48885994       5.6245903        5.6245903       156.36174              156.36174
              2       83.576161      0.73857946       1.0177327         13.082811            11.68424      0.72507471     -0.48526135       5.6245903        5.6245903       155.90314              155.90314
              2       84.231544      0.73857946       1.0123055         13.080327           11.683991      0.72648645     -0.47953138       5.6245903        5.6245903       157.21391              157.21391
              5       83.873758      0.73857946       1.0166669         13.081025           11.683937      0.72564288     -0.48213523       5.6245903        5.6245903       156.49833              156.49833
              1       82.992698      0.73857946         1.02784         13.083384           11.681887      0.73096063     -0.46761495       5.6245903        5.6245903       154.73621              154.73621
              2       81.039271      0.73857946       1.0520095         13.089022           11.685694       0.7326792     -0.47716956       5.6245903        5.6245903       150.82936              150.82936
              5       81.039281      0.73857946       1.0520084         13.089022           11.685695      0.73267926     -0.47717202       5.6245903        5.6245903       150.82938              150.82938
              1       81.060863      0.73857946       1.0536192         13.088139            11.68579      0.73257392     -0.47621743       5.6245903        5.6245903       150.87255              150.87255
              1       80.611302      0.73857946        1.060941         13.089138           11.679128      0.73426296     -0.48147241       5.6245903        5.6245903       149.97342              149.97342
              2       80.661851      0.73857946       1.0609386         13.089215           11.679006      0.73386426     -0.48131069       5.6245903        5.6245903       150.07452              150.07452
              2       81.325514      0.73857946       1.0488538         13.082247           11.675312      0.73324168     -0.48551693       5.6245903        5.6245903       151.40185              151.40185
              2       81.314544      0.73857946       1.0516392         13.086682           11.683873      0.71332177     -0.52041088       5.6245903        5.6245903       151.37991              151.37991
              1       81.539329      0.73857946       1.0732419         13.103479           11.684665      0.71064448     -0.50325738       5.6245903        5.6245903       151.82948              151.82948
              1       80.941912      0.73857946       1.0640634          13.10622           11.691352      0.71327098     -0.50203185       5.6245903        5.6245903       150.63464              150.63464
              2       82.095815      0.73857946       1.0573112         13.107145           11.689454      0.71080754     -0.49833809       5.6245903        5.6245903       152.94245              152.94245
              2        82.01954      0.73857946       1.0563839          13.10859           11.690646      0.71261038     -0.49658816       5.6245903        5.6245903        152.7899               152.7899
              1       82.896839      0.73857946       1.0527012          13.10907           11.687874      0.71410335     -0.49872279       5.6245903        5.6245903        154.5445               154.5445
              3       83.213684      0.73857946       1.0591097         13.109007           11.685615      0.71542449     -0.49440468       5.6245903        5.6245903       155.17819              155.17819
              1       77.239895      0.75199712       1.0591097         13.109007           11.685615      0.71542449     -0.49440468       5.6245903        5.6245903       143.23061              143.23061
              2       78.371327      0.75199712       1.0438192         13.095173           11.667195      0.72497477     -0.49512698       5.6245903        5.6245903       145.49347              145.49347
              3       78.591024      0.75199712       1.0410358          13.09501           11.667578      0.72441703     -0.49224715       5.6245903        5.6245903       145.93287              145.93287
              2       77.490353      0.75199712       1.0457024         13.094012           11.672937      0.73887209     -0.47967125       5.6245903        5.6245903       143.73153              143.73153
              1       78.783702      0.75199712         1.02402         13.098443           11.688039      0.74164896     -0.50872768       5.6245903        5.6245903       146.31822              146.31822
              3       77.365856      0.75199712       1.0354402         13.117354           11.697226      0.73441935     -0.48937767       5.6245903        5.6245903       143.48253              143.48253
              3       77.337491      0.75199712       1.0293729         13.118781           11.697073       0.7369701     -0.48929056       5.6245903        5.6245903        143.4258               143.4258
              2       78.544617      0.74696178       1.0293729         13.118781           11.697073       0.7369701     -0.48929056       5.6245903        5.6245903       145.84005              145.84005
              1       76.645815      0.74696178       1.0654668         13.127009           11.695947      0.74795973     -0.49159149       5.6245903        5.6245903       142.04245              142.04245
              1       75.340869      0.74696178       1.0538259         13.125807           11.708723      0.75888256     -0.50773873       5.6245903        5.6245903       139.43256              139.43256
              2       75.352959      0.74696178       1.0546426         13.124643           11.708273      0.75896099     -0.50919163       5.6245903        5.6245903       139.45674              139.45674
              1       76.276301      0.74696178       1.0631615          13.12557           11.714356      0.75151295     -0.51650881       5.6245903        5.6245903       141.30342              141.30342
              1       74.763194      0.74696178       1.0591634         13.129648           11.710902      0.75080297     -0.52769545       5.6245903        5.6245903       138.27721              138.27721
              2       74.604631      0.74696178       1.0616694         13.130175           11.710921      0.75347376     -0.52221868       5.6245903        5.6245903       137.96008              137.96008
              1       74.965733      0.74696178       1.0497866         13.130579           11.714178      0.75879579     -0.52736386       5.6245903        5.6245903       138.68229              138.68229
              2       74.723036      0.74696178       1.0480033         13.125324           11.707657      0.76158426     -0.52987101       5.6245903        5.6245903       138.19689              138.19689
              1       74.058306      0.74696178       1.0681461         13.123773           11.711303      0.76636462     -0.54786577       5.6245903        5.6245903       136.86743              136.86743
              1       74.158798      0.74810816       1.0681461         13.123773           11.711303      0.76636462     -0.54786577       5.6245903        5.6245903       137.06842              137.06842
              1       72.627864      0.74810816        1.072801         13.125934           11.708573      0.76663571     -0.55765883       5.6245903        5.6245903       134.00655              134.00655
              1       72.201762      0.74810816       1.0850896         13.131519           11.709693      0.75921663     -0.54895863       5.6245903        5.6245903       133.15434              133.15434
              2       70.717423      0.74810816       1.1001048         13.139214           11.714033         0.77506     -0.53811686       5.6245903        5.6245903       130.18566              130.18566
              2       70.873803      0.74810816       1.1068972         13.135603           11.713794      0.77521405     -0.53779079       5.6245903        5.6245903       130.49843              130.49843
              2       70.829936      0.74810816       1.1073163         13.135959           11.713718      0.77605893     -0.53526277       5.6245903        5.6245903       130.41069              130.41069
              2       71.146407      0.74810816       1.1059162         13.131154           11.712841      0.78141997     -0.53959501       5.6245903        5.6245903       131.04363              131.04363
              1       70.646005      0.74810816        1.111695         13.134895            11.71628      0.78437748     -0.54620091       5.6245903        5.6245903       130.04283              130.04283
              3       71.072773      0.74810816       1.1079528         13.132556           11.714064      0.78064678     -0.54074615       5.6245903        5.6245903       130.89637              130.89637
              4       71.336705      0.74810816       1.1131551         13.130953           11.714294      0.77838455     -0.54574118       5.6245903        5.6245903       131.42423              131.42423
              1        71.31024      0.74810816       1.1127575           13.1312            11.71426      0.77828442     -0.54467735       5.6245903        5.6245903        131.3713               131.3713
              3       71.985293      0.74810816       1.1260326         13.128161           11.713541      0.77451967     -0.53839984       5.6245903        5.6245903        132.7214               132.7214
              1       71.595045      0.74810816       1.1269895         13.129547           11.713583      0.77372627     -0.53962376       5.6245903        5.6245903       131.94091              131.94091
              4       71.259792      0.74810816       1.1121681         13.126604           11.707621      0.77057836     -0.54261178       5.6245903        5.6245903        131.2704               131.2704
              1        68.85393      0.74810816       1.1450842         13.120757           11.692815      0.77110494     -0.56690536       5.6245903        5.6245903       126.45868              126.45868
              2       69.158537      0.74810816       1.1464698         13.121074           11.689671      0.77290406     -0.55751112       5.6245903        5.6245903       127.06789              127.06789
              2       68.759115      0.74810816        1.144614         13.121581           11.693467      0.76499503     -0.58463933       5.6245903        5.6245903       126.26905              126.26905
              1       68.290972      0.75857527        1.144614         13.121581           11.693467      0.76499503     -0.58463933       5.6245903        5.6245903       125.33276              125.33276
              1       68.323422      0.75857527        1.144708          13.12148           11.693482      0.76497275     -0.58461915       5.6245903        5.6245903       125.39766              125.39766
              1       67.765605      0.75857527       1.1387669         13.116204           11.689482      0.77656368      -0.6003635       5.6245903        5.6245903       124.28203              124.28203
              2       67.463366      0.75857527       1.1414491         13.116242           11.689199      0.78069924     -0.59940731       5.6245903        5.6245903       123.67755              123.67755
              8       67.437366      0.75857527       1.1392971         13.116202           11.688984      0.78101958     -0.59916076       5.6245903        5.6245903       123.62555              123.62555
              1       67.626771      0.75857527       1.1439647         13.117126           11.690686      0.78069948     -0.60017023       5.6245903        5.6245903       124.00436              124.00436
              1       68.441827      0.75857527       1.1413678         13.116573           11.692483      0.78084581     -0.60226931       5.6245903        5.6245903       125.63447              125.63447
              1       70.321692      0.75857527       1.1361258          13.11217           11.692474      0.78020031     -0.59820914       5.6245903        5.6245903        129.3942               129.3942
              1       67.106823      0.75857527        1.136092         13.111452           11.683557      0.78336874     -0.59942698       5.6245903        5.6245903       122.96447              122.96447
              2       67.404251      0.75857527       1.1407968         13.110593           11.684139      0.78516101     -0.59593456       5.6245903        5.6245903       123.55932              123.55932
              2       67.269741      0.75857527       1.1311198         13.113139           11.685948      0.79102592     -0.59363848       5.6245903        5.6245903        123.2903               123.2903
              2       67.757831      0.75857527       1.1434266         13.112032           11.687736      0.79711577     -0.59300413       5.6245903        5.6245903       124.26648              124.26648
              4       64.562962      0.75857527       1.1556403         13.109862           11.675437      0.79483663     -0.61893864       5.6245903        5.6245903       117.87674              117.87674
              4       64.537565      0.75857527       1.1374602          13.10538           11.672194      0.80424841     -0.63539184       5.6245903        5.6245903       117.82595              117.82595
              1       65.093535      0.75857527       1.1299197         13.104038           11.663801      0.80056017     -0.62742052       5.6245903        5.6245903       118.93789              118.93789
              2       65.011686      0.75857527       1.1326517         13.102707           11.663411      0.80355523     -0.62182927       5.6245903        5.6245903       118.77419              118.77419
              1       65.694046      0.75857527       1.1343717         13.093057           11.662401      0.80184483      -0.6110685       5.6245903        5.6245903       120.13891              120.13891
              1        65.47675      0.75857527       1.1455152         13.095321           11.662843      0.79246442     -0.61052584       5.6245903        5.6245903       119.70432              119.70432
              1        65.74792      0.75857527       1.1388155         13.095631           11.662808       0.7905619     -0.60956388       5.6245903        5.6245903       120.24666              120.24666
              2       65.622727      0.75857527       1.1376271          13.09095           11.651782      0.78823801     -0.63178497       5.6245903        5.6245903       119.99627              119.99627
              3       65.348682      0.75857527       1.1330759         13.095403           11.657392      0.78924924     -0.63728424       5.6245903        5.6245903       119.44818              119.44818
              2       65.357134      0.75857527       1.1350774         13.096561           11.656862      0.78900302     -0.63753349       5.6245903        5.6245903       119.46509              119.46509
              1       66.291497      0.75857527       1.1278686         13.097387           11.651406      0.79273528     -0.64841157       5.6245903        5.6245903       121.33381              121.33381
              1       65.790437      0.75857527       1.1366775         13.096177             11.6497      0.79462796     -0.65702741       5.6245903        5.6245903       120.33169              120.33169
              1       64.690909      0.75857527       1.1368432         13.096736           11.655185        0.796568     -0.65981243       5.6245903        5.6245903       118.13264              118.13264
              2       64.697895      0.75857527       1.1315908         13.093803           11.654102      0.80093632     -0.65883887       5.6245903        5.6245903       118.14661              118.14661
              3       64.564199      0.75857527       1.1607217          13.09968           11.654061      0.81162804     -0.62292828       5.6245903        5.6245903       117.87922              117.87922
              3       64.418121      0.75857527       1.1373267         13.092921           11.655579      0.81495767     -0.63597733       5.6245903        5.6245903       117.58706              117.58706
              3       64.726335      0.75857527       1.1343288         13.092556           11.654709      0.81575611     -0.62943463       5.6245903        5.6245903       118.20349              118.20349
              1       65.656516      0.75857527       1.1196091         13.089446           11.664206      0.82386416     -0.64661272       5.6245903        5.6245903       120.06385              120.06385
              3       66.107138      0.75857527       1.1103711         13.090167           11.665093      0.82162279     -0.64148922       5.6245903        5.6245903        120.9651               120.9651
              2       65.417633      0.75857527       1.0990307         13.090049           11.654702      0.82152893     -0.65484188       5.6245903        5.6245903       119.58609              119.58609
              2       65.579082      0.75857527       1.0976196         13.091973           11.654158      0.82115976     -0.65558188       5.6245903        5.6245903       119.90898              119.90898
              1       65.109081      0.75857527       1.1021019         13.096464           11.662286       0.8243098     -0.64765375       5.6245903        5.6245903       118.96898              118.96898
              2        65.82044      0.75857527       1.1019812         13.096808           11.658109      0.82355549     -0.63003612       5.6245903        5.6245903        120.3917               120.3917
              1       65.791528      0.75857527       1.1065011         13.105358            11.66188      0.82963975      -0.6264575       5.6245903        5.6245903       120.33388              120.33388
              1       63.220291      0.75857527       1.1129504         13.105297           11.665852      0.83629638     -0.69602342       5.6245903        5.6245903        115.1914               115.1914
              3       63.372552      0.75857527       1.1149881         13.099475           11.666876       0.8430207     -0.69300608       5.6245903        5.6245903       115.49592              115.49592
              1       63.448959      0.76093011       1.1149881         13.099475           11.666876       0.8430207     -0.69300608       5.6245903        5.6245903       115.64874              115.64874
              1       63.380918      0.76093011       1.1100894         13.098859           11.665734      0.83223512      -0.7120582       5.6245903        5.6245903       115.51266              115.51266
              3       65.291593      0.76093011       1.1186961          13.09225           11.667744      0.83145579     -0.71213318       5.6245903        5.6245903         119.334                119.334
              1       62.860542      0.76093011       1.1231872         13.089376           11.654163      0.83324789     -0.71371817       5.6245903        5.6245903        114.4719               114.4719
              4       62.045841      0.76093011       1.1473651         13.097716           11.653391      0.82712089     -0.70695454       5.6245903        5.6245903        112.8425               112.8425
              2       62.260457      0.76093011       1.1425246         13.107866           11.666656      0.81559938     -0.69133209       5.6245903        5.6245903       113.27173              113.27173
              6       62.253718      0.76093011       1.1526356         13.105982           11.668804      0.81374296     -0.69607905       5.6245903        5.6245903       113.25826              113.25826
              1       61.892879      0.76093011       1.1738099         13.106945           11.670712      0.81410043     -0.69980653       5.6245903        5.6245903       112.53658              112.53658
              2       61.891913       0.7609162       1.1738099         13.106945           11.670712      0.81410043     -0.69980653       5.6245903        5.6245903       112.53464              112.53464
              1       61.523835       0.7609162       1.1705187         13.110616           11.670741      0.81161204     -0.69980998       5.6245903        5.6245903       111.79849              111.79849
              1       61.677653       0.7609162       1.1832796          13.11667           11.662731      0.81623107     -0.69402059       5.6245903        5.6245903       112.10613              112.10613
              1       60.665177       0.7609162       1.1895324         13.120689           11.668695      0.82016623     -0.70416437       5.6245903        5.6245903       110.08117              110.08117
              2       60.321918       0.7609162       1.2015925         13.119756           11.669713      0.81481247     -0.70412404       5.6245903        5.6245903       109.39465              109.39465
              2       60.053948       0.7609162       1.2134305         13.117336           11.668774      0.81549884      -0.7009667       5.6245903        5.6245903       108.85872              108.85872
              1       59.965568       0.7609162       1.2128248         13.119211           11.672802      0.82147129     -0.69334829       5.6245903        5.6245903       108.68196              108.68196
              1       59.576971       0.7609162       1.2145762         13.118203           11.671796      0.82769823     -0.70961581       5.6245903        5.6245903       107.90476              107.90476
              2       60.880742       0.7609162       1.1976128         13.110053           11.657163      0.83494366     -0.69470933       5.6245903        5.6245903        110.5123               110.5123
              1       61.344842      0.77866556       1.1976128         13.110053           11.657163      0.83494366     -0.69470933       5.6245903        5.6245903        111.4405               111.4405
              2       60.048419      0.77866556       1.2076249         13.113012           11.655726      0.83579224     -0.69675239       5.6245903        5.6245903       108.84766              108.84766
              1       59.729308      0.77866556       1.2021026          13.11665           11.659217       0.8298147     -0.72248077       5.6245903        5.6245903       108.20944              108.20944
              1       59.021043      0.77866556       1.1928115          13.12016           11.644656      0.82222568     -0.71934993       5.6245903        5.6245903        106.7929               106.7929
              2       59.791756      0.77866556        1.173428         13.128717            11.65325      0.81055282     -0.68834218       5.6245903        5.6245903       108.33433              108.33433
              2        58.82212      0.77866556       1.1639808         13.138244            11.66472      0.80639543     -0.72373967       5.6245903        5.6245903       106.39506              106.39506
              3       60.907092      0.77866556       1.1446817         13.137434           11.656458      0.80415984     -0.72911791       5.6245903        5.6245903         110.565                110.565
              2       60.904277      0.77866556       1.1450419         13.137496           11.656501      0.80369044      -0.7288892       5.6245903        5.6245903       110.55937              110.55937
              5       62.088132      0.77866556       1.1396313         13.135165           11.651624      0.80136242     -0.73328811       5.6245903        5.6245903       112.92708              112.92708
              2       62.334018      0.77866556       1.1268257         13.129317            11.64801      0.79828996      -0.7369962       5.6245903        5.6245903       113.41886              113.41886
              1       62.469375      0.77866556       1.1308935         13.127762           11.646024      0.79839018     -0.73382494       5.6245903        5.6245903       113.68957              113.68957
              1       62.631355      0.77866556        1.131139         13.127969           11.645664      0.79840837     -0.73463725       5.6245903        5.6245903       114.01353              114.01353
              3       59.689014      0.77866556       1.1367611         13.113271           11.646096      0.79264756     -0.76600358       5.6245903        5.6245903       108.12885              108.12885
              4       60.235402      0.77866556       1.1556683         13.125823           11.668992      0.79727502      -0.7882817       5.6245903        5.6245903       109.22162              109.22162
              3       59.086443      0.77866556       1.1586386         13.117532           11.653896      0.78876815     -0.78422638       5.6245903        5.6245903        106.9237               106.9237
              1       59.120567      0.77866556       1.1592814         13.117314           11.654168      0.78852197     -0.78449023       5.6245903        5.6245903       106.99195              106.99195
              1        59.22992      0.77866556       1.1577839         13.117526           11.654955      0.78723099     -0.78077451       5.6245903        5.6245903       107.21066              107.21066
              1       59.325817      0.77866556       1.1629072         13.118989           11.657278      0.78408532     -0.77325681       5.6245903        5.6245903       107.40245              107.40245
              6       59.360301      0.77866556       1.1518811         13.117585           11.653842      0.78651047     -0.75634455       5.6245903        5.6245903       107.47142              107.47142
              1       59.532637      0.77866556       1.1428709         13.118946           11.649073      0.80078371     -0.74887937       5.6245903        5.6245903       107.81609              107.81609
              2       59.483765      0.77866556       1.1540259         13.118567           11.658596      0.80496802     -0.74280314       5.6245903        5.6245903       107.71835              107.71835
              4       61.079878      0.77866556       1.1433017         13.119589           11.666199       0.8118067     -0.78936422       5.6245903        5.6245903       110.91057              110.91057
              3       59.987287      0.77866556       1.1378998         13.118571           11.660973      0.81227907     -0.76662807       5.6245903        5.6245903       108.72539              108.72539
              7       59.951535      0.77866556       1.1674576         13.101047           11.645682      0.82677697     -0.77800736       5.6245903        5.6245903       108.65389              108.65389
              2       59.727524      0.77866556       1.1641441         13.103837           11.647302      0.82282065      -0.7750494       5.6245903        5.6245903       108.20587              108.20587
              2       59.847206      0.77866556       1.1647826         13.104277           11.648286      0.82345712     -0.77474553       5.6245903        5.6245903       108.44523              108.44523
              4       60.602202      0.77866556       1.1687765         13.102574           11.649666      0.82168872     -0.77632814       5.6245903        5.6245903       109.95522              109.95522
              1       60.929014      0.77866556       1.1647984         13.100454           11.648693      0.82005658     -0.76019862       5.6245903        5.6245903       110.60885              110.60885
              4       59.106471      0.77866556       1.1603637         13.102646           11.640432      0.80638709     -0.76766517       5.6245903        5.6245903       106.96376              106.96376
              2       58.723153      0.77866556        1.182968         13.101395           11.638316      0.80546884     -0.75187189       5.6245903        5.6245903       106.19713              106.19713
              3       59.146831      0.77866556       1.1790689         13.109872           11.638273      0.79453356      -0.7461715       5.6245903        5.6245903       107.04448              107.04448
              1       58.434769      0.77866556       1.2053604         13.118194           11.646867      0.78323753     -0.74994112       5.6245903        5.6245903       105.62036              105.62036
              1       58.972329      0.77866556       1.1957323         13.122098           11.647017      0.78079172     -0.75192905       5.6245903        5.6245903       106.69548              106.69548
              3       58.865716      0.77866556        1.193226         13.116937           11.646519      0.77526515     -0.75328368       5.6245903        5.6245903       106.48225              106.48225
              1       58.754215      0.77866556       1.1919829         13.115731           11.649628      0.77689906     -0.76383908       5.6245903        5.6245903       106.25925              106.25925
              3       58.767201      0.77866556       1.2010207         13.110659            11.64723      0.77956691      -0.7646481       5.6245903        5.6245903       106.28522              106.28522
              3       58.404011      0.77866556       1.2158707         13.116767           11.652039      0.78335801     -0.75890221       5.6245903        5.6245903       105.55884              105.55884
              1        58.28805      0.77866556       1.2206706         13.117259           11.651872      0.78393674     -0.75678736       5.6245903        5.6245903       105.32692              105.32692
              2       58.449278      0.77866556       1.2203401         13.122285           11.649582      0.77335782     -0.74986216       5.6245903        5.6245903       105.64938              105.64938
              1       58.857738      0.77866556       1.2277883          13.12507           11.660696      0.77017373     -0.76235061       5.6245903        5.6245903        106.4663               106.4663
              4       58.314684      0.77866556       1.2172791         13.133773           11.664973      0.77533919     -0.75089806       5.6245903        5.6245903       105.38019              105.38019
              1       58.352617      0.77866556         1.21491         13.137758           11.665134      0.77173381      -0.7450608       5.6245903        5.6245903       105.45605              105.45605
              1       60.335262      0.77866556       1.2177058          13.14614           11.658228       0.7719971     -0.76540112       5.6245903        5.6245903       109.42134              109.42134
              1       59.824749      0.77866556       1.2222499         13.138325           11.655179      0.75891849     -0.77419219       5.6245903        5.6245903       108.40032              108.40032
              1       59.703215      0.77866556       1.2320443         13.138989           11.655315        0.758962     -0.77193572       5.6245903        5.6245903       108.15725              108.15725
              1       58.583109      0.77866556       1.2346979         13.137106           11.658592      0.76335595     -0.79228691       5.6245903        5.6245903       105.91704              105.91704
              1       58.193144      0.77866556       1.2529825         13.135964           11.663626      0.76513262     -0.78470333       5.6245903        5.6245903       105.13711              105.13711
              3       58.154742      0.77866556       1.2581347           13.1378           11.660225      0.76508573     -0.78694278       5.6245903        5.6245903        105.0603               105.0603
              2       58.419293      0.77866556        1.257427         13.145701           11.664702      0.76214767     -0.78961233       5.6245903        5.6245903       105.58941              105.58941
              1       58.230839      0.77866556       1.2640047         13.142892           11.663602      0.76298722     -0.79827047       5.6245903        5.6245903        105.2125               105.2125
              3       58.072007      0.77866556        1.260778         13.139544           11.663073      0.76536454     -0.79518699       5.6245903        5.6245903       104.89483              104.89483
              1       57.882613      0.78437688        1.260778         13.139544           11.663073      0.76536454     -0.79518699       5.6245903        5.6245903       104.51605              104.51605
              1       57.084772      0.78437688       1.2787924         13.145785           11.663618      0.77959081     -0.80207803       5.6245903        5.6245903       102.92036              102.92036
              1       57.035164      0.78437688       1.2845843         13.144101           11.656529      0.78070221     -0.78609928       5.6245903        5.6245903       102.82115              102.82115
              5       56.952762      0.78437688       1.2688037         13.147628           11.666546      0.78659384     -0.76275736       5.6245903        5.6245903       102.65634              102.65634
              3       56.947502      0.78437688       1.2692749         13.147509            11.66635      0.78657056     -0.76283456       5.6245903        5.6245903       102.64582              102.64582
              2       57.464247      0.78437688        1.266124         13.140951           11.665667      0.79786919     -0.74831514       5.6245903        5.6245903       103.67931              103.67931
              2       56.746988      0.78437688       1.2726197           13.1439           11.661139      0.80193946     -0.74820579       5.6245903        5.6245903       102.24479              102.24479
              1       56.729808      0.78437688       1.2696472         13.148671           11.663081      0.80185393     -0.75193372       5.6245903        5.6245903       102.21044              102.21044
              4       56.857085      0.78437688       1.2677094         13.150479           11.663809      0.80204405     -0.73963056       5.6245903        5.6245903       102.46499              102.46499
              1       56.719179      0.78437688       1.2989064          13.15395           11.663671      0.81490063     -0.77259896       5.6245903        5.6245903       102.18918              102.18918
              2       56.723789      0.78437688       1.3019521         13.152334           11.668229      0.81364112     -0.77243791       5.6245903        5.6245903        102.1984               102.1984
              4       57.261044      0.78437688       1.2850943         13.144129           11.665756      0.80392299     -0.80696217       5.6245903        5.6245903       103.27291              103.27291
              1       56.689273      0.78437688       1.2780285         13.147138            11.66348      0.79962033     -0.79881311       5.6245903        5.6245903       102.12937              102.12937
              3       58.160081      0.79279867       1.2780285         13.147138            11.66348      0.79962033     -0.79881311       5.6245903        5.6245903       105.07098              105.07098
              1       57.814859      0.79279867       1.2730853         13.150207           11.665604      0.79733023     -0.78377886       5.6245903        5.6245903       104.38054              104.38054
              1       57.018721      0.79279867        1.279053         13.152312           11.663238      0.79897387     -0.78119681       5.6245903        5.6245903       102.78826              102.78826
              2       56.670429      0.79279867        1.285543         13.146543           11.655602      0.78777624     -0.77685951       5.6245903        5.6245903       102.09168              102.09168
              3       56.709879      0.79279867       1.2861855         13.146524           11.655911      0.78766714     -0.77687386       5.6245903        5.6245903       102.17058              102.17058
              1       57.720241      0.79279867       1.3099435          13.14564           11.658754      0.79239286     -0.78695831       5.6245903        5.6245903        104.1913               104.1913
              4        57.56913      0.79279867       1.3035781         13.145556            11.65816       0.7945934     -0.79847071       5.6245903        5.6245903       103.88908              103.88908
              1       56.801255      0.79279867       1.2768527          13.14001           11.651495      0.79176507     -0.78860234       5.6245903        5.6245903       102.35333              102.35333
              2       58.133911      0.79279867       1.2773232         13.134332           11.652686      0.78833554     -0.80080574       5.6245903        5.6245903       105.01864              105.01864
              2       56.554398      0.79279867       1.2906799          13.13236           11.639202      0.78992476     -0.80367371       5.6245903        5.6245903       101.85961              101.85961
              1       57.175788      0.79279867        1.299803         13.138645           11.637552      0.76950208     -0.79270822       5.6245903        5.6245903        103.1024               103.1024
              4       57.301485      0.79279867       1.2729425         13.127553           11.642746      0.77419559     -0.81353036       5.6245903        5.6245903       103.35379              103.35379
              1       58.147619      0.79279867       1.2865302         13.126316           11.644758      0.78658757     -0.81524258       5.6245903        5.6245903       105.04606              105.04606
              4        58.22275      0.79279867       1.2743865         13.138719           11.656551      0.78936086      -0.8117381       5.6245903        5.6245903       105.19632              105.19632
              1       58.209645      0.79279867       1.2799783         13.140933           11.656869      0.79334624     -0.83568795       5.6245903        5.6245903       105.17011              105.17011
              1       57.061562      0.79279867       1.2888118         13.156033           11.652561      0.79686242     -0.82592978       5.6245903        5.6245903       102.87394              102.87394
              1       57.882357      0.79279867       1.2867875         13.152821           11.645466         0.80219     -0.82442032       5.6245903        5.6245903       104.51553              104.51553
              4       58.491402      0.79279867       1.2894275          13.15421           11.644207      0.80675866     -0.81702039       5.6245903        5.6245903       105.73362              105.73362
              1       58.405867      0.79279867       1.2974779         13.151906           11.642071      0.79890813     -0.80022905       5.6245903        5.6245903       105.56255              105.56255
              1       56.862075      0.79279867        1.302084         13.142464           11.651073      0.80222306     -0.79684058       5.6245903        5.6245903       102.47497              102.47497
              2        56.67761      0.79279867       1.3010148         13.146988           11.650665      0.80741078     -0.79729632       5.6245903        5.6245903       102.10604              102.10604
              3       56.700352      0.79279867       1.3066216         13.147425           11.649825      0.80733623     -0.79349606       5.6245903        5.6245903       102.15152              102.15152
              1       56.821199      0.79279867       1.3089064         13.151684            11.65752      0.80437197     -0.79225874       5.6245903        5.6245903       102.39322              102.39322
              1       56.741343      0.79279867       1.2910089         13.152491           11.659003      0.80820305     -0.78668208       5.6245903        5.6245903       102.23351              102.23351
              1       56.780406      0.79279867       1.2899039         13.152476           11.660338      0.80403919     -0.78019771       5.6245903        5.6245903       102.31163              102.31163
              2       56.995105      0.79279867       1.2917576          13.15451           11.663524       0.8047292     -0.78071215       5.6245903        5.6245903       102.74103              102.74103
              2       56.836968      0.79279867       1.2936916         13.155273           11.662677      0.80578856     -0.77695715       5.6245903        5.6245903       102.42476              102.42476
              1       56.712717      0.79279867       1.2961888         13.152668           11.659423      0.80222882     -0.77603883       5.6245903        5.6245903       102.17625              102.17625
              1       56.767522      0.79279867       1.2909491         13.145667           11.651825      0.81387592     -0.76830072       5.6245903        5.6245903       102.28586              102.28586
              2       57.173014      0.79279867       1.3100025         13.152115            11.65096      0.81498005     -0.74210849       5.6245903        5.6245903       103.09685              103.09685
