#        weight    minuslogpost          sigma8        ygk_Ahmc ygk_LOWZ__1_lM1_0 ygk_LOWZ__1_lMmin_0   minuslogprior minuslogprior__0            chi2 chi2__ygk_like.ygkLike
              4       43.950037       0.8696069       1.1221007         12.863045           11.486512       4.7960384        4.7960384       78.307997              78.307997
              2       43.842374       0.8696069        1.112943          12.85346           11.478021       4.7960384        4.7960384        78.09267               78.09267
              1       43.672025       0.8696069       1.0956245         12.864219           11.484553       4.7960384        4.7960384       77.751973              77.751973
              2       43.700167      0.87094552       1.0956245         12.864219           11.484553       4.7960384        4.7960384       77.808256              77.808256
              1       43.831473      0.87094552       1.0841197         12.858398           11.475038       4.7960384        4.7960384       78.070869              78.070869
              2       44.006466      0.87094552       1.0850759         12.858832           11.473617       4.7960384        4.7960384       78.420856              78.420856
              2        43.72902      0.87094552       1.1012049         12.850336           11.468194       4.7960384        4.7960384       77.865962              77.865962
              1       43.691804      0.87371305       1.1012049         12.850336           11.468194       4.7960384        4.7960384       77.791531              77.791531
              3       43.745309      0.87371305       1.0966517         12.843752           11.464967       4.7960384        4.7960384        77.89854               77.89854
              1       44.011159      0.87371305       1.0803472         12.831529           11.457949       4.7960384        4.7960384        78.43024               78.43024
              3       44.011451      0.87371305       1.0803538         12.831522           11.457945       4.7960384        4.7960384       78.430825              78.430825
              1       43.681788      0.87371305       1.0883082         12.842964           11.460874       4.7960384        4.7960384       77.771499              77.771499
              1       43.694359      0.87371305       1.0785901         12.848346           11.466241       4.7960384        4.7960384       77.796641              77.796641
              1       43.702192      0.87371305       1.0774044         12.850947           11.471225       4.7960384        4.7960384       77.812308              77.812308
              1       43.683063      0.87277815       1.0774044         12.850947           11.471225       4.7960384        4.7960384       77.774049              77.774049
              1       43.864121      0.87277815       1.0928784         12.857412           11.471533       4.7960384        4.7960384       78.136165              78.136165
              2        44.00278      0.87277815       1.0925222          12.85829            11.47099       4.7960384        4.7960384       78.413483              78.413483
              1       45.714625      0.87277815       1.0930921         12.870082           11.473044       4.7960384        4.7960384       81.837173              81.837173
              2       44.392601      0.87277815       1.1050463          12.86878           11.477201       4.7960384        4.7960384       79.193126              79.193126
              3       44.253949      0.87277815       1.1075399         12.869873           11.479012       4.7960384        4.7960384       78.915821              78.915821
              2       44.433041      0.88426041       1.1075399         12.869873           11.479012       4.7960384        4.7960384       79.274005              79.274005
              2       43.981627      0.88426041       1.0856308         12.861149           11.469671       4.7960384        4.7960384       78.371178              78.371178
              1       44.107366      0.87661196       1.0856308         12.861149           11.469671       4.7960384        4.7960384       78.622655              78.622655
              4       44.702225      0.87661196       1.1018575         12.865367           11.469181       4.7960384        4.7960384       79.812373              79.812373
              2       46.186498      0.87661196       1.1003164          12.85697           11.455749       4.7960384        4.7960384        82.78092               82.78092
              2       44.587927      0.87661196       1.1005458         12.852764           11.458353       4.7960384        4.7960384       79.583778              79.583778
              2       43.931351      0.87661196       1.0970978         12.848668           11.459397       4.7960384        4.7960384       78.270625              78.270625
              1       44.134625      0.87661196       1.0965117         12.848721           11.457669       4.7960384        4.7960384       78.677173              78.677173
              1       43.806656      0.87661196       1.1133053         12.833008           11.451494       4.7960384        4.7960384       78.021235              78.021235
              2       43.968784      0.87823779       1.1133053         12.833008           11.451494       4.7960384        4.7960384        78.34549               78.34549
              1       43.997783      0.87823779        1.108235         12.823494           11.444109       4.7960384        4.7960384       78.403489              78.403489
              2       43.950954      0.87823779       1.1006992         12.825777           11.446342       4.7960384        4.7960384       78.309832              78.309832
              4       43.808633      0.87823779       1.0973645         12.827054           11.446158       4.7960384        4.7960384        78.02519               78.02519
              1       43.726679      0.87823779       1.1004303          12.82904           11.445919       4.7960384        4.7960384        77.86128               77.86128
              1       44.196171      0.87823779       1.0953959         12.836684           11.444864       4.7960384        4.7960384       78.800265              78.800265
              2       43.886529      0.88488044       1.0953959         12.836684           11.444864       4.7960384        4.7960384       78.180981              78.180981
              2       43.942744      0.88488044       1.0813621         12.832378           11.438184       4.7960384        4.7960384       78.293411              78.293411
              3       43.813417      0.88488044       1.0832115          12.82857           11.436754       4.7960384        4.7960384       78.034756              78.034756
              2       43.804639      0.88488044       1.0834597          12.82865           11.437124       4.7960384        4.7960384       78.017201              78.017201
              2       44.084277      0.88488044       1.0678731         12.834496           11.450027       4.7960384        4.7960384       78.576477              78.576477
              5       44.192295      0.87285183       1.0678731         12.834496           11.450027       4.7960384        4.7960384       78.792513              78.792513
              2       43.837507      0.87285183       1.0728404         12.839815           11.457452       4.7960384        4.7960384       78.082937              78.082937
              4       44.641837      0.87285183       1.0651319         12.829031           11.460887       4.7960384        4.7960384       79.691596              79.691596
              2       44.610039      0.87285183       1.0623287         12.831942           11.463435       4.7960384        4.7960384       79.628001              79.628001
              2       44.192957      0.86120289       1.0623287         12.831942           11.463435       4.7960384        4.7960384       78.793838              78.793838
              2       44.186237      0.86120289       1.0623909         12.831925           11.463512       4.7960384        4.7960384       78.780398              78.780398
              4       44.772394      0.86120289       1.0496142          12.85371           11.478554       4.7960384        4.7960384        79.95271               79.95271
              1       44.405583      0.86120289       1.0344993         12.868363           11.495958       4.7960384        4.7960384        79.21909               79.21909
              1       44.216882      0.86120289       1.0377702         12.866055           11.499601       4.7960384        4.7960384       78.841687              78.841687
              1       45.763185      0.87253156       1.0377702         12.866055           11.499601       4.7960384        4.7960384       81.934294              81.934294
              1       43.819172      0.87253156       1.0499952         12.869069           11.490533       4.7960384        4.7960384       78.046267              78.046267
              2       43.781276      0.87253156       1.0508563          12.87549           11.493829       4.7960384        4.7960384       77.970475              77.970475
              1       43.820013      0.87253156        1.052473         12.891252            11.50963       4.7960384        4.7960384       78.047949              78.047949
              2       44.036558      0.87253156       1.0417806         12.890055           11.511918       4.7960384        4.7960384       78.481038              78.481038
              1       44.511699      0.86132268       1.0417806         12.890055           11.511918       4.7960384        4.7960384       79.431321              79.431321
              1       44.835018      0.86132268       1.0414529         12.887056            11.50743       4.7960384        4.7960384        80.07796               80.07796
              2       44.859661      0.86132268       1.0375325         12.887029           11.507735       4.7960384        4.7960384       80.127245              80.127245
              1       44.048806      0.87437022       1.0375325         12.887029           11.507735       4.7960384        4.7960384       78.505535              78.505535
              2       44.468359      0.87437022        1.044183         12.885614           11.494004       4.7960384        4.7960384       79.344641              79.344641
              3       43.822249      0.87437022       1.0575133         12.882827           11.500748       4.7960384        4.7960384       78.052421              78.052421
              1       43.787453      0.87437022       1.0603392         12.883634           11.500465       4.7960384        4.7960384        77.98283               77.98283
              2        43.76203      0.87332737       1.0603392         12.883634           11.500465       4.7960384        4.7960384       77.931983              77.931983
              2       43.871669      0.87332737       1.0631334         12.883986           11.503498       4.7960384        4.7960384        78.15126               78.15126
              1       44.358259      0.87723229       1.0631334         12.883986           11.503498       4.7960384        4.7960384       79.124441              79.124441
              1       44.203821      0.87723229       1.0835839         12.877252           11.495231       4.7960384        4.7960384       78.815564              78.815564
              7       45.451393      0.87723229       1.0883318         12.880833           11.504059       4.7960384        4.7960384       81.310708              81.310708
              1       45.317438      0.87723229       1.0881488         12.881035           11.503749       4.7960384        4.7960384       81.042798              81.042798
              1       44.749142      0.87502714       1.0881488         12.881035           11.503749       4.7960384        4.7960384       79.906207              79.906207
              1       46.273164      0.87502714       1.0773098         12.881917           11.510706       4.7960384        4.7960384       82.954251              82.954251
              4         45.8948      0.87502714       1.0783124         12.884693           11.511916       4.7960384        4.7960384       82.197523              82.197523
              3       43.917654      0.87502714       1.0746928         12.903455           11.513037       4.7960384        4.7960384       78.243231              78.243231
              3       44.071444      0.87502714       1.0758092         12.899404           11.515882       4.7960384        4.7960384        78.55081               78.55081
              2       44.278362      0.87502714       1.0752468         12.897982           11.516461       4.7960384        4.7960384       78.964647              78.964647
              2       44.085988      0.87502714       1.0745741         12.897455           11.514515       4.7960384        4.7960384       78.579899              78.579899
              1       44.098154      0.87502714       1.0824417         12.906938           11.513638       4.7960384        4.7960384        78.60423               78.60423
              4       43.921739      0.87502714       1.0865013          12.90372           11.515256       4.7960384        4.7960384       78.251402              78.251402
              6       44.454351      0.87502714       1.0818689          12.89233           11.512316       4.7960384        4.7960384       79.316625              79.316625
              2       44.539127      0.87502714       1.0926458         12.898362           11.517016       4.7960384        4.7960384       79.486178              79.486178
              1       44.637071      0.87502714       1.0927893         12.897952           11.517213       4.7960384        4.7960384       79.682066              79.682066
              1       43.823478      0.86340959       1.0927893         12.897952           11.517213       4.7960384        4.7960384       78.054878              78.054878
              1       45.786534      0.86340959       1.1066001         12.896014           11.504004       4.7960384        4.7960384       81.980991              81.980991
              1       45.744678      0.86340959       1.1161585         12.906026           11.512529       4.7960384        4.7960384       81.897279              81.897279
              1       43.733811      0.86340959       1.1204196         12.897041           11.518303       4.7960384        4.7960384       77.875546              77.875546
              2       43.783832       0.8602423       1.1204196         12.897041           11.518303       4.7960384        4.7960384       77.975588              77.975588
              1       44.513617      0.85422578       1.1204196         12.897041           11.518303       4.7960384        4.7960384       79.435157              79.435157
              1       44.583234      0.85422578       1.1229992         12.888973           11.510751       4.7960384        4.7960384       79.574391              79.574391
              1        43.94005      0.85422578       1.1178458         12.885683           11.512505       4.7960384        4.7960384       78.288023              78.288023
              4       43.971749      0.85422578       1.1178103          12.88575           11.512275       4.7960384        4.7960384       78.351422              78.351422
              3       43.723895      0.85422578       1.1318848         12.887781           11.515961       4.7960384        4.7960384       77.855714              77.855714
              1       43.678663      0.85422578       1.1328039         12.884616           11.514196       4.7960384        4.7960384        77.76525               77.76525
              1       44.545397      0.85422578       1.1229848         12.879407           11.502638       4.7960384        4.7960384       79.498716              79.498716
              1       44.479452      0.85456291       1.1229848         12.879407           11.502638       4.7960384        4.7960384       79.366828              79.366828
              1       43.735005      0.85456291       1.1211293         12.875693           11.505889       4.7960384        4.7960384       77.877933              77.877933
              2       43.853467      0.85456291       1.1168725         12.879487           11.507795       4.7960384        4.7960384       78.114856              78.114856
              1       44.626449      0.85456291        1.107625         12.888902           11.511218       4.7960384        4.7960384       79.660822              79.660822
              1       44.282703      0.85456291       1.1029903         12.884789           11.510009       4.7960384        4.7960384       78.973329              78.973329
              1       44.131414      0.85456291       1.1030176         12.884516           11.510834       4.7960384        4.7960384       78.670751              78.670751
              2       43.829931      0.85456291        1.116555         12.881104           11.509494       4.7960384        4.7960384       78.067786              78.067786
              4       45.132659      0.84711582        1.116555         12.881104           11.509494       4.7960384        4.7960384       80.673241              80.673241
              1       44.110008      0.84711582       1.1211324          12.87929           11.513369       4.7960384        4.7960384        78.62794               78.62794
              1       45.670955      0.84001319       1.1211324          12.87929           11.513369       4.7960384        4.7960384       81.749833              81.749833
              2        44.07481      0.84001319       1.1347495         12.866983           11.516855       4.7960384        4.7960384       78.557543              78.557543
              1       44.017858      0.84001319       1.1346801         12.865536           11.512017       4.7960384        4.7960384       78.443639              78.443639
              1       44.901717      0.85120624       1.1346801         12.865536           11.512017       4.7960384        4.7960384       80.211357              80.211357
              1       43.949659      0.85120624       1.1379675         12.868261           11.508804       4.7960384        4.7960384       78.307241              78.307241
              4       43.864307      0.85120624        1.137371         12.873196            11.51238       4.7960384        4.7960384       78.136537              78.136537
              1       44.286104      0.85120624        1.140352         12.875097           11.517173       4.7960384        4.7960384       78.980132              78.980132
              1       45.156679      0.85120624       1.1379081         12.873052           11.519504       4.7960384        4.7960384       80.721281              80.721281
              1       45.491587      0.85245533       1.1379081         12.873052           11.519504       4.7960384        4.7960384       81.391097              81.391097
              1       44.862339       0.8322979       1.1379081         12.873052           11.519504       4.7960384        4.7960384       80.132601              80.132601
              3       45.954473       0.8322979       1.1563903         12.872127           11.511983       4.7960384        4.7960384       82.316869              82.316869
              1       44.382619       0.8322979       1.1694326         12.862101           11.510332       4.7960384        4.7960384       79.173162              79.173162
              1       44.277176       0.8322979       1.1692721         12.861771           11.511067       4.7960384        4.7960384       78.962275              78.962275
              2       44.320262       0.8322979       1.1578397         12.848305           11.502529       4.7960384        4.7960384       79.048446              79.048446
              1       44.476251       0.8322979       1.1725289         12.838704           11.499796       4.7960384        4.7960384       79.360425              79.360425
              1       44.649678      0.83431476       1.1725289         12.838704           11.499796       4.7960384        4.7960384        79.70728               79.70728
              3       44.326684      0.83431476       1.1641647          12.82957           11.486929       4.7960384        4.7960384       79.061291              79.061291
              1       44.628587      0.83431476       1.1691083         12.825795            11.48748       4.7960384        4.7960384       79.665098              79.665098
              3        45.27521      0.83431476       1.1641948         12.816124           11.465296       4.7960384        4.7960384       80.958342              80.958342
              1       45.833658      0.83431476       1.1600907         12.810618           11.458562       4.7960384        4.7960384       82.075238              82.075238
              2       45.486098      0.83554638       1.1600907         12.810618           11.458562       4.7960384        4.7960384        81.38012               81.38012
              1       44.547925      0.83554638       1.1719857         12.807207           11.460941       4.7960384        4.7960384       79.503772              79.503772
              1       44.469252      0.83554638       1.1707979         12.803116           11.461014       4.7960384        4.7960384       79.346426              79.346426
              1       46.274612      0.84935566       1.1707979         12.803116           11.461014       4.7960384        4.7960384       82.957147              82.957147
              2       44.021213      0.84935566       1.1742159         12.801785           11.442017       4.7960384        4.7960384       78.450348              78.450348
              4       43.879565      0.85542228       1.1742159         12.801785           11.442017       4.7960384        4.7960384       78.167053              78.167053
              1       44.145743      0.85542228       1.1744403         12.801321           11.444332       4.7960384        4.7960384       78.699409              78.699409
              1        44.01913      0.84753515       1.1744403         12.801321           11.444332       4.7960384        4.7960384       78.446183              78.446183
              1       44.666447      0.84753515       1.1695444         12.810205           11.446585       4.7960384        4.7960384       79.740817              79.740817
              2       44.534272      0.84753515       1.1689512         12.809977           11.447217       4.7960384        4.7960384       79.476467              79.476467
              1        45.03535      0.84753515       1.1803233         12.798607            11.45379       4.7960384        4.7960384       80.478623              80.478623
              3       44.927162      0.84753515       1.1863387         12.810332           11.463665       4.7960384        4.7960384       80.262247              80.262247
              2       44.674948      0.84753515       1.1783485         12.805513           11.441882       4.7960384        4.7960384        79.75782               79.75782
              2       44.888005      0.84657712       1.1783485         12.805513           11.441882       4.7960384        4.7960384       80.183934              80.183934
              1       45.055017      0.84657712       1.1644152         12.822854           11.456914       4.7960384        4.7960384       80.517956              80.517956
              6       44.592052      0.84657712       1.1483052         12.806686           11.460634       4.7960384        4.7960384       79.592027              79.592027
              1       44.349192      0.84201458       1.1483052         12.806686           11.460634       4.7960384        4.7960384       79.106306              79.106306
              1       44.248729      0.84201458        1.146637         12.815684           11.465526       4.7960384        4.7960384       78.905381              78.905381
              1       44.399593      0.84201458       1.1542154         12.814727           11.469871       4.7960384        4.7960384        79.20711               79.20711
              1       45.038307      0.84201458       1.1488585         12.814077           11.473565       4.7960384        4.7960384       80.484536              80.484536
              1       46.730249      0.84201458        1.153515            12.815           11.480481       4.7960384        4.7960384       83.868421              83.868421
              1       44.903783      0.84201458       1.1497307         12.840974           11.479562       4.7960384        4.7960384       80.215488              80.215488
              2       43.829131      0.85452906       1.1497307         12.840974           11.479562       4.7960384        4.7960384       78.066185              78.066185
              5        43.68569      0.85452906       1.1622706          12.84789           11.481068       4.7960384        4.7960384       77.779302              77.779302
              1       43.837389      0.85843695       1.1622706          12.84789           11.481068       4.7960384        4.7960384       78.082702              78.082702
              3       43.890992      0.85843695       1.1665195         12.846252           11.479843       4.7960384        4.7960384       78.189907              78.189907
              1       44.674495      0.86326685       1.1665195         12.846252           11.479843       4.7960384        4.7960384       79.756913              79.756913
              1       44.649853      0.86326685       1.1600163         12.851779           11.467052       4.7960384        4.7960384       79.707628              79.707628
              3       44.060451      0.86326685       1.1706576         12.855973           11.474773       4.7960384        4.7960384       78.528826              78.528826
              1       44.553203      0.86326685       1.1604074         12.856467           11.488632       4.7960384        4.7960384        79.51433               79.51433
              3       43.867667      0.85881666       1.1604074         12.856467           11.488632       4.7960384        4.7960384       78.143257              78.143257
              4       44.161827      0.85881666       1.1647074         12.847211           11.482736       4.7960384        4.7960384       78.731577              78.731577
              2       44.882633      0.85881666       1.1772465          12.84946           11.487512       4.7960384        4.7960384        80.17319               80.17319
              2       43.803304      0.85881666       1.1594786         12.850612           11.476464       4.7960384        4.7960384       78.014532              78.014532
              2       43.727732      0.85881666       1.1604197         12.846965            11.47457       4.7960384        4.7960384       77.863388              77.863388
              1       43.967248      0.85881666       1.1484129            12.849           11.473608       4.7960384        4.7960384       78.342419              78.342419
              4       43.706355      0.85881666       1.1490146         12.860787           11.491034       4.7960384        4.7960384       77.820632              77.820632
              3        43.67071      0.85881666       1.1490358         12.858527           11.487714       4.7960384        4.7960384       77.749343              77.749343
              2       44.135258      0.86432066       1.1490358         12.858527           11.487714       4.7960384        4.7960384       78.678439              78.678439
              2       43.955969      0.86432066       1.1547318         12.864032           11.482326       4.7960384        4.7960384       78.319862              78.319862
              1        44.19637      0.86432066       1.1642912         12.862219           11.489686       4.7960384        4.7960384       78.800663              78.800663
              1       45.483385      0.86999521       1.1642912         12.862219           11.489686       4.7960384        4.7960384       81.374694              81.374694
              1       44.246537      0.86999521       1.1644237         12.874816           11.492617       4.7960384        4.7960384       78.900996              78.900996
              2       44.024525      0.86999521       1.1619257         12.861387           11.478605       4.7960384        4.7960384       78.456974              78.456974
              2       44.566058      0.86999521       1.1738341         12.857614           11.480098       4.7960384        4.7960384       79.540038              79.540038
              1       44.084984      0.85823815       1.1738341         12.857614           11.480098       4.7960384        4.7960384       78.577891              78.577891
              1       44.060065      0.85823815       1.1745883         12.847379           11.471119       4.7960384        4.7960384       78.528054              78.528054
              1       44.449003      0.85823815        1.168563         12.840283           11.478701       4.7960384        4.7960384       79.305928              79.305928
              2       44.083883      0.85823815       1.1514499         12.846142           11.470585       4.7960384        4.7960384       78.575689              78.575689
              1       43.670599      0.85823815       1.1517393         12.841557           11.472477       4.7960384        4.7960384       77.749122              77.749122
              1       44.304195      0.85823815       1.1671786          12.84929           11.485881       4.7960384        4.7960384       79.016313              79.016313
              2       44.434542      0.85823815       1.1593839         12.852812           11.490314       4.7960384        4.7960384       79.277007              79.277007
              2       44.293389      0.85823815       1.1486752         12.863229           11.499407       4.7960384        4.7960384         78.9947                78.9947
              3       44.482235      0.85823815       1.0845652         12.773808           11.417419       4.7960384        4.7960384       79.372394              79.372394
              1       44.095293      0.85823815       1.1114614         12.782213            11.42307       4.7960384        4.7960384       78.598508              78.598508
              1       44.474993      0.85008571       1.1175368         12.780316           11.428862       4.7960384        4.7960384        79.35791               79.35791
              1       43.943745      0.89240478       1.0859995          12.79016           11.398798       4.7960384        4.7960384       78.295412              78.295412
              1       44.294758      0.89240478       1.0862013         12.764584           11.379701       4.7960384        4.7960384       78.997439              78.997439
              1        44.19494      0.89240478       1.0855526         12.763555           11.378157       4.7960384        4.7960384       78.797802              78.797802
              1       44.604603      0.89240478       1.1560705          12.73623           11.348207       4.7960384        4.7960384        79.61713               79.61713
              1       44.289347      0.89240478       1.1444048          12.62237           11.243336       4.7960384        4.7960384       78.986617              78.986617
              1        46.61937      0.89240478       1.1242226         12.622129           11.254861       4.7960384        4.7960384       83.646663              83.646663
              1       44.037041      0.89240478       1.0495971         12.658749            11.27871       4.7960384        4.7960384       78.482006              78.482006
              3       43.887438      0.89863824       1.0449518         12.660199           11.274281       4.7960384        4.7960384         78.1828                78.1828
              1       44.691509      0.89863824       1.0368572         12.714412           11.313982       4.7960384        4.7960384       79.790941              79.790941
              1       44.888119      0.89155026       1.0421393         12.712764           11.319017       4.7960384        4.7960384       80.184162              80.184162
              1       44.404386      0.89155026       1.0493603         12.673283           11.298473       4.7960384        4.7960384       79.216696              79.216696
              1       44.870982      0.89155026       1.0270871         12.606266           11.227997       4.7960384        4.7960384       80.149886              80.149886
              1       44.573698      0.89155026       1.0674893         12.588127           11.208356       4.7960384        4.7960384       79.555318              79.555318
              2       43.990186      0.90552381       1.0570759         12.591377           11.198429       4.7960384        4.7960384       78.388296              78.388296
              1       44.318129      0.90552381       1.0516821         12.608237           11.210294       4.7960384        4.7960384       79.044181              79.044181
