#        weight    minuslogpost          sigma8        ygk_Ahmc ygk_LOWZ__1_lM1_0 ygk_LOWZ__1_lMmin_0   minuslogprior minuslogprior__0            chi2 chi2__ygk_like.ygkLike
              2       53.371006      0.72813079       1.0302648         13.027428           11.750005       4.7960384        4.7960384       97.149935              97.149935
              3       53.563124      0.72813079       1.0442485          13.02077           11.741199       4.7960384        4.7960384       97.534172              97.534172
              2       52.939045      0.72813079       1.0460376         13.018595           11.742692       4.7960384        4.7960384       96.286013              96.286013
              1       53.576372      0.72813079       1.0453915         13.009974           11.734559       4.7960384        4.7960384       97.560667              97.560667
              1       53.892394      0.72813079       1.0304652         13.003799           11.741401       4.7960384        4.7960384        98.19271               98.19271
              1       54.251452      0.72813079       1.0206234         13.006633           11.738592       4.7960384        4.7960384       98.910828              98.910828
              2       53.699809      0.73975089       1.0206234         13.006633           11.738592       4.7960384        4.7960384       97.807541              97.807541
              2        53.82772      0.73975089       1.0631654         12.994733           11.733095       4.7960384        4.7960384       98.063362              98.063362
              2       52.206811      0.73975089       1.0626978          12.99637           11.728646       4.7960384        4.7960384       94.821545              94.821545
              2       52.108527       0.7335055       1.0626978          12.99637           11.728646       4.7960384        4.7960384       94.624977              94.624977
              3       51.590338       0.7335055       1.0793093         12.991402           11.724174       4.7960384        4.7960384       93.588599              93.588599
              3       51.633545       0.7335055       1.0798021         12.990696           11.724138       4.7960384        4.7960384       93.675013              93.675013
              1        50.94465       0.7335055       1.1000585         12.994018           11.728199       4.7960384        4.7960384       92.297224              92.297224
              2       50.566259       0.7335055       1.0938007         13.004089           11.727762       4.7960384        4.7960384       91.540441              91.540441
              1       50.817894       0.7335055       1.0953003         13.011086            11.72872       4.7960384        4.7960384       92.043712              92.043712
              1       51.057859       0.7335055       1.0747537         13.011379           11.734623       4.7960384        4.7960384       92.523642              92.523642
              2       51.307649       0.7335055       1.0843767         13.009705            11.74308       4.7960384        4.7960384       93.023221              93.023221
              2       51.445061       0.7335055       1.0799701         13.005861           11.739268       4.7960384        4.7960384       93.298046              93.298046
              1       51.834035       0.7240028       1.0799701         13.005861           11.739268       4.7960384        4.7960384       94.075993              94.075993
              1        51.11233       0.7240028       1.1036431         13.000019           11.738317       4.7960384        4.7960384       92.632583              92.632583
              1       51.182395      0.72819748       1.1036431         13.000019           11.738317       4.7960384        4.7960384       92.772712              92.772712
              2       51.471542      0.72819748       1.0829333           13.0012           11.734342       4.7960384        4.7960384       93.351008              93.351008
              1       51.092833      0.72819748       1.0728593         13.024082            11.75426       4.7960384        4.7960384       92.593588              92.593588
              3       51.595166      0.72819748       1.0689597         13.022471           11.756237       4.7960384        4.7960384       93.598254              93.598254
              1        51.41963      0.72819748       1.0695937         13.028934            11.76182       4.7960384        4.7960384       93.247184              93.247184
              1       50.683961      0.72819748       1.0655433         13.052744           11.769043       4.7960384        4.7960384       91.775845              91.775845
              1       51.155368      0.72819748       1.0536499         13.052123           11.769422       4.7960384        4.7960384       92.718659              92.718659
              3       51.160183      0.72819748       1.0551997         13.049706           11.777608       4.7960384        4.7960384       92.728289              92.728289
              1       50.475374      0.72819748       1.0682737         13.048648           11.768093       4.7960384        4.7960384       91.358671              91.358671
              7        48.65594      0.72819748       1.1083112         13.069151           11.779568       4.7960384        4.7960384       87.719803              87.719803
              2       48.740827      0.72819748       1.1054256         13.067686           11.778975       4.7960384        4.7960384       87.889576              87.889576
              2       48.082719      0.72819748       1.1266512         13.058049           11.776967       4.7960384        4.7960384       86.573362              86.573362
              1       48.602596      0.72819748       1.1047335          13.06403           11.779656       4.7960384        4.7960384       87.613115              87.613115
              2       48.699805      0.72819748       1.1257352         13.081607           11.783359       4.7960384        4.7960384       87.807532              87.807532
              1       48.697237      0.72819748       1.1257013         13.081593           11.783366       4.7960384        4.7960384       87.802397              87.802397
              2       49.132136      0.75917589       1.1257013         13.081593           11.783366       4.7960384        4.7960384       88.672195              88.672195
              1        48.54187      0.75917589       1.1169853         13.089955           11.788638       4.7960384        4.7960384       87.491664              87.491664
              5       45.709901      0.75917589       1.1316763         13.085152           11.771221       4.7960384        4.7960384       81.827726              81.827726
              1       46.346399      0.75917589         1.12512         13.074031           11.767025       4.7960384        4.7960384        83.10072               83.10072
              2       46.320131      0.75917589       1.1241654         13.074219           11.766899       4.7960384        4.7960384       83.048186              83.048186
              2       46.293565      0.75917589       1.1188364         13.076386           11.767953       4.7960384        4.7960384       82.995054              82.995054
              1       45.988804      0.75917589       1.1330915         13.082801           11.772784       4.7960384        4.7960384       82.385532              82.385532
              3       45.761033      0.75917589       1.1334307         13.083733           11.771296       4.7960384        4.7960384       81.929989              81.929989
              5       45.642907      0.75917589       1.1396221         13.081169           11.768433       4.7960384        4.7960384       81.693737              81.693737
              2        45.65599      0.75917589       1.1315881         13.088266           11.772952       4.7960384        4.7960384       81.719902              81.719902
              2       46.048114      0.75917589       1.1198425         13.081749           11.770361       4.7960384        4.7960384       82.504151              82.504151
              2       46.362898      0.75917589       1.1353021         13.075323           11.769003       4.7960384        4.7960384       83.133719              83.133719
              2       46.164105      0.75917589       1.1500417         13.079477           11.772082       4.7960384        4.7960384       82.736132              82.736132
              4       45.955786      0.75917589       1.1505287         13.079732           11.771155       4.7960384        4.7960384       82.319494              82.319494
              2       45.006108      0.75917589       1.1777323          13.08131           11.763326       4.7960384        4.7960384       80.420139              80.420139
              1        45.31929      0.75917589       1.1529701         13.086359           11.768253       4.7960384        4.7960384       81.046503              81.046503
              1       45.349652      0.75917589       1.1521662         13.086016           11.767594       4.7960384        4.7960384       81.107227              81.107227
              3       47.266798      0.75917589       1.1489665         13.076107           11.773729       4.7960384        4.7960384       84.941518              84.941518
              2       47.598107      0.75917589       1.1320236         13.095064           11.790089       4.7960384        4.7960384       85.604137              85.604137
              1       48.380323      0.75917589        1.128144         13.093488           11.791051       4.7960384        4.7960384       87.168568              87.168568
              1       46.152675      0.75917589       1.1118101         13.101975            11.78849       4.7960384        4.7960384       82.713273              82.713273
              2       45.973812      0.75917589       1.1094849         13.098362           11.780224       4.7960384        4.7960384       82.355547              82.355547
              3       46.371266      0.75917589        1.121199         13.094988            11.78485       4.7960384        4.7960384       83.150455              83.150455
              1       48.474416      0.75917589       1.1109629         13.081081           11.781183       4.7960384        4.7960384       87.356755              87.356755
              2        47.14386      0.75917589       1.1051568         13.089442           11.783261       4.7960384        4.7960384       84.695642              84.695642
              3       47.204701      0.75917589       1.0985016         13.088502           11.782393       4.7960384        4.7960384       84.817325              84.817325
              2       46.726842      0.75917589       1.0967206         13.089696           11.780491       4.7960384        4.7960384       83.861608              83.861608
              2       46.871346      0.75917589       1.0924258         13.091628            11.78271       4.7960384        4.7960384       84.150614              84.150614
              1       46.779345      0.75917589       1.0789947         13.091582           11.776757       4.7960384        4.7960384       83.966612              83.966612
              2       46.819083      0.75917589       1.0774517          13.09433           11.777606       4.7960384        4.7960384       84.046089              84.046089
              1       46.719757      0.75917589       1.0835391         13.094583           11.776477       4.7960384        4.7960384       83.847437              83.847437
              1       46.631417      0.75917589       1.0842832         13.093401           11.777214       4.7960384        4.7960384       83.670757              83.670757
              2       48.336581      0.75917589       1.0727046         13.079973           11.758601       4.7960384        4.7960384       87.081084              87.081084
              1       46.437468      0.77065019       1.0727046         13.079973           11.758601       4.7960384        4.7960384        83.28286               83.28286
              1       46.484056      0.77065019       1.0706321         13.080386           11.758975       4.7960384        4.7960384       83.376036              83.376036
              1       46.789908      0.77065019       1.0683524         13.080947           11.755199       4.7960384        4.7960384       83.987739              83.987739
              4       47.303569      0.77065019       1.0577059         13.067901           11.754867       4.7960384        4.7960384       85.015061              85.015061
              1       45.771181      0.77065019       1.1040016         13.079523           11.755043       4.7960384        4.7960384       81.950285              81.950285
              5       45.709856      0.77065019       1.1033658         13.082557           11.759174       4.7960384        4.7960384       81.827636              81.827636
              1       45.947144      0.77065019       1.0925238         13.098208           11.776044       4.7960384        4.7960384       82.302212              82.302212
              5       46.168204      0.77065019        1.081956         13.101717           11.771091       4.7960384        4.7960384        82.74433               82.74433
              1       47.035857      0.77065019       1.0473163         13.098975           11.779346       4.7960384        4.7960384       84.479637              84.479637
              1       47.228891      0.77065019       1.0457808         13.091888           11.774283       4.7960384        4.7960384       84.865705              84.865705
              7       47.263332      0.77065019       1.0343401         13.094458           11.771554       4.7960384        4.7960384       84.934587              84.934587
              6       47.457164      0.77065019        1.032827          13.08826           11.769495       4.7960384        4.7960384       85.322251              85.322251
              1       47.453517      0.77065019       1.0360016         13.084473           11.766829       4.7960384        4.7960384       85.314958              85.314958
              1       47.293424      0.77065019       1.0380702         13.085849            11.76549       4.7960384        4.7960384       84.994772              84.994772
              1       47.835944      0.76563672       1.0380702         13.085849            11.76549       4.7960384        4.7960384       86.079812              86.079812
              4       47.828254      0.76563672       1.0354856         13.080774           11.764848       4.7960384        4.7960384       86.064431              86.064431
              2       48.642505      0.76563672       1.0193572          13.08642           11.776782       4.7960384        4.7960384       87.692933              87.692933
              1       48.346886      0.76563672       1.0330954         13.089588           11.779925       4.7960384        4.7960384       87.101694              87.101694
              3       48.600167      0.76563672       1.0051145         13.095618           11.776652       4.7960384        4.7960384       87.608257              87.608257
              2       50.178476      0.76563672      0.99339583         13.068252           11.751284       4.7960384        4.7960384       90.764875              90.764875
              1       50.064841      0.76563672      0.99351127         13.067197            11.75137       4.7960384        4.7960384       90.537605              90.537605
              3        49.58977      0.76563672       1.0001346         13.067512           11.753004       4.7960384        4.7960384       89.587462              89.587462
              1       49.246219      0.76563672       1.0074535         13.071828           11.764748       4.7960384        4.7960384       88.900361              88.900361
              2       48.155662      0.76563672       1.0628955         13.079381           11.753333       4.7960384        4.7960384       86.719247              86.719247
              2        47.52159      0.76563672       1.0899634          13.08805           11.757857       4.7960384        4.7960384       85.451103              85.451103
              5       45.496162      0.78078699       1.0899634          13.08805           11.757857       4.7960384        4.7960384       81.400247              81.400247
              1       45.570948      0.78078699       1.0877823         13.087897           11.758397       4.7960384        4.7960384       81.549819              81.549819
              1       45.997159      0.78078699       1.0775421         13.089998           11.752429       4.7960384        4.7960384       82.402242              82.402242
              3       45.931763      0.78078699       1.0718443         13.091172           11.755287       4.7960384        4.7960384       82.271449              82.271449
              3       45.918766      0.78078699       1.0638496         13.093368           11.760823       4.7960384        4.7960384       82.245454              82.245454
              3       46.027272      0.78078699       1.0599274         13.091382           11.760196       4.7960384        4.7960384       82.462466              82.462466
              4       46.088932      0.78078699       1.0611026          13.08361           11.754079       4.7960384        4.7960384       82.585786              82.585786
              8        47.39488      0.78078699       1.0463964          13.08913            11.76792       4.7960384        4.7960384       85.197683              85.197683
              1       46.789895      0.78078699       1.0254829          13.10127           11.770753       4.7960384        4.7960384       83.987712              83.987712
              4       48.061893      0.78078699       1.0144053         13.099169           11.759312       4.7960384        4.7960384       86.531709              86.531709
              1       48.496582      0.78078699       1.0375071         13.093161           11.749362       4.7960384        4.7960384       87.401086              87.401086
              1        47.75364      0.78078699       1.0086086         13.074296           11.751178       4.7960384        4.7960384       85.915203              85.915203
              1       47.392857      0.78078699       1.0286673         13.065254           11.737053       4.7960384        4.7960384       85.193637              85.193637
              4       48.369074      0.78078699       1.0456494         13.059675           11.746653       4.7960384        4.7960384       87.146072              87.146072
              1       48.194026      0.76403691       1.0456494         13.059675           11.746653       4.7960384        4.7960384       86.795975              86.795975
              3       48.377413      0.76403691       1.0444826         13.060169            11.74552       4.7960384        4.7960384       87.162749              87.162749
              1        48.27695      0.76403691       1.0435344         13.053257           11.745211       4.7960384        4.7960384       86.961824              86.961824
              6       47.413271      0.76403691         1.08675         13.051667           11.747617       4.7960384        4.7960384       85.234464              85.234464
              1       48.952469      0.77372296         1.08675         13.051667           11.747617       4.7960384        4.7960384       88.312861              88.312861
              1       49.382797      0.77372296       1.1006123         13.051754           11.748886       4.7960384        4.7960384       89.173517              89.173517
              1        47.78144      0.77372296       1.0968031         13.068219           11.758168       4.7960384        4.7960384       85.970804              85.970804
              2        45.33098      0.77372296       1.1242663         13.082278           11.751892       4.7960384        4.7960384       81.069883              81.069883
              2       45.351955      0.77372296       1.1323415         13.075204            11.74488       4.7960384        4.7960384       81.111832              81.111832
              1       45.837509      0.77372296       1.1217369         13.082145           11.748134       4.7960384        4.7960384       82.082942              82.082942
              2       45.515764       0.7921515       1.1217369         13.082145           11.748134       4.7960384        4.7960384        81.43945               81.43945
              2       45.098582       0.7921515       1.1118406         13.080253            11.74411       4.7960384        4.7960384       80.605088              80.605088
              5       44.830401       0.7921515       1.1093064         13.082894            11.74352       4.7960384        4.7960384       80.068725              80.068725
              1       44.708406       0.7921515       1.1162979         13.082282           11.741984       4.7960384        4.7960384       79.824735              79.824735
              1       44.889593       0.7921515       1.1223273         13.085867           11.747411       4.7960384        4.7960384        80.18711               80.18711
              2       45.393521       0.7921515       1.1177494         13.083337             11.7485       4.7960384        4.7960384       81.194964              81.194964
              2       45.441972       0.7921515       1.1116888         13.087687           11.752237       4.7960384        4.7960384       81.291868              81.291868
              2       45.484988       0.7921515       1.1126507         13.080943           11.747001       4.7960384        4.7960384       81.377898              81.377898
              1       45.008873       0.7921515       1.1104391         13.082357           11.745078       4.7960384        4.7960384       80.425669              80.425669
              3       44.920571       0.7921515       1.1607475         13.090652           11.736707       4.7960384        4.7960384       80.249066              80.249066
              1       44.314924       0.7921515       1.1885338         13.079515           11.736659       4.7960384        4.7960384       79.037772              79.037772
              2        44.30699       0.7921515       1.1847863         13.077185           11.734962       4.7960384        4.7960384       79.021902              79.021902
              3       45.473805       0.7921515       1.2015697          13.07496            11.73962       4.7960384        4.7960384       81.355534              81.355534
              2       44.501746       0.7921515       1.1910691         13.087436           11.735037       4.7960384        4.7960384       79.411415              79.411415
              1       44.282744       0.7921515       1.1644666         13.082342           11.736408       4.7960384        4.7960384       78.973412              78.973412
              1       44.303038       0.7921515       1.1642682         13.083425           11.739472       4.7960384        4.7960384       79.013999              79.013999
              2       44.357684       0.7921515       1.1694376         13.083562            11.74075       4.7960384        4.7960384        79.12329               79.12329
              1       44.191784       0.7921515       1.1822221         13.073205           11.728931       4.7960384        4.7960384       78.791491              78.791491
              1       44.380005       0.7921515       1.1838561         13.075924           11.726989       4.7960384        4.7960384       79.167932              79.167932
              2        44.33499       0.7921515       1.1905816         13.070111           11.729765       4.7960384        4.7960384       79.077904              79.077904
              3       44.565188       0.7921515       1.1778296         13.066097           11.729083       4.7960384        4.7960384       79.538299              79.538299
              3       44.256098       0.7921515       1.2018061         13.071694            11.72378       4.7960384        4.7960384       78.920119              78.920119
              1       44.799179       0.7921515       1.2186885         13.059373           11.723355       4.7960384        4.7960384        80.00628               80.00628
              3       44.779386       0.7921515       1.2135916         13.057666           11.722224       4.7960384        4.7960384       79.966696              79.966696
              1        46.70395       0.7921515       1.2535044         13.053527           11.723509       4.7960384        4.7960384       83.815823              83.815823
              2       44.959818       0.7677399       1.2535044         13.053527           11.723509       4.7960384        4.7960384        80.32756               80.32756
              2       46.619476       0.7677399       1.2611587          13.07497           11.733128       4.7960384        4.7960384       83.646876              83.646876
              2        44.43556       0.7677399       1.2864901         13.069069           11.739571       4.7960384        4.7960384       79.279043              79.279043
              2       44.613047       0.7677399       1.2889569         13.067095            11.73534       4.7960384        4.7960384       79.634017              79.634017
              3       46.407954       0.7677399       1.2760723         13.075742           11.733727       4.7960384        4.7960384       83.223831              83.223831
              2       45.362503       0.7677399       1.2668798         13.072211           11.735451       4.7960384        4.7960384       81.132928              81.132928
              2       45.238638       0.7677399       1.2668735         13.072705           11.736454       4.7960384        4.7960384       80.885199              80.885199
              1        44.49117       0.7677399         1.25776          13.06782           11.745531       4.7960384        4.7960384       79.390264              79.390264
              3       44.393327       0.7677399       1.2403051         13.055302           11.734412       4.7960384        4.7960384       79.194578              79.194578
              3       44.483262       0.7677399       1.2139879         13.064046            11.74162       4.7960384        4.7960384       79.374446              79.374446
              3       44.489126       0.7677399       1.2169253         13.066445            11.74139       4.7960384        4.7960384       79.386175              79.386175
              1       44.619783       0.7677399       1.2174721         13.066338           11.739167       4.7960384        4.7960384        79.64749               79.64749
              1       44.924739       0.7677399       1.1797445         13.060149           11.737146       4.7960384        4.7960384       80.257401              80.257401
              3       46.032713       0.7677399       1.1773846         13.045957           11.719437       4.7960384        4.7960384       82.473348              82.473348
              2       45.053628       0.7677399       1.2191607         13.044681           11.719068       4.7960384        4.7960384       80.515179              80.515179
              1       45.032571       0.7677399       1.2202892         13.044581           11.719011       4.7960384        4.7960384       80.473065              80.473065
              1       44.486779       0.7677399       1.2291856         13.060524           11.735103       4.7960384        4.7960384       79.381482              79.381482
              2       44.470601       0.7677399       1.2291609         13.060363           11.735266       4.7960384        4.7960384       79.349125              79.349125
              3       44.498233       0.7677399       1.2629591         13.047622           11.729541       4.7960384        4.7960384       79.404389              79.404389
              1       44.508465       0.7677399       1.2876822         13.046911           11.727652       4.7960384        4.7960384       79.424854              79.424854
              3       44.365422       0.7677399       1.2898301         13.056845           11.730937       4.7960384        4.7960384       79.138766              79.138766
              1        44.51472       0.7677399       1.2773998         13.058863           11.729849       4.7960384        4.7960384       79.437362              79.437362
              5       44.442939      0.76864207       1.2773998         13.058863           11.729849       4.7960384        4.7960384       79.293801              79.293801
              3       45.129846      0.76864207       1.2658781         13.054105           11.721388       4.7960384        4.7960384       80.667615              80.667615
              2        44.57832      0.76864207        1.252546         13.046292           11.719806       4.7960384        4.7960384       79.564563              79.564563
              4        44.59515      0.76864207       1.2530556         13.046138            11.71949       4.7960384        4.7960384       79.598223              79.598223
              1       44.594316      0.76864207       1.2535707         13.046062           11.719399       4.7960384        4.7960384       79.596554              79.596554
