#        weight    minuslogpost          sigma8      ygk_Ahmcgg      ygk_Ahmcgm      ygk_Ahmcgy ygk_LOWZ__2_lM1_0 ygk_LOWZ__2_lMmin_0   ygk_mass_bias       ygk_rhogy   minuslogprior minuslogprior__0            chi2 chi2__ygk_like.ygkLike
              1       41.256379      0.87305105       1.0353271      0.10707159       1.6134725         13.078498           11.745833      0.57561683     -0.56200681        6.908298         6.908298       68.696162              68.696162
              2       40.793217      0.87305105        1.040481      0.10323071       1.6225783         13.077206           11.747528      0.57994192     -0.55626286        6.908298         6.908298       67.769838              67.769838
              2       41.262625      0.87305105       1.0260086      0.11272252       1.6254565         13.072189           11.741697      0.56801294     -0.54866492        6.908298         6.908298       68.708655              68.708655
              2       40.990023      0.87305105       1.0279885      0.10949474       1.6205203         13.077976           11.739313      0.56693916     -0.53868601        6.908298         6.908298       68.163449              68.163449
              2       40.663977      0.87305105       1.0261672      0.11601099       1.6229836         13.082671           11.745036        0.571987     -0.53581062        6.908298         6.908298       67.511358              67.511358
              1       40.913464      0.87305105       1.0272504      0.11641152       1.6244418         13.084037           11.744451      0.57078404     -0.53623585        6.908298         6.908298       68.010331              68.010331
              1       41.438295      0.87305105       1.0323749      0.12057458       1.6262493         13.079237           11.739238      0.57492612     -0.53302821        6.908298         6.908298       69.059995              69.059995
              1       40.594309      0.87305105       1.0329919      0.12018849       1.6213377         13.079217            11.74473      0.57582903      -0.5320993        6.908298         6.908298       67.372021              67.372021
              5       40.471457      0.87305105       1.0316627      0.11711869        1.622021         13.080381           11.745768      0.57426122     -0.53347164        6.908298         6.908298       67.126317              67.126317
              1       40.532158      0.87305105       1.0332657      0.12314357       1.6256012         13.083623           11.750341      0.57167794      -0.5375575        6.908298         6.908298       67.247721              67.247721
              1       41.071779      0.87305105       1.0160326       0.1316117       1.6162387         13.082303           11.746212      0.56577555     -0.54197239        6.908298         6.908298       68.326962              68.326962
              1       41.116829      0.87305105       1.0139217      0.13243218       1.6206544         13.081493           11.749628      0.56659663     -0.54233611        6.908298         6.908298       68.417062              68.417062
              2       41.547963      0.87305105       1.0053793      0.13290371       1.6166182         13.084639           11.748422      0.56791701      -0.5560616        6.908298         6.908298       69.279331              69.279331
              4       41.435698      0.87305105       1.0049478      0.13430199       1.6163978          13.08436           11.747974      0.56836341     -0.55566184        6.908298         6.908298       69.054801              69.054801
              3       40.431122      0.87305105      0.99718432      0.12877011        1.609896         13.086562           11.752701      0.57461409     -0.54841726        6.908298         6.908298       67.045648              67.045648
              1       40.411314      0.87305105      0.99962229      0.13634304       1.6233031         13.089913           11.759918      0.58213699     -0.55363036        6.908298         6.908298       67.006031              67.006031
              3       40.324779      0.87305105       0.9963451      0.13952862       1.6194742         13.089177           11.759116      0.58430311     -0.55884072        6.908298         6.908298       66.832962              66.832962
              1       40.318134      0.87305105      0.99589672      0.14479382       1.6183354          13.09463           11.758864      0.58035062     -0.55687763        6.908298         6.908298       66.819672              66.819672
              1       40.278245      0.87305105      0.99515705       0.1426128       1.6160645         13.097338           11.763089      0.58184243     -0.55648997        6.908298         6.908298       66.739894              66.739894
              1        40.27165      0.87305105      0.99422548      0.14347923       1.6147939          13.09936           11.764441       0.5834215     -0.55645211        6.908298         6.908298       66.726703              66.726703
              1       40.978661      0.87305105      0.99030441      0.13739271       1.6180338         13.103717           11.763219      0.58243518     -0.55285434        6.908298         6.908298       68.140725              68.140725
              1       41.541697      0.87305105      0.98721619       0.1357996       1.6179558          13.10198           11.760237      0.58629574     -0.55669613        6.908298         6.908298       69.266797              69.266797
              1       40.819986      0.87305105      0.99059727      0.13177076       1.6211557         13.098778           11.766206      0.59202908     -0.55523358        6.908298         6.908298       67.823377              67.823377
              3        40.64357      0.87305105      0.98718169      0.13628865       1.6297038         13.099681           11.769726      0.59034195     -0.55937107        6.908298         6.908298       67.470544              67.470544
              2       41.169459      0.87305105      0.98420277      0.13740342       1.6291672         13.097008           11.770416      0.59031108     -0.55678642        6.908298         6.908298       68.522323              68.522323
              1       41.164455      0.87305105      0.98396306      0.13755764       1.6288775         13.097019           11.770241      0.59086896     -0.55671129        6.908298         6.908298       68.512313              68.512313
              1       41.071295      0.87305105      0.97899388      0.13654257       1.6268524         13.100269           11.773016       0.5887084     -0.55625305        6.908298         6.908298       68.325993              68.325993
              1       40.498583      0.86982608      0.97899388      0.13654257       1.6268524         13.100269           11.773016       0.5887084     -0.55625305        6.908298         6.908298        67.18057               67.18057
              1       40.663316      0.86982608      0.97691074      0.13496877       1.6320336         13.104207           11.769165      0.58992777     -0.55829403        6.908298         6.908298       67.510036              67.510036
              1       40.279252      0.86982608      0.97668623      0.13479716        1.631735         13.103418           11.770986      0.59095017     -0.56303933        6.908298         6.908298       66.741908              66.741908
              1       40.411459      0.86982608      0.98137614      0.13942395       1.6330176         13.110372           11.775817      0.59362475     -0.56223562        6.908298         6.908298       67.006323              67.006323
              1       40.361219      0.86982608      0.98055711      0.14087554       1.6338584         13.109738           11.776036      0.59337981     -0.56216582        6.908298         6.908298       66.905841              66.905841
              3       40.781121      0.86982608      0.97800057      0.14529733       1.6292304         13.111534           11.778691      0.59695474       -0.558351        6.908298         6.908298       67.745646              67.745646
              1       40.485929      0.86982608      0.97643909       0.1473569       1.6293085         13.111047           11.778898       0.5930644     -0.55795901        6.908298         6.908298       67.155262              67.155262
              2       41.017605      0.86982608      0.98195463      0.15093691       1.6285904         13.108077           11.772782      0.59320097     -0.55375613        6.908298         6.908298       68.218613              68.218613
              1       41.323143      0.86982608      0.98824777      0.15624943       1.6315228          13.10513           11.780515      0.59401224     -0.55689419        6.908298         6.908298        68.82969               68.82969
              1        41.47934      0.86982608      0.98193892      0.16136671       1.6300262         13.097373           11.775403      0.59897468     -0.56630959        6.908298         6.908298       69.142084              69.142084
              3       41.138674      0.86982608      0.98114601      0.16132402       1.6306311         13.098589           11.775122      0.59599189     -0.56655481        6.908298         6.908298       68.460752              68.460752
              1        40.99095      0.86982608      0.98118961      0.16129653       1.6306116         13.098804           11.774721      0.59612236     -0.56680251        6.908298         6.908298       68.165304              68.165304
              5       41.285502      0.86982608      0.98040012      0.15945083       1.6388661          13.09766            11.77508      0.59764431     -0.56815724        6.908298         6.908298       68.754408              68.754408
              2       41.092974      0.86982608      0.98422327      0.15888941       1.6375256          13.09488           11.771235       0.6019444     -0.56654304        6.908298         6.908298       68.369351              68.369351
              3       41.072825      0.86982608      0.98382289       0.1588049       1.6371391          13.09439           11.770921      0.60175574       -0.567034        6.908298         6.908298       68.329054              68.329054
              2       40.441557      0.86710301      0.98382289       0.1588049       1.6371391          13.09439           11.770921      0.60175574       -0.567034        6.908298         6.908298       67.066519              67.066519
              2       41.020476      0.86710301       0.9821828      0.16654551        1.635981         13.095042           11.768123      0.60348427     -0.55781239        6.908298         6.908298       68.224355              68.224355
              2       40.877455      0.86710301      0.97255282      0.15970004        1.636558         13.090738           11.768558      0.59736705     -0.55212322        6.908298         6.908298       67.938315              67.938315
              1       40.998925      0.86710301        0.970826      0.15944995        1.636539         13.091656           11.767994      0.59906895     -0.55277803        6.908298         6.908298       68.181254              68.181254
              1       41.572999      0.86710301      0.97296738      0.15654066       1.6378482         13.091213           11.765568      0.60100129     -0.55085787        6.908298         6.908298       69.329401              69.329401
              3       42.029044      0.86710301       0.9734285      0.15555604        1.631897         13.092416           11.761472      0.59895059     -0.55164039        6.908298         6.908298       70.241492              70.241492
              2       41.775934      0.86710301      0.97279727       0.1565523        1.632038         13.092595           11.762555      0.59718611     -0.54927036        6.908298         6.908298       69.735271              69.735271
              1       41.500058      0.86710301      0.97701681       0.1430576       1.6371409         13.093431           11.765817      0.59646199     -0.54486986        6.908298         6.908298       69.183521              69.183521
              1       40.916092      0.86710301      0.97776408      0.14340158       1.6371976         13.092051            11.77025      0.59494143     -0.54787123        6.908298         6.908298       68.015587              68.015587
              1       40.788312      0.86710301       0.9765654      0.14288301       1.6373847         13.092249           11.769893      0.59413664     -0.54843508        6.908298         6.908298       67.760027              67.760027
              1       41.097877      0.86710301       0.9852801      0.14446048        1.636779         13.101775           11.766334      0.58622547     -0.55172566        6.908298         6.908298       68.379158              68.379158
              1       41.124472      0.86710301      0.98529366      0.14492937       1.6381896         13.101819           11.766251      0.58637228     -0.55185925        6.908298         6.908298       68.432348              68.432348
              1        41.28488      0.86710301      0.99016639      0.14259103       1.6392309         13.105983           11.769996      0.59410867     -0.55214384        6.908298         6.908298       68.753164              68.753164
              2       41.605005      0.86710301       1.0011565      0.14763727       1.6423504         13.096683           11.774285      0.59083356     -0.56267424        6.908298         6.908298       69.393414              69.393414
              6       41.526357      0.86710301       1.0013938      0.14719215       1.6426106          13.09673           11.773993      0.59063124     -0.56266025        6.908298         6.908298       69.236118              69.236118
              1       42.427027      0.86710301      0.99575284      0.14245912       1.6328673         13.093975           11.774196      0.58933625     -0.56190571        6.908298         6.908298       71.037457              71.037457
              1       42.439265      0.86710301       0.9957728      0.14223854       1.6329724         13.093975           11.774195      0.58926031     -0.56191159        6.908298         6.908298       71.061933              71.061933
              1       41.475821      0.86710301      0.99320208      0.14148206       1.6353591         13.089718           11.770385      0.59407363     -0.56131565        6.908298         6.908298       69.135045              69.135045
              2        40.15353      0.86710301      0.99964653      0.13937533        1.631773         13.092352           11.765209      0.59668171     -0.55717026        6.908298         6.908298       66.490464              66.490464
              1       40.786372      0.86710301       1.0026924      0.13683633       1.6301657         13.092131           11.770025      0.60297036     -0.56238898        6.908298         6.908298       67.756148              67.756148
              2       40.634186      0.85767192       1.0026924      0.13683633       1.6301657         13.092131           11.770025      0.60297036     -0.56238898        6.908298         6.908298       67.451776              67.451776
              2       40.526148      0.85767192      0.99940402      0.13938224       1.6237297         13.092531           11.772105      0.60284628     -0.55817831        6.908298         6.908298       67.235699              67.235699
              1       41.597841      0.85767192       1.0104993      0.14474346       1.6199029         13.105044           11.772433      0.60896985     -0.55977347        6.908298         6.908298       69.379086              69.379086
              1       43.733743      0.85767192       1.0122077      0.12831809       1.6188696         13.115816           11.776047      0.59911976     -0.55318494        6.908298         6.908298        73.65089               73.65089
              2       43.004933      0.85767192       1.0160651      0.12582996       1.6097495          13.11158           11.779462      0.59425617     -0.56403689        6.908298         6.908298        72.19327               72.19327
              1       40.826139      0.87193176       1.0160651      0.12582996       1.6097495          13.11158           11.779462      0.59425617     -0.56403689        6.908298         6.908298       67.835681              67.835681
              4       40.531137      0.87193176       1.0081639      0.11361479       1.6160151         13.114921           11.773028      0.58630713     -0.55999259        6.908298         6.908298       67.245678              67.245678
              1       41.238517      0.87193176       1.0035479      0.11472746       1.6130839         13.113888            11.77625      0.58033589     -0.56686487        6.908298         6.908298       68.660437              68.660437
              2       41.187442      0.87193176       1.0032005      0.11504813       1.6137254         13.114685           11.776676      0.58060974     -0.56701132        6.908298         6.908298       68.558288              68.558288
              1       41.289379      0.87193176       1.0037657      0.11497176       1.6139981         13.114748           11.776926      0.58018717     -0.56704459        6.908298         6.908298       68.762163              68.762163
              1       41.258277      0.87193176       1.0019964      0.11532851       1.6127383         13.114259           11.775072       0.5795468     -0.56708047        6.908298         6.908298       68.699957              68.699957
              1        40.77299      0.87680432       1.0019964      0.11532851       1.6127383         13.114259           11.775072       0.5795468     -0.56708047        6.908298         6.908298       67.729384              67.729384
              1       40.524465      0.87680432      0.99923694      0.11509451       1.6130706         13.114398           11.775766      0.58400718     -0.56234612        6.908298         6.908298       67.232334              67.232334
              4       40.455005      0.87680432      0.99902184      0.11367892       1.6084956         13.119126           11.777622      0.58384035      -0.5624736        6.908298         6.908298       67.093415              67.093415
              2       40.453522      0.87680432      0.99900717      0.11345081       1.6088062         13.119548           11.777148      0.58421034     -0.56280675        6.908298         6.908298       67.090449              67.090449
              1        41.45059      0.87680432       0.9990686      0.11452287       1.6073355         13.125714           11.782929      0.59595695     -0.56477639        6.908298         6.908298       69.084585              69.084585
              1       41.728803      0.87680432         1.00067      0.11302063       1.6070892         13.123269           11.783723      0.59721406     -0.56318688        6.908298         6.908298        69.64101               69.64101
              2       41.835658      0.87709337         1.00067      0.11302063       1.6070892         13.123269           11.783723      0.59721406     -0.56318688        6.908298         6.908298        69.85472               69.85472
              1       42.649344      0.87709337      0.99411934      0.11772092       1.5993739          13.11653           11.784134      0.59884983     -0.56520689        6.908298         6.908298       71.482091              71.482091
              7       42.861255      0.87709337      0.99063443      0.11534277        1.605634          13.11308           11.781537      0.60221388      -0.5696438        6.908298         6.908298       71.905913              71.905913
              1       41.458419      0.87709337      0.99067435      0.11495775       1.6070427         13.116471           11.780889        0.595022     -0.56666548        6.908298         6.908298       69.100241              69.100241
              2       40.250025      0.86914692      0.99067435      0.11495775       1.6070427         13.116471           11.780889        0.595022     -0.56666548        6.908298         6.908298       66.683454              66.683454
              1       41.079774      0.86914692      0.99001658      0.11539661       1.6052939         13.118695           11.777766      0.59582035      -0.5627357        6.908298         6.908298       68.342952              68.342952
              1       41.023653      0.86914692      0.98144704      0.12234455       1.6122521         13.121808           11.781509      0.58623203     -0.55868889        6.908298         6.908298       68.230709              68.230709
              1       40.815311      0.86914692      0.98198772      0.12304773       1.6127026          13.12121           11.782087      0.58697943     -0.55783037        6.908298         6.908298       67.814027              67.814027
              2       40.541941      0.86914692      0.97716313      0.11663573       1.6146771         13.107414           11.776292      0.58333427     -0.55309969        6.908298         6.908298       67.267287              67.267287
              2       40.548644      0.86914692      0.97742823      0.11709454       1.6146775         13.107262           11.775885      0.58313632     -0.55330274        6.908298         6.908298       67.280691              67.280691
              1       41.549341      0.86914692      0.98475351      0.11399464       1.6130049         13.108043           11.778422      0.57599856     -0.54945082        6.908298         6.908298       69.282086              69.282086
              4       46.694014      0.86914692      0.98342679      0.11639102       1.6003146         13.098717           11.773736      0.56927322     -0.56586022        6.908298         6.908298       79.571431              79.571431
              1       45.980361      0.86914692      0.97716646      0.11695867       1.5883737         13.100175           11.773865      0.56439657     -0.55490322        6.908298         6.908298       78.144127              78.144127
              2       45.659916      0.86914692      0.97450241      0.11674176       1.5870731         13.101958           11.776614      0.56742522     -0.55675296        6.908298         6.908298       77.503237              77.503237
              1       42.632279      0.86914692      0.97564288      0.10934173       1.5844847         13.100878           11.771284      0.57274061     -0.55596684        6.908298         6.908298       71.447963              71.447963
              2       41.011042      0.86914692      0.97225138      0.10626135       1.5902592         13.099075           11.765161      0.57831771      -0.5462827        6.908298         6.908298       68.205487              68.205487
              1       41.455747      0.86914692      0.97063525      0.11002855       1.5878162         13.091393           11.755984      0.58085512     -0.55288708        6.908298         6.908298       69.094899              69.094899
              2       41.384292      0.86914692      0.96400378      0.11164109       1.5857826         13.091628           11.757416      0.58014689     -0.55212694        6.908298         6.908298       68.951987              68.951987
              2       42.460459      0.86914692      0.96858419      0.11490681        1.576073         13.090267           11.753089      0.57339163      -0.5427934        6.908298         6.908298       71.104322              71.104322
              1       43.812876      0.86914692      0.96848771      0.12130828       1.5821015          13.09187           11.751366      0.56885425      -0.5425633        6.908298         6.908298       73.809156              73.809156
              4       44.046627      0.86914692      0.97568211      0.11882018       1.5794206         13.096739           11.754318      0.56763951     -0.53857479        6.908298         6.908298       74.276657              74.276657
              1       43.561261      0.86914692      0.97574093      0.11843419       1.5787341         13.095532           11.754518      0.56792319     -0.53797104        6.908298         6.908298       73.305926              73.305926
              1       44.298374      0.86914692      0.97573902      0.11616676       1.5781643          13.09594           11.752917      0.56838052     -0.53893914        6.908298         6.908298       74.780151              74.780151
              1       41.711838      0.86914692      0.96779432       0.1149314       1.5711093         13.102651           11.765406      0.58112729     -0.54367407        6.908298         6.908298        69.60708               69.60708
              1       41.440234      0.86914692      0.96828342      0.11442227       1.5720761         13.102243           11.766004      0.58139317     -0.54408733        6.908298         6.908298       69.063872              69.063872
              2       41.694112      0.86914692      0.97255029      0.11624527       1.5737122         13.098723           11.766657      0.57251198     -0.54721095        6.908298         6.908298       69.571628              69.571628
              1       41.484006      0.86914692      0.97236943      0.12291849       1.5735963         13.094217            11.76195      0.58271621     -0.56854289        6.908298         6.908298       69.151417              69.151417
              1       41.012336      0.87101931      0.97236943      0.12291849       1.5735963         13.094217            11.76195      0.58271621     -0.56854289        6.908298         6.908298       68.208075              68.208075
              1       40.415203      0.87101931      0.97624006      0.12344325       1.5916676         13.093928           11.764409      0.58763763     -0.56663684        6.908298         6.908298        67.01381               67.01381
              2        40.43426      0.87101931       0.9731618      0.12278079        1.592742         13.092034           11.762831      0.58679903     -0.56647699        6.908298         6.908298       67.051924              67.051924
              1       40.493695      0.87101931      0.97539835       0.1203937       1.5929098         13.092798           11.758663      0.58680721     -0.56648138        6.908298         6.908298       67.170795              67.170795
              2       40.784348      0.87101931      0.97769918      0.12282053       1.5875943         13.090064           11.758533       0.5831173     -0.56818465        6.908298         6.908298       67.752101              67.752101
              1       40.505104      0.87101931      0.97918517       0.1200171       1.5852567         13.089347           11.759069      0.58460595     -0.56499146        6.908298         6.908298       67.193611              67.193611
              1       40.481464       0.8756592      0.97918517       0.1200171       1.5852567         13.089347           11.759069      0.58460595     -0.56499146        6.908298         6.908298       67.146333              67.146333
              2       40.846045       0.8756592      0.98421333       0.1136673       1.5880963         13.093817           11.752749      0.57634957       -0.564913        6.908298         6.908298       67.875493              67.875493
              1       40.864039       0.8756592       0.9837632      0.11160157       1.5875844         13.092251           11.750998      0.57795452     -0.56769743        6.908298         6.908298       67.911481              67.911481
              1        40.25024       0.8756592      0.99926431      0.11380152        1.591553         13.094374           11.756148       0.5842206     -0.57338406        6.908298         6.908298       66.683884              66.683884
              1       40.212534      0.87882225      0.99926431      0.11380152        1.591553         13.094374           11.756148       0.5842206     -0.57338406        6.908298         6.908298       66.608472              66.608472
              1       40.742883      0.87882225      0.99773587      0.11821927       1.5923366          13.10013           11.753564      0.58124485     -0.57308343        6.908298         6.908298       67.669169              67.669169
              1       40.773243      0.87882225      0.99782394      0.11825214       1.5923211         13.100089           11.753354      0.58132743     -0.57329278        6.908298         6.908298       67.729889              67.729889
              1        40.44147      0.87882225       0.9972437      0.11988866       1.5906896         13.099754           11.755468      0.58093118     -0.57537235        6.908298         6.908298       67.066343              67.066343
              2       40.364305      0.87882225      0.99093727      0.11988827       1.5944937         13.097732           11.754855       0.5816263     -0.57702682        6.908298         6.908298       66.912014              66.912014
              2       40.741811      0.87882225      0.99017474      0.11658798       1.5946804         13.103078           11.756761      0.58562945     -0.57924619        6.908298         6.908298       67.667026              67.667026
              1       40.447904      0.87882225       0.9947696      0.11317536        1.590894         13.100131           11.756074      0.58824297     -0.57885688        6.908298         6.908298       67.079211              67.079211
              5       40.468353      0.87882225      0.99436254      0.11404314       1.5901487         13.100149           11.756443       0.5890263      -0.5781631        6.908298         6.908298       67.120111              67.120111
              1       41.124351      0.88395323      0.99436254      0.11404314       1.5901487         13.100149           11.756443       0.5890263      -0.5781631        6.908298         6.908298       68.432105              68.432105
              1       40.853089      0.88395323      0.99392903      0.11822089        1.587599           13.0952           11.748569      0.58356074     -0.57589162        6.908298         6.908298       67.889583              67.889583
              1       40.469974      0.88395323      0.99801038       0.1212588       1.5903489         13.090965           11.744811      0.58144468     -0.57866648        6.908298         6.908298       67.123352              67.123352
              1       40.530914      0.88395323       1.0024335      0.11218406       1.5922986          13.09017           11.744144      0.58389504     -0.57991478        6.908298         6.908298       67.245232              67.245232
              1       40.509885      0.88395323       1.0036595      0.11340446       1.5916378         13.089258           11.746896      0.58631686     -0.58161128        6.908298         6.908298       67.203173              67.203173
              2       40.909501      0.88395323       1.0029089      0.11331619       1.5960621         13.088116           11.750001       0.5851289     -0.57998439        6.908298         6.908298       68.002405              68.002405
              2       40.421957      0.88395323       1.0063835      0.11445904        1.597608         13.094218           11.750996      0.58338003     -0.58141815        6.908298         6.908298       67.027318              67.027318
              2       40.375249      0.87831402       1.0063835      0.11445904        1.597608         13.094218           11.750996      0.58338003     -0.58141815        6.908298         6.908298       66.933901              66.933901
              3       40.264339      0.87941734       1.0063835      0.11445904        1.597608         13.094218           11.750996      0.58338003     -0.58141815        6.908298         6.908298       66.712083              66.712083
              1       40.594584      0.87941734      0.99822575      0.11822715       1.6050471         13.079928            11.74652      0.57844224     -0.57263345        6.908298         6.908298       67.372573              67.372573
              3       40.323476      0.87941734       0.9975515      0.11718273       1.6063445         13.080078           11.746129      0.58120905     -0.57231088        6.908298         6.908298       66.830356              66.830356
              4       40.362832      0.87941734       0.9986074      0.11712869       1.6065214         13.080332           11.746563      0.58177167     -0.57263255        6.908298         6.908298       66.909067              66.909067
              1       40.380921      0.87941734      0.99851503      0.11731291       1.6063547         13.080543           11.746805      0.58166576     -0.57275087        6.908298         6.908298       66.945246              66.945246
              1       40.399331      0.87941734       0.9982628      0.11783727       1.6071601         13.080405           11.746802      0.58174588     -0.57319659        6.908298         6.908298       66.982066              66.982066
              2        41.83526      0.87941734       1.0111167       0.1282556       1.6041562          13.07601           11.738329      0.56713672     -0.57485433        6.908298         6.908298       69.853924              69.853924
              2       40.879571      0.87941734        1.017518      0.13333642       1.6047722         13.086769           11.745148      0.57233232     -0.57385417        6.908298         6.908298       67.942546              67.942546
              1        40.29633      0.87941734       1.0175047       0.1455181       1.6112657         13.082134           11.739101      0.57646906     -0.57006058        6.908298         6.908298       66.776065              66.776065
              1       40.568654      0.87941734       1.0231759       0.1442037       1.6129883         13.081511           11.736149      0.57654693        -0.57432        6.908298         6.908298       67.320712              67.320712
              3       41.651966      0.87941734       1.0326334      0.14305048       1.6052327         13.071021           11.741198      0.58051266     -0.56640132        6.908298         6.908298       69.487335              69.487335
              2       41.059927      0.87272996       1.0326334      0.14305048       1.6052327         13.071021           11.741198      0.58051266     -0.56640132        6.908298         6.908298       68.303257              68.303257
              1       40.495144      0.87272996       1.0261093      0.14210407       1.6035753         13.077386           11.741036      0.57852329     -0.55992164        6.908298         6.908298       67.173692              67.173692
              1       40.361753      0.87272996        1.026751      0.14104106       1.6048926         13.077291           11.742885      0.57907673     -0.55878441        6.908298         6.908298        66.90691               66.90691
              2       40.698725      0.87272996       1.0245922      0.13686839       1.6066632         13.071897           11.739801      0.57521745     -0.55707751        6.908298         6.908298       67.580854              67.580854
              2       40.650638      0.87272996       1.0159769         0.14288       1.6092493         13.065819           11.741165      0.58263754     -0.55592847        6.908298         6.908298        67.48468               67.48468
              2       40.667003      0.87272996       1.0156521      0.14249572       1.6092535         13.065945            11.74133      0.58271719     -0.55640595        6.908298         6.908298        67.51741               67.51741
              1       40.435091      0.87272996       1.0182441       0.1394465       1.6082674         13.074472           11.738192      0.57849348      -0.5535674        6.908298         6.908298       67.053587              67.053587
              1       40.373022      0.87272996       1.0182099      0.13858852       1.6090755         13.074278           11.738859      0.57760105     -0.55418475        6.908298         6.908298       66.929447              66.929447
              3       40.571647      0.87272996       1.0159796      0.13779583       1.6080609         13.078097           11.740101      0.58077256     -0.55873168        6.908298         6.908298       67.326698              67.326698
              1       40.603172      0.87272996       1.0122595      0.13901088       1.6030346         13.077745           11.742098      0.57667643     -0.55860451        6.908298         6.908298       67.389747              67.389747
              4       40.948902      0.87272996       1.0212937      0.12818006       1.5907294         13.070039           11.735118      0.57737837     -0.56629042        6.908298         6.908298       68.081208              68.081208
              1       41.233872      0.87272996       1.0092819      0.13775201        1.590159         13.057163           11.736394      0.58667712     -0.56557226        6.908298         6.908298       68.651149              68.651149
              1       41.179173      0.87272996       1.0128546      0.14455399       1.5975454         13.060338           11.737963      0.58954684     -0.57363335        6.908298         6.908298       68.541751              68.541751
              1       41.177109      0.87272996        1.012838      0.14450969       1.5975679         13.060364           11.738002      0.58960175     -0.57362018        6.908298         6.908298       68.537621              68.537621
              1       41.505122      0.87477727        1.012838      0.14450969       1.5975679         13.060364           11.738002      0.58960175     -0.57362018        6.908298         6.908298       69.193647              69.193647
              3       42.272076      0.87477727       1.0125407      0.15090864        1.600711         13.063698           11.743012      0.58604537     -0.56445004        6.908298         6.908298       70.727556              70.727556
              4       43.431271      0.87477727       1.0131512      0.15082012       1.6018127         13.061751           11.743332      0.58427395     -0.56456591        6.908298         6.908298       73.045946              73.045946
              1       40.829995      0.87477727       1.0226366      0.17068216       1.6160159         13.074788           11.733522      0.57919238     -0.56331661        6.908298         6.908298       67.843394              67.843394
              1       43.183637      0.87477727       1.0311126      0.16806428       1.6096285         13.072814           11.723891      0.57906901     -0.56896549        6.908298         6.908298       72.550678              72.550678
              1       42.430104      0.87477727       1.0322642      0.16232959       1.6100202         13.075229           11.727796      0.58368595     -0.56792029        6.908298         6.908298       71.043612              71.043612
              1       42.437208      0.87477727       1.0322232      0.16234182       1.6099821         13.075226           11.727786      0.58372244     -0.56791076        6.908298         6.908298       71.057821              71.057821
              1       41.466334      0.87477727       1.0315228      0.16240413       1.6108887         13.073269           11.728808      0.58422981     -0.56867802        6.908298         6.908298       69.116073              69.116073
              1       40.452823      0.87477727       1.0333813       0.1624148        1.608042         13.070843           11.730762      0.58297985     -0.56577188        6.908298         6.908298        67.08905               67.08905
              1       40.756859      0.87323626       1.0333813       0.1624148        1.608042         13.070843           11.730762      0.58297985     -0.56577188        6.908298         6.908298       67.697122              67.697122
              1       41.271932      0.87323626       1.0301026      0.15868132       1.6105043         13.069377           11.727967      0.58109327     -0.56140619        6.908298         6.908298       68.727267              68.727267
              1       41.326691      0.87323626       1.0299536      0.15652551       1.6087317         13.068704           11.727196      0.58008468     -0.56351706        6.908298         6.908298       68.836785              68.836785
              1       41.146756      0.87323626       1.0257205      0.15684512       1.6081567         13.071527           11.731876      0.57622167     -0.56382449        6.908298         6.908298       68.476916              68.476916
              3        41.31371      0.87323626       1.0257242      0.15734854       1.6071908         13.071913           11.731274      0.57605565      -0.5628663        6.908298         6.908298       68.810825              68.810825
              2       40.809849      0.87323626       1.0318798      0.16269913       1.6114782         13.070048            11.73208      0.57555218     -0.56020868        6.908298         6.908298       67.803102              67.803102
              1       40.161587      0.88033106       1.0318798      0.16269913       1.6114782         13.070048            11.73208      0.57555218     -0.56020868        6.908298         6.908298       66.506577              66.506577
              1        40.33322      0.88033106       1.0358056      0.16279775       1.6097407         13.070447           11.727476      0.57178512     -0.56573369        6.908298         6.908298       66.849844              66.849844
              1       40.057919      0.88033106       1.0220515      0.18212585       1.6062708         13.051266           11.717983      0.58352166     -0.57554798        6.908298         6.908298       66.299242              66.299242
              1       40.084642      0.88033106       1.0221476      0.18260957       1.6050709         13.053541           11.717368       0.5846675     -0.57450665        6.908298         6.908298       66.352689              66.352689
              3        40.09798      0.88033106        1.024824      0.18454464       1.6061915         13.054721           11.720479      0.58490564     -0.57536103        6.908298         6.908298       66.379364              66.379364
              3       40.005658      0.88033106       1.0306268      0.17547442       1.6027906           13.0565           11.720573      0.58487184     -0.57939608        6.908298         6.908298       66.194719              66.194719
              2       41.218633      0.88033106       1.0318186      0.17417443       1.6082131         13.063996           11.717532      0.57137689     -0.57598302        6.908298         6.908298       68.620671              68.620671
              3       41.159401      0.88033106       1.0228699      0.16048826       1.6007447         13.062266           11.717507      0.56666045     -0.55266296        6.908298         6.908298       68.502206              68.502206
              1        40.24748      0.88033106       1.0221619      0.15592525        1.601813         13.060179           11.720677      0.56952166     -0.55484324        6.908298         6.908298       66.678364              66.678364
              2       40.932178      0.88033106       1.0269899      0.15161585       1.6006185         13.066287             11.7211      0.56750455     -0.55585635        6.908298         6.908298       68.047759              68.047759
              1       40.233449      0.88033106       1.0312792      0.15611455       1.5992608         13.067338           11.729348      0.57148944     -0.55111212        6.908298         6.908298       66.650301              66.650301
              1       40.917031      0.88033106       1.0347164      0.15845872       1.6067541         13.055276           11.724428      0.56693747     -0.54588826        6.908298         6.908298       68.017466              68.017466
              1       40.523414      0.88033106       1.0377118      0.15657961       1.6052809         13.050006           11.718071      0.57768833     -0.55368945        6.908298         6.908298       67.230232              67.230232
              1       41.223295      0.86851135       1.0377118      0.15657961       1.6052809         13.050006           11.718071      0.57768833     -0.55368945        6.908298         6.908298       68.629994              68.629994
              1       41.376423      0.86851135       1.0379946      0.15658877        1.605239         13.050277           11.717652      0.57734844     -0.55388513        6.908298         6.908298       68.936249              68.936249
              1       41.251594      0.86851135        1.039013      0.15613845       1.6045228         13.049503            11.71881      0.57665578     -0.55462546        6.908298         6.908298       68.686593              68.686593
              1       40.937199      0.86851135       1.0425718      0.15746157       1.6044335         13.050715           11.719487      0.57850401     -0.55238484        6.908298         6.908298       68.057802              68.057802
              1       41.039826      0.86851135       1.0414873      0.15824908       1.5979947         13.048951           11.717238       0.5780507     -0.54937544        6.908298         6.908298       68.263056              68.263056
              1       41.015609      0.86851135       1.0407132      0.16550378       1.5975626         13.048419           11.718141      0.57772489     -0.55216366        6.908298         6.908298       68.214621              68.214621
              4       40.363471      0.86851135       1.0350618      0.16452569       1.5786834         13.043533           11.716302      0.58490895     -0.55622076        6.908298         6.908298       66.910346              66.910346
              1       40.477679      0.86851135       1.0323168      0.16852055       1.5787464         13.040893           11.714872      0.58246885     -0.55414591        6.908298         6.908298       67.138763              67.138763
              1       41.033031      0.86851135       1.0347206       0.1679258       1.5779719         13.040055           11.711798      0.57971572     -0.55621986        6.908298         6.908298       68.249465              68.249465
              3       40.502509      0.86851135       1.0384373      0.16945568       1.5784205         13.036712            11.71206      0.58242407     -0.55515055        6.908298         6.908298       67.188421              67.188421
              3       40.529174      0.86851135       1.0393616      0.16921921       1.5774615          13.03646           11.711281        0.582122     -0.55482224        6.908298         6.908298       67.241751              67.241751
              4       40.516384      0.86851135       1.0394561      0.17340434       1.5753499         13.038147           11.712212      0.58244255     -0.55444779        6.908298         6.908298       67.216171              67.216171
              1       40.538216      0.86851135       1.0358664      0.17156646       1.5814462         13.042179           11.715239       0.5802244     -0.54876232        6.908298         6.908298       67.259836              67.259836
              1       40.326688      0.86851135       1.0355671      0.17052534       1.5796212         13.037825           11.716467      0.58178388     -0.54428907        6.908298         6.908298       66.836779              66.836779
              1       41.033141      0.86851135       1.0220633      0.16773732       1.5801532         13.032804           11.716673      0.58214771     -0.55069437        6.908298         6.908298       68.249686              68.249686
              4        41.12442      0.86851135       1.0224993      0.17002014       1.5834441         13.029635           11.713269      0.57972199     -0.55009651        6.908298         6.908298       68.432243              68.432243
              1       41.870575      0.86851135       1.0245302      0.16818705       1.5866403         13.028022           11.715118      0.58177293     -0.55187498        6.908298         6.908298       69.924553              69.924553
              1       42.506378      0.86851135       1.0250296      0.17279065       1.5886942         13.026006           11.716302      0.58453745     -0.55073437        6.908298         6.908298       71.196159              71.196159
              1       42.670137      0.86851135       1.0258389      0.17278226       1.5894321         13.024916           11.715354      0.58357647     -0.55099758        6.908298         6.908298       71.523678              71.523678
              1       41.281445      0.86851135       1.0224923      0.17656322        1.586863         13.025315           11.711349      0.58314087     -0.55424711        6.908298         6.908298       68.746294              68.746294
              2       41.455183      0.86851135       1.0228709      0.17698648       1.5863956         13.025417           11.711718      0.58258849     -0.55414344        6.908298         6.908298        69.09377               69.09377
              2        41.39902      0.86851135       1.0227382      0.17703512       1.5864847         13.025509            11.71162      0.58246223     -0.55387205        6.908298         6.908298       68.981443              68.981443
              2       40.714526      0.86851135       1.0258714       0.1795003       1.5937926         13.034921           11.711783      0.58122391     -0.55888626        6.908298         6.908298       67.612456              67.612456
              1       40.589832      0.86851135       1.0165035      0.18239995       1.5915879         13.032188           11.707043      0.58417282      -0.5581899        6.908298         6.908298       67.363067              67.363067
              2       40.452286      0.86851135       1.0138792      0.17800632        1.592019         13.030324           11.710351      0.58479699     -0.56127058        6.908298         6.908298       67.087976              67.087976
              2       40.849368      0.86851135        1.013736      0.18376845       1.6017775         13.027563           11.713333      0.58846893     -0.56238451        6.908298         6.908298        67.88214               67.88214
              1        42.09088      0.86851135       1.0195117      0.17905548       1.6044821         13.013494           11.704293      0.58579793     -0.56194099        6.908298         6.908298       70.365164              70.365164
              3       41.017081      0.86851135       1.0172189      0.17056712       1.6098464         13.015569           11.705027      0.59036891     -0.54667274        6.908298         6.908298       68.217566              68.217566
              2       41.009405      0.86851135       1.0171706      0.17056553       1.6098418         13.015526           11.704962      0.59036301     -0.54672267        6.908298         6.908298       68.202214              68.202214
              2       40.644586      0.86851135       1.0172119      0.17184361       1.6102394         13.016948           11.704032      0.58992175       -0.546805        6.908298         6.908298       67.472575              67.472575
              1       42.529997      0.86851135       1.0021545      0.17188666       1.6097713         13.017167            11.70999      0.57477282     -0.53831816        6.908298         6.908298       71.243399              71.243399
              2       42.610712      0.86851135        1.004787       0.1719433       1.6155085         13.013189           11.706876      0.57325309     -0.53375549        6.908298         6.908298       71.404827              71.404827
              2       43.837931      0.86851135      0.99956702      0.17544049       1.6057428         13.013383           11.711156      0.57790031     -0.53231217        6.908298         6.908298       73.859266              73.859266
              1       44.644367      0.86851135      0.98309269      0.17456044       1.6009557         13.020433           11.707473      0.55133285     -0.52663673        6.908298         6.908298       75.472138              75.472138
              2       44.501775      0.86851135      0.98787375      0.17547211       1.5984159         13.024268           11.707728      0.54998452     -0.52566913        6.908298         6.908298       75.186953              75.186953
              1       43.698683      0.87130783      0.98787375      0.17547211       1.5984159         13.024268           11.707728      0.54998452     -0.52566913        6.908298         6.908298        73.58077               73.58077
              1       43.754018      0.87130783      0.98654337       0.1720389       1.5938023         13.026699           11.697029      0.55276126     -0.53091865        6.908298         6.908298        73.69144               73.69144
              2       41.373538      0.88680585      0.98654337       0.1720389       1.5938023         13.026699           11.697029      0.55276126     -0.53091865        6.908298         6.908298        68.93048               68.93048
              4       42.339986      0.88680585       0.9852361      0.17840871       1.5897292         13.028295           11.691187      0.55497451     -0.52944014        6.908298         6.908298       70.863376              70.863376
              3       42.865787      0.88680585       0.9874613      0.17843215       1.5885373         13.033079           11.693112      0.55185267     -0.52374333        6.908298         6.908298       71.914978              71.914978
              1       41.992514      0.88680585       0.9897247      0.17641391       1.5929681         13.028309           11.693597      0.55253008     -0.52434223        6.908298         6.908298       70.168431              70.168431
              1       41.604897      0.88680585      0.99212568      0.17816601        1.593869         13.028165           11.696386      0.54622218     -0.51823884        6.908298         6.908298       69.393198              69.393198
              1       41.889098      0.88680585       0.9965998       0.1755724       1.5906169         13.028681           11.697795      0.54844527     -0.51710843        6.908298         6.908298       69.961601              69.961601
              1        43.17319      0.88680585      0.99230701       0.1740415       1.5902838         13.027126            11.70015      0.55152198     -0.51286428        6.908298         6.908298       72.529783              72.529783
              2       43.152836      0.88680585      0.99131588      0.16801176       1.5893292         13.026709           11.692006      0.54875854     -0.50974685        6.908298         6.908298       72.489077              72.489077
              1       42.346675      0.88680585       0.9898789      0.16286691       1.5912358         13.030277           11.695543      0.54645916     -0.51189428        6.908298         6.908298       70.876753              70.876753
              2       43.657033      0.88680585      0.98148774      0.16359847       1.5942477         13.023958           11.698534      0.55172779     -0.51164061        6.908298         6.908298        73.49747               73.49747
              1       43.801863      0.88680585      0.98161025      0.17023474        1.601256          13.02924           11.699871       0.5525458     -0.51114291        6.908298         6.908298        73.78713               73.78713
              4       43.064833      0.88680585      0.98207492      0.15666762       1.6114455          13.03218           11.704669      0.55029616     -0.51423287        6.908298         6.908298       72.313069              72.313069
              2       44.176917      0.88680585      0.97106702      0.15586681       1.6099861         13.039082           11.695065      0.54789915     -0.52378474        6.908298         6.908298       74.537238              74.537238
              1       43.513014      0.88680585      0.97949798      0.15631336       1.6100414          13.04074           11.694962      0.54521169     -0.52654919        6.908298         6.908298       73.209431              73.209431
              2       43.108008      0.88680585      0.98073379      0.15957577       1.6050395          13.04114           11.697258      0.54477684     -0.52177583        6.908298         6.908298        72.39942               72.39942
              3       42.209513      0.88680585      0.97746004      0.16774758       1.6136544         13.044826           11.702083      0.53713877     -0.52081149        6.908298         6.908298       70.602431              70.602431
              1       41.650772      0.88680585      0.97927258      0.16803942       1.6162243          13.04553            11.70697      0.54301877     -0.52066086        6.908298         6.908298       69.484947              69.484947
              1       41.419153      0.88680585      0.97881498      0.16928494       1.6171418         13.043298           11.706884       0.5444464     -0.52309588        6.908298         6.908298       69.021711              69.021711
              1       41.393916      0.88680585      0.97830206      0.17738609       1.6087142         13.037478           11.702646      0.53794641     -0.52035646        6.908298         6.908298       68.971235              68.971235
              3       41.465991      0.88680585      0.97118172      0.17458191       1.6046317         13.039242           11.702266      0.53749909     -0.52385772        6.908298         6.908298       69.115386              69.115386
              3       41.516627      0.88680585      0.97039119      0.17787982       1.6038398         13.041628           11.703881      0.53977274     -0.52323187        6.908298         6.908298       69.216657              69.216657
              2       41.409804      0.88680585      0.98577848      0.17110568       1.6007818         13.032936           11.697073      0.53625746     -0.51940466        6.908298         6.908298       69.003012              69.003012
              1       41.411137      0.88680585      0.98638969      0.17241516       1.5987946         13.033399           11.696398      0.53824665     -0.51945563        6.908298         6.908298       69.005677              69.005677
              1        41.90096      0.88680585      0.98658675      0.17139553       1.6013368         13.034457           11.695245      0.54081473     -0.51730994        6.908298         6.908298       69.985324              69.985324
              1        41.23687      0.88680585      0.99227484      0.17630019       1.6064976         13.033626           11.699056      0.54238522     -0.52103943        6.908298         6.908298       68.657145              68.657145
              2       41.227505      0.88680585      0.99203017      0.17672302       1.6068407         13.033434           11.698022      0.54220729     -0.52147047        6.908298         6.908298       68.638414              68.638414
              2       41.690906      0.88680585      0.99438696      0.16742746       1.6063666         13.040211           11.696511      0.54475091      -0.5327392        6.908298         6.908298       69.565216              69.565216
              1       42.118303      0.88680585      0.99420515      0.17130425       1.6035245         13.037733           11.693809      0.55358716     -0.53929743        6.908298         6.908298        70.42001               70.42001
              1       45.098462      0.88680585       1.0038427      0.16653628       1.6000468         13.032731           11.684804      0.55605758     -0.53194714        6.908298         6.908298       76.380328              76.380328
              1       43.224772      0.88680585        1.002247        0.163104       1.6021037          13.02839           11.688076      0.55871749     -0.53094791        6.908298         6.908298       72.632947              72.632947
              1       42.980716      0.88680585       1.0034078      0.16264348        1.593249         13.030907           11.694471      0.56084932     -0.52812861        6.908298         6.908298       72.144837              72.144837
              2       43.299251      0.88680585       1.0010252      0.17419043        1.592367          13.02307           11.695386      0.55854854     -0.52137077        6.908298         6.908298       72.781907              72.781907
              2       43.315427      0.88680585       1.0002632      0.17397727       1.5920893         13.023162           11.694958      0.55861421     -0.52112512        6.908298         6.908298       72.814257              72.814257
              2       42.742317      0.88680585        1.009301       0.1712678       1.5904948          13.02322           11.696152      0.55585949     -0.52178806        6.908298         6.908298       71.668039              71.668039
              1       42.548694      0.88680585       1.0095333       0.1725843        1.587709         13.025103           11.695746       0.5569247     -0.52229387        6.908298         6.908298       71.280791              71.280791
              1       43.248585      0.88680585       1.0101065      0.17002312       1.5883957         13.026116           11.693121      0.55952754     -0.52111678        6.908298         6.908298       72.680574              72.680574
              1       42.931951      0.88680585       1.0094724       0.1692798        1.589002         13.028277           11.692759      0.55788325     -0.52181008        6.908298         6.908298       72.047305              72.047305
              1       42.256962      0.87882538       1.0094724       0.1692798        1.589002         13.028277           11.692759      0.55788325     -0.52181008        6.908298         6.908298       70.697329              70.697329
              1       41.072665      0.87882538       1.0096075      0.16649856       1.5919507         13.030727           11.700739      0.56449898     -0.52859285        6.908298         6.908298       68.328734              68.328734
              4       44.115646      0.87882538       1.0098077      0.16913204       1.5872293         13.037802           11.698085      0.56628912     -0.52524376        6.908298         6.908298       74.414695              74.414695
              1       42.485205      0.87882538       1.0127312      0.16489673       1.5836421         13.039423           11.700913       0.5625834     -0.52634643        6.908298         6.908298       71.153814              71.153814
              1       42.455386      0.87882538       1.0125931      0.16339963       1.5841646         13.039442            11.70254      0.56425152     -0.52406677        6.908298         6.908298       71.094175              71.094175
              1       41.397356      0.87882538       1.0072003      0.16482857        1.576675         13.034676           11.704834      0.56528872     -0.52409461        6.908298         6.908298       68.978116              68.978116
              1       42.782892      0.87882538        1.018296      0.16230147       1.5716804         13.028396           11.698679      0.57508415      -0.5266591        6.908298         6.908298       71.749188              71.749188
              3       44.269361      0.87882538       1.0085107      0.15874806       1.5780683         13.027478           11.713449      0.56151297     -0.52051776        6.908298         6.908298       74.722126              74.722126
              1       42.006427      0.87882538       1.0090105      0.14541105       1.5829947         13.034689            11.71357      0.56542761     -0.52312463        6.908298         6.908298       70.196258              70.196258
              2       42.096082      0.87907996       1.0090105      0.14541105       1.5829947         13.034689            11.71357      0.56542761     -0.52312463        6.908298         6.908298       70.375568              70.375568
              3       41.376632      0.87907996       1.0164088      0.14104039       1.5680402         13.041755           11.714815      0.55447587      -0.5244501        6.908298         6.908298       68.936668              68.936668
              3       41.030821      0.87907996       1.0135453      0.14204199       1.5737095         13.044035           11.712856      0.55236065     -0.52496275        6.908298         6.908298       68.245047              68.245047
              1       40.883278      0.87907996       1.0098507      0.13974083       1.5722009         13.044074           11.710755      0.55435302     -0.52552039        6.908298         6.908298        67.94996               67.94996
              1       41.950411      0.87907996        1.006659      0.14677046       1.5705826         13.057595           11.719063      0.56421099     -0.52414142        6.908298         6.908298       70.084225              70.084225
              1       41.458952      0.87907996       1.0095181        0.146636       1.5724041         13.057338           11.718577      0.56760488     -0.53351934        6.908298         6.908298       69.101308              69.101308
              1       41.460246      0.87907996        1.009484      0.14674919        1.572341         13.057322           11.718532      0.56756784     -0.53355425        6.908298         6.908298       69.103896              69.103896
              1       40.406564      0.87907996       1.0054609      0.14767234       1.5717568         13.049113           11.716805      0.56640024      -0.5394992        6.908298         6.908298       66.996531              66.996531
              1       40.432986      0.87907996       1.0031606      0.14539505       1.5721191         13.049397           11.718029      0.56406045     -0.53862043        6.908298         6.908298       67.049376              67.049376
              7       40.885541      0.88322858       1.0031606      0.14539505       1.5721191         13.049397           11.718029      0.56406045     -0.53862043        6.908298         6.908298       67.954485              67.954485
              3       40.474002      0.87770976       1.0031606      0.14539505       1.5721191         13.049397           11.718029      0.56406045     -0.53862043        6.908298         6.908298       67.131407              67.131407
              1       40.499847      0.87770976       1.0032095      0.14501573       1.5727413          13.04962           11.717707      0.56359049      -0.5388731        6.908298         6.908298       67.183097              67.183097
              2       40.524887      0.87770976       1.0023798      0.14465046       1.5721749         13.049827           11.716865      0.56426151     -0.53987001        6.908298         6.908298       67.233177              67.233177
              2       40.972756      0.87770976       1.0050538      0.13730373       1.5726125         13.050974           11.725395      0.56801122     -0.54409722        6.908298         6.908298       68.128915              68.128915
              1       40.713435      0.87770976       1.0034356      0.13700851       1.5718061         13.051495           11.724537      0.56686909     -0.54105938        6.908298         6.908298       67.610273              67.610273
              1       40.941178      0.87770976       1.0128366      0.12868251       1.5763024         13.051815           11.725649      0.57039194     -0.53408364        6.908298         6.908298       68.065761              68.065761
              1       40.536305      0.87770976       1.0117992      0.12752513       1.5785587         13.054735           11.724816      0.56966887     -0.53515743        6.908298         6.908298       67.256014              67.256014
              1       40.759207      0.87770976       1.0190761      0.12767464       1.5723313         13.058741           11.720717       0.5633827     -0.53712776        6.908298         6.908298       67.701819              67.701819
              2       40.371064      0.87770976       1.0136511      0.11372102       1.5620037         13.059252           11.724181      0.56660021     -0.54201483        6.908298         6.908298       66.925531              66.925531
              1       40.691224      0.87770976       1.0125915      0.10878406       1.5656325         13.049529           11.715556       0.5619085     -0.54462838        6.908298         6.908298       67.565851              67.565851
              3       41.552045      0.87444982       1.0125915      0.10878406       1.5656325         13.049529           11.715556       0.5619085     -0.54462838        6.908298         6.908298       69.287494              69.287494
              1       41.450261      0.87444982      0.99691773       0.1224056       1.5599674         13.052208           11.718041      0.56731556     -0.55443176        6.908298         6.908298       69.083926              69.083926
              4       41.052926      0.87444982      0.99868072      0.12389378       1.5607062         13.052864           11.720396      0.56872669     -0.55405503        6.908298         6.908298       68.289257              68.289257
              5       41.441536      0.87444982       1.0002081       0.1258584       1.5605933         13.052143           11.718306      0.56789121     -0.55694437        6.908298         6.908298       69.066476              69.066476
              1       41.277751      0.87444982       1.0063337      0.13094212        1.565667         13.052522           11.726821      0.57234875     -0.55798961        6.908298         6.908298       68.738907              68.738907
              1       42.130868      0.87444982       1.0217055      0.13326688       1.5624988         13.045366           11.722592      0.56481822     -0.54113751        6.908298         6.908298        70.44514               70.44514
              2       42.224935      0.87694709       1.0217055      0.13326688       1.5624988         13.045366           11.722592      0.56481822     -0.54113751        6.908298         6.908298       70.633274              70.633274
              1        42.44502      0.87694709       1.0223397      0.13287678       1.5618033         13.045795           11.723083      0.56451075     -0.54211255        6.908298         6.908298       71.073444              71.073444
              2       42.659452      0.87150677       1.0223397      0.13287678       1.5618033         13.045795           11.723083      0.56451075     -0.54211255        6.908298         6.908298       71.502309              71.502309
              3       42.392988      0.87150677       1.0294256      0.13673734       1.5659382         13.043706           11.709983      0.56570534     -0.54989068        6.908298         6.908298       70.969379              70.969379
              2        42.67799      0.87150677       1.0236996      0.14011051        1.567577         13.048571           11.711009       0.5702231     -0.55490215        6.908298         6.908298       71.539383              71.539383
              1       43.182661      0.87150677       1.0282087      0.13419174       1.5640256         13.055162           11.713755      0.58399169     -0.55238935        6.908298         6.908298       72.548726              72.548726
              2        44.09298      0.87150677       1.0301995      0.12514647       1.5583725         13.051314           11.707811      0.58191199     -0.55727311        6.908298         6.908298       74.369365              74.369365
              2       41.543002      0.87150677       1.0333348      0.12782984       1.5654179         13.041982            11.70586      0.58970505     -0.56271052        6.908298         6.908298       69.269407              69.269407
              1        41.04605      0.87150677       1.0332669      0.12812377       1.5646466         13.041765           11.707061      0.58969531       -0.563677        6.908298         6.908298       68.275504              68.275504
              1        41.84224      0.87150677       1.0336066      0.12981114       1.5636733         13.042782           11.705498      0.59004929     -0.56458629        6.908298         6.908298       69.867883              69.867883
              2       40.782349      0.87150677       1.0280796      0.12754983       1.5649588         13.041472           11.708055      0.59083174     -0.56696654        6.908298         6.908298       67.748103              67.748103
              1       40.331827      0.87150677       1.0284983      0.11825419       1.5588653         13.038403           11.707655      0.58720382      -0.5623326        6.908298         6.908298       66.847058              66.847058
              5       40.734679      0.87150677       1.0280375      0.12376785       1.5623348         13.020272           11.701443      0.58256398     -0.56284416        6.908298         6.908298       67.652763              67.652763
              1       42.318686      0.87150677       1.0162703      0.11940409       1.5578755         13.027099           11.705101      0.57292954     -0.56519284        6.908298         6.908298       70.820775              70.820775
              2       42.090505      0.87150677        1.015114      0.12038612         1.55953         13.027598           11.706097      0.57363176     -0.56424457        6.908298         6.908298       70.364413              70.364413
              2       41.403069      0.87150677       1.0148286      0.12064989       1.5578507         13.029102           11.705576      0.57530478     -0.56341908        6.908298         6.908298       68.989542              68.989542
              3       41.163795      0.87150677       1.0136341      0.11867356       1.5581659         13.027945           11.705007      0.57636501     -0.56295858        6.908298         6.908298       68.510995              68.510995
              2       40.948096      0.87150677       1.0107724       0.1231092        1.563906         13.028315            11.70294      0.57763116     -0.56507108        6.908298         6.908298       68.079595              68.079595
              1       40.328094      0.87150677       1.0148309      0.11623864       1.5740855         13.039805           11.713524       0.5814303     -0.56340476        6.908298         6.908298       66.839591              66.839591
              3       42.509554      0.87150677       1.0125421      0.11120625       1.5772012         13.035468           11.715586      0.57600334     -0.56843451        6.908298         6.908298       71.202513              71.202513
              2       41.554386      0.87150677       1.0019689      0.10929932       1.5735607         13.040003           11.716718      0.57654242     -0.56799806        6.908298         6.908298       69.292176              69.292176
              7       41.544357      0.87150677       1.0020404      0.10937208       1.5735473         13.040087           11.716716      0.57656171     -0.56801838        6.908298         6.908298       69.272118              69.272118
              1        43.85291      0.87150677      0.99216604      0.11458854       1.5643563         13.042993           11.724015       0.5731802     -0.57009408        6.908298         6.908298       73.889225              73.889225
              3       43.606458      0.87150677      0.99385104      0.10989403       1.5623562         13.038294           11.723517       0.5769842     -0.56633213        6.908298         6.908298        73.39632               73.39632
              1       43.397507      0.87150677      0.99231124      0.10896879       1.5571222         13.042239           11.727684      0.58029092     -0.56744409        6.908298         6.908298       72.978419              72.978419
              2       42.892912      0.87150677      0.99284305      0.11168143       1.5538413          13.04256           11.726621      0.57829739     -0.56376454        6.908298         6.908298       71.969228              71.969228
              2       42.376032      0.87150677      0.98252801      0.10665551       1.5513042         13.041778           11.722358      0.57423195     -0.56419614        6.908298         6.908298       70.935468              70.935468
              1       42.087371      0.87150677      0.97776477      0.10972423       1.5537001         13.049972           11.720725      0.57199785     -0.56365538        6.908298         6.908298       70.358147              70.358147
              2       40.966622      0.87496527      0.97776477      0.10972423       1.5537001         13.049972           11.720725      0.57199785     -0.56365538        6.908298         6.908298       68.116648              68.116648
              1       40.284559      0.87496527      0.97593893       0.1058718       1.5495027         13.053597           11.725261      0.57745386     -0.55795486        6.908298         6.908298       66.752521              66.752521
              1       40.141094      0.87496527      0.98228912       0.1178338       1.5501826         13.057708           11.730808       0.5900489     -0.56641897        6.908298         6.908298       66.465592              66.465592
              4       40.422728      0.87496527      0.97680444       0.1171635       1.5449607         13.056834           11.733062      0.58887734     -0.57259102        6.908298         6.908298        67.02886               67.02886
              7       40.401322      0.87496527      0.97763044      0.11872713       1.5454658         13.056909           11.732562      0.58803471     -0.57318061        6.908298         6.908298       66.986048              66.986048
              1       40.488078      0.87496527      0.95765942      0.11365073       1.5591862         13.060363             11.7346      0.58180274     -0.57108324        6.908298         6.908298       67.159559              67.159559
              1       40.608467      0.87369408      0.95765942      0.11365073       1.5591862         13.060363             11.7346      0.58180274     -0.57108324        6.908298         6.908298       67.400338              67.400338
              3       41.202718      0.87369408      0.95702941      0.10781215       1.5533115         13.060291           11.736438      0.57732342     -0.56775988        6.908298         6.908298       68.588841              68.588841
              2       40.623742      0.87369408      0.95088972      0.11125466       1.5479301         13.058612           11.735338      0.58165655     -0.56597581        6.908298         6.908298       67.430887              67.430887
              1       40.473528      0.87369408      0.95053808      0.10811034       1.5480395         13.057081           11.732695      0.58326733     -0.56777327        6.908298         6.908298        67.13046               67.13046
              2       41.401193      0.87369408      0.95132097      0.10904051       1.5463177         13.054356            11.73603        0.583929     -0.57065705        6.908298         6.908298       68.985791              68.985791
              1       41.887207      0.86825374      0.95132097      0.10904051       1.5463177         13.054356            11.73603        0.583929     -0.57065705        6.908298         6.908298       69.957818              69.957818
              1       41.880328      0.86825374      0.95356205      0.10835265       1.5477001         13.055055           11.735316      0.58412636     -0.57253668        6.908298         6.908298       69.944059              69.944059
              1       41.303369      0.86825374      0.94950429      0.10229998       1.5465696         13.058945             11.7376      0.58842937     -0.57496087        6.908298         6.908298       68.790142              68.790142
              3       41.675302      0.86825374       0.9504072      0.10037505       1.5437871          13.05895           11.736778       0.5861678     -0.57514972        6.908298         6.908298       69.534007              69.534007
              1        42.87725      0.86825374      0.95551292      0.10539896       1.5475574         13.053444            11.73643      0.58311754     -0.57519275        6.908298         6.908298       71.937904              71.937904
              1       43.341213      0.86825374      0.95504585       0.1052443       1.5468739         13.052731           11.737443      0.58239081     -0.57403004        6.908298         6.908298        72.86583               72.86583
              1       40.786137      0.86825374      0.94606451      0.11673988       1.5515139         13.053719           11.736312      0.59027043     -0.56686484        6.908298         6.908298       67.755678              67.755678
              1       40.747131      0.86825374      0.94239033      0.11159594       1.5551807         13.048052           11.731981      0.59089487     -0.56618076        6.908298         6.908298       67.677666              67.677666
              1       41.808885      0.86825374      0.94650382      0.10854212       1.5604431         13.054811           11.728655       0.5873056      -0.5570431        6.908298         6.908298       69.801173              69.801173
              2        41.47874      0.86825374      0.94410757      0.10849993       1.5637656         13.056148           11.731108      0.58466601     -0.55902508        6.908298         6.908298       69.140884              69.140884
              1       40.747606      0.87480624      0.94410757      0.10849993       1.5637656         13.056148           11.731108      0.58466601     -0.55902508        6.908298         6.908298       67.678617              67.678617
              3       40.973839      0.87480624      0.94330457      0.10710006       1.5652726         13.053844           11.731441      0.58696649     -0.55778169        6.908298         6.908298       68.131081              68.131081
              1       41.542861      0.87480624      0.94982745      0.11072248       1.5752056         13.046058           11.730167       0.5791443     -0.56114591        6.908298         6.908298       69.269126              69.269126
              1       41.704469      0.87480624      0.94740174      0.11288326       1.5749139         13.044934           11.729803      0.57970119     -0.56294061        6.908298         6.908298       69.592341              69.592341
              1       42.793978      0.87480624      0.94696703      0.11541005       1.5725495         13.042613           11.730774      0.57766429     -0.55830272        6.908298         6.908298        71.77136               71.77136
              2       40.672575      0.87480624       0.9476033      0.11492709         1.57118         13.041719           11.717912      0.57829358     -0.55615716        6.908298         6.908298       67.528553              67.528553
              2       40.825039      0.87480624      0.94902248      0.11245682       1.5715708         13.040209           11.715549      0.57273378      -0.5500898        6.908298         6.908298       67.833483              67.833483
              3       40.734993      0.87480624      0.94472659      0.10927214       1.5718841         13.033575           11.712116      0.57314825      -0.5530099        6.908298         6.908298        67.65339               67.65339
              1       41.209063      0.87480624      0.95098724      0.11917287       1.5755281            13.026           11.710793      0.57213538     -0.55400598        6.908298         6.908298        68.60153               68.60153
              1       41.528306      0.87480624      0.94412538      0.12283103       1.5806356          13.02551           11.710696      0.57894764     -0.54515793        6.908298         6.908298       69.240015              69.240015
              3       41.255365      0.87480624      0.94027892      0.12705598       1.5766193         13.026652           11.708823      0.57610011     -0.54533418        6.908298         6.908298       68.694134              68.694134
              1       41.406542      0.87480624       0.9411572      0.12247278       1.5900656         13.033641           11.711645      0.57311309     -0.54252429        6.908298         6.908298       68.996488              68.996488
              2       41.280467      0.87480624      0.93983338      0.12405325       1.5932335         13.030489           11.711939      0.57533851     -0.54478304        6.908298         6.908298       68.744338              68.744338
              1       41.513262      0.87480624      0.93147594      0.12907963       1.5914854         13.034078            11.71992      0.57227168     -0.54580837        6.908298         6.908298       69.209927              69.209927
              3        41.42004      0.87403051      0.93147594      0.12907963       1.5914854         13.034078            11.71992      0.57227168     -0.54580837        6.908298         6.908298       69.023484              69.023484
              1       41.061337      0.87403051      0.93554488      0.12979939       1.5930519         13.033925           11.714568      0.56930708     -0.54701314        6.908298         6.908298       68.306077              68.306077
              2       41.053161      0.87403051      0.93578231        0.129895       1.5935676         13.033821           11.714939      0.56934953     -0.54722014        6.908298         6.908298       68.289727              68.289727
              2       41.498856      0.87403051      0.92995019      0.13435243       1.5982462         13.034341           11.712064      0.56939887     -0.54559013        6.908298         6.908298       69.181115              69.181115
              1       41.989757      0.87403051      0.92264774      0.12261464       1.6019293         13.025159           11.710948       0.5623531     -0.54901659        6.908298         6.908298       70.162919              70.162919
              1       41.796444      0.87403051      0.92394311      0.11541725       1.6065855         13.028401           11.707123      0.57039174     -0.54608769        6.908298         6.908298       69.776292              69.776292
              3       42.471688      0.87403051      0.92098337      0.11144676       1.6075125         13.027212           11.702642      0.56583203     -0.54902861        6.908298         6.908298        71.12678               71.12678
              1       41.617171      0.87403051      0.91291219      0.11520619       1.6025979         13.020031           11.705868      0.56624827     -0.55018606        6.908298         6.908298       69.417745              69.417745
              1       41.581096      0.87403051      0.91188558      0.11454785       1.6016749         13.021279           11.705586      0.56684741     -0.54955971        6.908298         6.908298       69.345597              69.345597
              1        41.75415      0.87403051      0.91191747      0.11686189       1.6011165         13.021973           11.703845      0.56607968     -0.54933018        6.908298         6.908298       69.691703              69.691703
              1       41.483633      0.87627609      0.91191747      0.11686189       1.6011165         13.021973           11.703845      0.56607968     -0.54933018        6.908298         6.908298        69.15067               69.15067
              2       41.695898      0.87627609      0.90910716       0.1176539       1.6047317         13.023493           11.707378      0.56066615     -0.54403658        6.908298         6.908298       69.575201              69.575201
              1       41.917795      0.87627609      0.90728987      0.11898692       1.6055418         13.024395           11.704567      0.55786593      -0.5449762        6.908298         6.908298       70.018994              70.018994
              1        42.11022      0.87627609      0.90695109       0.1129619       1.5988196          13.01649           11.696659      0.55842332     -0.54425589        6.908298         6.908298       70.403843              70.403843
              2       42.116536      0.87627609       0.9067599      0.11342121       1.5985872         13.016389           11.696679      0.55840719     -0.54354359        6.908298         6.908298       70.416476              70.416476
              2       42.049252      0.87627609      0.90167386      0.10892468       1.6020455         13.015135           11.698774      0.55725562     -0.54114311        6.908298         6.908298       70.281908              70.281908
              6       42.843962      0.87627609      0.90389887      0.10412474       1.5946491         13.020655            11.70266      0.54867531     -0.53938862        6.908298         6.908298       71.871328              71.871328
              1       42.214621      0.87957913      0.90389887      0.10412474       1.5946491         13.020655            11.70266      0.54867531     -0.53938862        6.908298         6.908298       70.612646              70.612646
              1       42.425711      0.87957913      0.90322768      0.10433499       1.5946772         13.020452           11.703448      0.54789434     -0.53918095        6.908298         6.908298       71.034827              71.034827
              1       42.387813      0.87957913      0.89854679      0.10438403         1.59472         13.020391           11.699163      0.54709841      -0.5411554        6.908298         6.908298        70.95903               70.95903
              5       42.468589      0.87957913      0.89923187       0.1016416       1.5918219         13.017765           11.703452      0.54995806      -0.5347073        6.908298         6.908298       71.120582              71.120582
              3        42.66652      0.87957913      0.89507592      0.10015187       1.5848747         13.021299           11.706697      0.54966649     -0.53861098        6.908298         6.908298       71.516443              71.516443
