#        weight    minuslogpost          sigma8      ygk_Ahmcgg      ygk_Ahmcgm      ygk_Ahmcgy ygk_LOWZ__2_lM1_0 ygk_LOWZ__2_lMmin_0   ygk_mass_bias       ygk_rhogy   minuslogprior minuslogprior__0            chi2 chi2__ygk_like.ygkLike
              3       40.611464      0.86563295       1.0869817      0.10424596       1.6335834         13.049873           11.716671      0.59563089     -0.57102917        6.908298         6.908298       67.406331              67.406331
              2        40.76083      0.86563295        1.086593       0.1058795       1.6328531         13.056298           11.723066      0.59205559     -0.56808506        6.908298         6.908298       67.705064              67.705064
              3       40.320925      0.86563295       1.0864652      0.10037644       1.6330925         13.058512           11.724335      0.59875458     -0.56444204        6.908298         6.908298       66.825255              66.825255
              1       39.773687      0.86563295       1.0946248      0.10283197       1.6316864         13.056812           11.728152      0.60170469     -0.56607514        6.908298         6.908298       65.730778              65.730778
              1       39.757159      0.86563295       1.0944753      0.10261875       1.6315854          13.05698           11.727881      0.60195235     -0.56581642        6.908298         6.908298       65.697721              65.697721
              2       39.773416      0.86563295       1.0989142      0.10345086       1.6297427         13.051335           11.725263      0.60814424     -0.56829883        6.908298         6.908298       65.730236              65.730236
              1       39.756363      0.86563295       1.0987614      0.10387197       1.6295739         13.050964           11.724739      0.60770787     -0.56799658        6.908298         6.908298        65.69613               65.69613
              1       39.836653      0.86563295       1.0945339      0.10322726       1.6178007          13.05323           11.724443      0.60612304     -0.57582802        6.908298         6.908298        65.85671               65.85671
              3       39.937791      0.86563295       1.0957609      0.10489059       1.6178614         13.055234           11.723586      0.60637073     -0.57615631        6.908298         6.908298       66.058986              66.058986
              1       39.829979      0.86563295       1.0968435      0.10790794       1.6221855         13.055687            11.72553      0.60894139     -0.57881393        6.908298         6.908298       65.843362              65.843362
              1       40.096047      0.86341695       1.0968435      0.10790794       1.6221855         13.055687            11.72553      0.60894139     -0.57881393        6.908298         6.908298       66.375497              66.375497
              1       40.244811      0.86341695       1.0766026      0.11307236       1.6203935         13.053496           11.724788      0.60916965     -0.58480699        6.908298         6.908298       66.673025              66.673025
              5        40.72838      0.86341695        1.078057      0.11661611       1.6200254         13.047456           11.724898      0.60634858     -0.58446779        6.908298         6.908298       67.640163              67.640163
              1       42.512779      0.86341695       1.0914096      0.11728518       1.6244359         13.048503           11.727512      0.60843907     -0.59478033        6.908298         6.908298       71.208962              71.208962
              1       40.079428      0.86341695       1.0940149      0.11848355       1.6247599         13.044119           11.721593      0.61889237      -0.5910166        6.908298         6.908298       66.342261              66.342261
              3       39.884185      0.86341695        1.092758       0.1051122       1.6267295         13.048719           11.721858      0.62286918     -0.59132894        6.908298         6.908298       65.951775              65.951775
              1       39.916644      0.86341695        1.091586      0.10654152        1.624985         13.050586           11.724853       0.6257596     -0.59196538        6.908298         6.908298       66.016692              66.016692
              2       40.604571      0.86341695        1.092993      0.10468578       1.6228463         13.046662           11.728039      0.62543911     -0.59083454        6.908298         6.908298       67.392545              67.392545
              1       40.230187      0.86341695       1.0781616       0.1131574       1.6293593         13.055233           11.727313      0.62875782     -0.60656301        6.908298         6.908298       66.643778              66.643778
              2       40.427762      0.86341695       1.0788202      0.11600057       1.6286976         13.054688           11.730987       0.6270987     -0.60674336        6.908298         6.908298       67.038927              67.038927
              1       40.178517      0.86341695       1.0772453      0.11335203       1.6335687         13.060291           11.736364      0.62947529     -0.60136145        6.908298         6.908298       66.540439              66.540439
              3       40.459317      0.86341695       1.0879482       0.1164256       1.6387849         13.066154           11.733482      0.62893492     -0.60442402        6.908298         6.908298       67.102038              67.102038
              1       40.420565      0.86341695       1.0863846      0.11800404       1.6432449         13.064027           11.731394      0.62506525     -0.60213171        6.908298         6.908298       67.024534              67.024534
              1       40.265165      0.86341695       1.0877268      0.11893312       1.6410677            13.057           11.730691      0.62343715     -0.60289073        6.908298         6.908298       66.713734              66.713734
              2       40.047964      0.86341695       1.0868056      0.12111881       1.6394988         13.056971           11.728657       0.6255261     -0.59967325        6.908298         6.908298       66.279333              66.279333
              3       40.055165      0.86341695       1.0882201       0.1202339       1.6377544         13.057646           11.728952      0.62523033     -0.59913351        6.908298         6.908298       66.293734              66.293734
              2       40.050382      0.86341695       1.0949977      0.12624475        1.641188          13.05868           11.730047      0.62433926      -0.5983217        6.908298         6.908298       66.284167              66.284167
              2       40.067572      0.86341695       1.0956244      0.12524549       1.6430841         13.057498           11.729827       0.6245751     -0.59928729        6.908298         6.908298       66.318547              66.318547
              2       40.147762      0.86341695       1.0948799      0.12377299       1.6432341         13.057704           11.727316      0.62262756     -0.59810558        6.908298         6.908298       66.478928              66.478928
              2       40.085858      0.86341695       1.0999439      0.12296998       1.6429425         13.057176           11.726982       0.6245213     -0.59337673        6.908298         6.908298        66.35512               66.35512
              2       40.024874      0.86341695       1.0998622      0.10317826       1.6404168          13.06861           11.738887      0.62441036     -0.59464482        6.908298         6.908298       66.233152              66.233152
              2       40.332899      0.85968461       1.0998622      0.10317826       1.6404168          13.06861           11.738887      0.62441036     -0.59464482        6.908298         6.908298       66.849203              66.849203
              1       40.061819      0.85968461       1.1035716       0.1022947       1.6356851         13.074989           11.746103      0.62237775     -0.58573347        6.908298         6.908298       66.307041              66.307041
              3       40.144825      0.85968461       1.1034314      0.10010425       1.6345439         13.075037           11.745559      0.62156269     -0.58627804        6.908298         6.908298       66.473053              66.473053
              1       40.365686      0.85968461       1.1045047      0.10041661       1.6334804         13.077492           11.744505      0.62379577     -0.58765228        6.908298         6.908298       66.914775              66.914775
              2       40.309666      0.85968461       1.1110257      0.10521169       1.6152367         13.059579           11.738854       0.6329843     -0.58008405        6.908298         6.908298       66.802737              66.802737
              1       39.974095      0.85968461       1.1093854      0.10779573       1.6157399         13.061672           11.738622      0.62954697     -0.58077413        6.908298         6.908298       66.131593              66.131593
              1       39.860973      0.85968461       1.1050811      0.10121127       1.6145511         13.058418           11.733347      0.62556121     -0.58431122        6.908298         6.908298       65.905351              65.905351
              3       40.012842      0.85968461       1.1062244      0.10019958       1.6137802         13.058448           11.735107      0.62409132     -0.58455642        6.908298         6.908298       66.209088              66.209088
              5       40.007452      0.85968461       1.1067237      0.10047368       1.6133757         13.058398           11.734693      0.62405165     -0.58482915        6.908298         6.908298       66.198308              66.198308
              1       40.426233      0.85968461       1.1106215      0.10358605       1.6109579         13.046719            11.72206      0.63653032     -0.58679749        6.908298         6.908298       67.035869              67.035869
              1       41.119436      0.85968461       1.1211143      0.12396671       1.6136625         13.048027           11.724958      0.63529323     -0.57132593        6.908298         6.908298       68.422275              68.422275
              1       41.154649      0.85968461        1.117482      0.12369992       1.6142672         13.045757           11.723708      0.63369586     -0.56831825        6.908298         6.908298       68.492701              68.492701
              1       40.313719      0.85968461       1.1153363      0.12998173       1.6119283         13.041793           11.724877       0.6287644     -0.57500726        6.908298         6.908298       66.810842              66.810842
              3       40.714932      0.85968461       1.1188052      0.12934574       1.6126546          13.04556           11.715466      0.62185915     -0.57575635        6.908298         6.908298       67.613268              67.613268
              1       40.844894      0.85968461       1.1193677      0.12987738       1.6134067         13.045934           11.715381      0.62250709     -0.57574451        6.908298         6.908298       67.873192              67.873192
              1       40.778623      0.85968461       1.1241423      0.12749017       1.6127289         13.045266           11.714283      0.62143953     -0.58064055        6.908298         6.908298       67.740649              67.740649
              2       41.978161      0.85583672       1.1241423      0.12749017       1.6127289         13.045266           11.714283      0.62143953     -0.58064055        6.908298         6.908298       70.139726              70.139726
              1       40.266738      0.85583672       1.1244409      0.13869924       1.5991563         13.035782           11.713158      0.63314433     -0.58494172        6.908298         6.908298        66.71688               66.71688
              1       40.244628      0.85583672       1.1319962      0.14309785       1.5892513         13.047562           11.724664      0.62911203     -0.58165614        6.908298         6.908298       66.672661              66.672661
              1       40.100209      0.85583672       1.1368736      0.13652162       1.6038392         13.040966            11.72292      0.63512555      -0.5822084        6.908298         6.908298       66.383822              66.383822
              2       40.239985      0.85583672       1.1359873      0.13758955       1.6044264         13.041182            11.72407      0.63597187     -0.58423209        6.908298         6.908298       66.663374              66.663374
              2       40.373578      0.85583672       1.1355282       0.1378409       1.6046531          13.04073           11.724808      0.63585355     -0.58351098        6.908298         6.908298        66.93056               66.93056
              1       40.247499      0.85583672       1.1361218      0.13895975       1.6044865         13.041041           11.724522      0.63732895     -0.58274122        6.908298         6.908298       66.678401              66.678401
              1       41.519013      0.85583672       1.1203315      0.12900348       1.5984007         13.038177           11.718797      0.64933388     -0.58138552        6.908298         6.908298        69.22143               69.22143
              1       40.963277      0.85583672       1.1215319      0.13234559       1.5950717         13.028756           11.716046      0.64872567     -0.58393407        6.908298         6.908298       68.109958              68.109958
              2        41.84893      0.85583672         1.12395      0.14084864        1.589607         13.043736            11.72673      0.65058316     -0.57544785        6.908298         6.908298       69.881263              69.881263
              1       40.649536      0.84808274         1.12395      0.14084864        1.589607         13.043736            11.72673      0.65058316     -0.57544785        6.908298         6.908298       67.482476              67.482476
              1       40.225221      0.84808274       1.1143737      0.13988721       1.5801427         13.039346             11.7285      0.65184089     -0.57260373        6.908298         6.908298       66.633847              66.633847
              5       40.768574      0.84808274       1.1144735      0.14162583       1.5799487         13.039264           11.726057      0.65340315     -0.57162229        6.908298         6.908298       67.720552              67.720552
              3       40.604469      0.84808274       1.1134774      0.14192682       1.5800874         13.039996           11.727137      0.65372268     -0.57352535        6.908298         6.908298       67.392341              67.392341
              1          41.442      0.84808274       1.1110961      0.14146661       1.5890541         13.037392           11.719388      0.64944262     -0.57781385        6.908298         6.908298       69.067403              69.067403
              1       41.397555      0.84808274       1.1095051      0.13868218       1.5884532         13.037175           11.719449      0.64914029     -0.57756492        6.908298         6.908298       68.978514              68.978514
              2        41.20332      0.85187803       1.1095051      0.13868218       1.5884532         13.037175           11.719449      0.64914029     -0.57756492        6.908298         6.908298       68.590044              68.590044
              1       40.659757      0.85187803        1.111051      0.14006214       1.5903355         13.036036            11.72246      0.64991542     -0.57682316        6.908298         6.908298       67.502917              67.502917
              3       40.320425      0.85187803       1.1106986      0.13680796       1.5875918         13.036463           11.726973      0.64792578     -0.57865585        6.908298         6.908298       66.824253              66.824253
              2       40.006542      0.84960401       1.1106986      0.13680796       1.5875918         13.036463           11.726973      0.64792578     -0.57865585        6.908298         6.908298       66.196489              66.196489
              2       40.695714      0.84960401       1.1029254      0.13817519       1.5930142         13.032052           11.727473      0.64948141      -0.5891915        6.908298         6.908298       67.574832              67.574832
              1       40.098882      0.84960401       1.0964793      0.14183866       1.6154981         13.045071           11.730731      0.64779611     -0.58575101        6.908298         6.908298       66.381167              66.381167
              1       40.245604      0.84960401        1.095411      0.13930808       1.6151314         13.046375           11.730507      0.64740182     -0.58757766        6.908298         6.908298       66.674613              66.674613
              6       40.157454      0.84960401       1.0959807      0.13846363       1.6155624         13.045246           11.730033      0.64192274     -0.58639229        6.908298         6.908298       66.498311              66.498311
              2       39.949252      0.85145203       1.0959807      0.13846363       1.6155624         13.045246           11.730033      0.64192274     -0.58639229        6.908298         6.908298       66.081909              66.081909
              1       40.123311      0.85145203       1.0970237      0.14227169       1.6114027         13.048187           11.731553      0.64702766     -0.58958916        6.908298         6.908298       66.430027              66.430027
              3       40.133986      0.85145203       1.0918319      0.13994647       1.6148419         13.050821           11.736653      0.65031515     -0.58843104        6.908298         6.908298       66.451377              66.451377
              1       40.557729      0.85145203       1.0951544      0.14178093       1.6201357         13.048955           11.735402      0.65449581     -0.58768555        6.908298         6.908298       67.298861              67.298861
              1       40.866898      0.85145203       1.0961492      0.13585858       1.6191723         13.044207           11.736626      0.65677354     -0.59331165        6.908298         6.908298         67.9172                67.9172
              2       41.884432      0.85428159       1.0961492      0.13585858       1.6191723         13.044207           11.736626      0.65677354     -0.59331165        6.908298         6.908298       69.952268              69.952268
              1       40.085859      0.85428159       1.1096736      0.14617637       1.6307102          13.04621           11.730446      0.64415029     -0.58825241        6.908298         6.908298       66.355122              66.355122
              3       39.940625      0.85428159        1.116602      0.13614486       1.6263484         13.048916           11.730209      0.64027988     -0.58738626        6.908298         6.908298       66.064653              66.064653
              1       39.940851      0.85428159       1.1162284      0.13626626       1.6260314         13.048699           11.730302      0.63935448     -0.58802233        6.908298         6.908298       66.065106              66.065106
              1       39.954036      0.85428159       1.1166592      0.13641057       1.6257924         13.048146           11.730176      0.63958204     -0.58828994        6.908298         6.908298       66.091476              66.091476
              1       40.196242      0.85428159       1.1160074      0.14038082       1.6220416         13.050763           11.729264      0.64374087     -0.59147526        6.908298         6.908298       66.575887              66.575887
              2        40.13265      0.85428159       1.1111551      0.14181726       1.6233774         13.048679           11.728012      0.64217048     -0.59366927        6.908298         6.908298       66.448703              66.448703
              1       41.001408      0.85428159       1.1132465      0.14724803       1.6226437         13.050219           11.723698      0.63711262     -0.59056724        6.908298         6.908298       68.186221              68.186221
              1        41.12095      0.85428159       1.1110049      0.14109028       1.6089522         13.041549           11.716698      0.63762361     -0.58611241        6.908298         6.908298       68.425304              68.425304
              2       41.522848      0.85428159       1.1109311      0.14216057       1.6108287         13.040153           11.715362      0.64045329     -0.58404297        6.908298         6.908298         69.2291                69.2291
              2       41.130995      0.85428159       1.1169481      0.14868255       1.6091624         13.029592           11.722007       0.6394195     -0.58711265        6.908298         6.908298       68.445394              68.445394
              2       41.462484       0.8458556       1.1169481      0.14868255       1.6091624         13.029592           11.722007       0.6394195     -0.58711265        6.908298         6.908298       69.108372              69.108372
              1       40.243898       0.8458556       1.1049824      0.13723876        1.633199         13.033211           11.727635      0.65551637     -0.59401028        6.908298         6.908298         66.6712                66.6712
              3        40.53143       0.8458556       1.1015661      0.13479455       1.6319466         13.028511           11.724315      0.65393016     -0.59726993        6.908298         6.908298       67.246264              67.246264
              2       40.255534       0.8458556       1.1081864      0.13733208       1.6383939         13.022251           11.718174      0.65587541     -0.59425291        6.908298         6.908298       66.694471              66.694471
              1        40.20956       0.8458556       1.1094996      0.13262109       1.6380083         13.025304           11.717398      0.65453636     -0.58783036        6.908298         6.908298       66.602524              66.602524
              2       40.406183       0.8458556       1.1075591      0.12638737        1.633304         13.030517           11.722052      0.66125992     -0.59280256        6.908298         6.908298        66.99577               66.99577
              2       40.275211       0.8458556       1.1082903      0.12763677       1.6312397         13.030887            11.72318      0.66043597     -0.59237135        6.908298         6.908298       66.733826              66.733826
              2       40.267554       0.8458556       1.1122479      0.12464517       1.6299392          13.02972           11.721206      0.65769813     -0.59570744        6.908298         6.908298       66.718512              66.718512
              4       40.693165       0.8458556       1.1126969      0.12350725       1.6291385         13.019757           11.713785      0.66804551     -0.60239245        6.908298         6.908298       67.569734              67.569734
              1       40.597853       0.8458556       1.1115615      0.12443735       1.6304025         13.017931           11.714128      0.66696482     -0.60210951        6.908298         6.908298        67.37911               67.37911
              1       40.707025       0.8458556        1.111134      0.12379399       1.6310743          13.01809            11.71602      0.66763848     -0.60340346        6.908298         6.908298       67.597454              67.597454
              1       40.878933       0.8458556       1.1118508      0.12130764       1.6309683         13.016752           11.716619      0.66748456     -0.60182796        6.908298         6.908298        67.94127               67.94127
              3       40.928181       0.8458556       1.1119292       0.1215609       1.6354904         13.018398           11.715734      0.67055509     -0.59912572        6.908298         6.908298       68.039767              68.039767
              1        42.41364       0.8458556       1.1081045      0.11990821       1.6385285         13.013562           11.719459      0.67428967     -0.60028001        6.908298         6.908298       71.010683              71.010683
              1       42.255375       0.8458556       1.1077719      0.11966551       1.6385587         13.014305           11.719504      0.67453518     -0.60092928        6.908298         6.908298       70.694153              70.694153
              4       42.565078       0.8458556       1.0956679      0.10926757       1.6400952         13.011471            11.70358      0.66974267     -0.59692029        6.908298         6.908298        71.31356               71.31356
              1       42.349022       0.8458556       1.1017794      0.10864899       1.6392974          13.01421            11.70549      0.67067864     -0.59874598        6.908298         6.908298       70.881447              70.881447
              2       41.525396       0.8458556       1.1087694       0.1077859       1.6436565          13.00536           11.710109      0.66610154     -0.58774962        6.908298         6.908298       69.234196              69.234196
              5       41.474945       0.8458556         1.10902      0.10833301       1.6431664         13.004829           11.709863      0.66548062     -0.58825431        6.908298         6.908298       69.133294              69.133294
              1       41.481534       0.8458556        1.108967      0.10823381       1.6432187         13.004792           11.709974      0.66531181     -0.58830052        6.908298         6.908298       69.146472              69.146472
              1       40.795593      0.84328512        1.108967      0.10823381       1.6432187         13.004792           11.709974      0.66531181     -0.58830052        6.908298         6.908298       67.774591              67.774591
              2       41.039079      0.84328512       1.0964141      0.12490576       1.6477594         12.997312           11.694826      0.64955649     -0.57740595        6.908298         6.908298       68.261563              68.261563
              2       40.822367      0.84328512       1.0964537      0.12211337       1.6518407         12.992097           11.692933      0.65225942      -0.5770927        6.908298         6.908298       67.828138              67.828138
              1       41.628967      0.84328512       1.0852892      0.12997333       1.6638241         12.998673           11.696052      0.65868197     -0.58883908        6.908298         6.908298       69.441338              69.441338
              2       41.871904      0.84328512       1.0747869      0.12631688       1.6553676         12.995822           11.695404      0.66199499     -0.58988732        6.908298         6.908298       69.927212              69.927212
              1        40.89963      0.84328512       1.0880918      0.12089939       1.6589768         13.000984           11.708447       0.6633557     -0.58871684        6.908298         6.908298       67.982664              67.982664
              1       40.723317      0.84328512       1.0878191      0.12020512        1.660565         13.001488           11.708002      0.66195788     -0.58935716        6.908298         6.908298       67.630037              67.630037
              3       40.738638      0.84328512       1.0879099      0.12004467       1.6607031         13.001291           11.707864      0.66216843     -0.58939827        6.908298         6.908298       67.660681              67.660681
              1       40.471227      0.84328512        1.098064      0.12262446       1.6571845         12.996931           11.701928      0.65443307     -0.58766159        6.908298         6.908298       67.125858              67.125858
              3       41.383701      0.84328512       1.0994797      0.11378174       1.6471037         13.003469           11.697804      0.65522337     -0.59738719        6.908298         6.908298       68.950807              68.950807
              1       41.500084      0.84328512       1.1009874      0.11461954       1.6454065         13.002332           11.696247      0.65542935     -0.59630919        6.908298         6.908298       69.183572              69.183572
              1       43.734277      0.84328512       1.0970812      0.11506564       1.6448569         13.002042           11.691617      0.66498889     -0.60087427        6.908298         6.908298       73.651957              73.651957
              3       42.775374      0.84328512       1.0974759      0.11342172        1.645802         13.000086           11.692918       0.6666673     -0.59916647        6.908298         6.908298       71.734151              71.734151
              2        42.15744      0.84328512       1.1102485      0.11007196       1.6474711         13.002297           11.694647      0.66909412     -0.60743621        6.908298         6.908298       70.498284              70.498284
              1       42.702224      0.84328512       1.1093487      0.10821325       1.6499864         13.001464           11.693757       0.6745232     -0.61029267        6.908298         6.908298       71.587853              71.587853
              3        42.58679      0.84328512       1.1118112      0.10866218       1.6499533         12.999768            11.69224      0.67405408      -0.6113139        6.908298         6.908298       71.356985              71.356985
              2       42.341453      0.84328512        1.111218       0.1095559       1.6507536         12.998415            11.69222      0.67426688      -0.6101989        6.908298         6.908298        70.86631               70.86631
              1       42.280386      0.84328512       1.1113378      0.10945106       1.6506078         12.998317           11.692382      0.67438962     -0.61008554        6.908298         6.908298       70.744176              70.744176
              5       42.646325      0.84328512       1.1100537      0.10761757       1.6510661         13.000921           11.692923      0.67242577     -0.60918521        6.908298         6.908298       71.476054              71.476054
              4       43.250205      0.84328512       1.1364546      0.11771709       1.6605549         13.009945           11.694824      0.65932187     -0.61161333        6.908298         6.908298       72.683814              72.683814
              1       43.334348      0.84328512       1.1246842      0.11042004       1.6673391         12.998055           11.685572      0.65659018      -0.5981053        6.908298         6.908298       72.852101              72.852101
              1       44.439882      0.84328512       1.1240182      0.11302333       1.6654817         12.998628           11.683969      0.65700636      -0.5968561        6.908298         6.908298       75.063167              75.063167
              1       44.846028      0.84237253       1.1240182      0.11302333       1.6654817         12.998628           11.683969      0.65700636      -0.5968561        6.908298         6.908298       75.875459              75.875459
              1       47.122698      0.84237253       1.1265666      0.11111726       1.6666607         13.000709           11.683068      0.66290903     -0.59384927        6.908298         6.908298         80.4288                80.4288
              1        42.83183      0.84237253       1.1255507       0.1139898       1.6672847         12.999359           11.690549      0.66352104     -0.58943622        6.908298         6.908298       71.847064              71.847064
              2       41.698624      0.84237253       1.1152782      0.10931789       1.6547594         12.988322           11.694319      0.67818033     -0.59878853        6.908298         6.908298       69.580652              69.580652
              5       41.180447      0.84237253       1.1226132      0.11564797       1.6431486         12.984783           11.686629      0.67291578     -0.60502814        6.908298         6.908298       68.544298              68.544298
              1       41.094608      0.84237253       1.1230944      0.11555301        1.643543         12.983333           11.687025      0.67305491     -0.60507636        6.908298         6.908298        68.37262               68.37262
              1       41.277981      0.84463306       1.1230944      0.11555301        1.643543         12.983333           11.687025      0.67305491     -0.60507636        6.908298         6.908298       68.739366              68.739366
              1       42.456853      0.84463306       1.1253327      0.11331824       1.6345679         12.983672           11.693152      0.67730252     -0.59933756        6.908298         6.908298        71.09711               71.09711
              4       42.250787      0.84463306       1.1188304      0.11534917       1.6386188         12.975319           11.680911       0.6783849     -0.60227746        6.908298         6.908298       70.684978              70.684978
              3       42.020362      0.84463306       1.1222536      0.11437372       1.6319396          12.97349           11.681524      0.67685253     -0.61764729        6.908298         6.908298       70.224128              70.224128
              1       42.014652      0.84463306       1.1223132      0.11429228       1.6319325         12.973479           11.681481      0.67686774     -0.61762767        6.908298         6.908298       70.212707              70.212707
              3       41.584072      0.84463306       1.1218693      0.11333744       1.6307286         12.975347            11.68026      0.67620894     -0.61511337        6.908298         6.908298       69.351547              69.351547
              1       41.796573      0.84463306       1.1280642       0.1229057       1.6295463         12.975643           11.683636       0.6729395     -0.61038962        6.908298         6.908298        69.77655               69.77655
              1         42.3783      0.84463306       1.1259213      0.12259242       1.6301747         12.974722           11.685246      0.67005909     -0.60987415        6.908298         6.908298       70.940004              70.940004
              3        42.35028      0.84463306       1.1269086      0.12200473       1.6303954         12.974567           11.684744      0.66915019     -0.61018415        6.908298         6.908298       70.883965              70.883965
              2       42.132872      0.84463306       1.1287742      0.12732355       1.6250886         12.974365           11.684274      0.67536325     -0.60529837        6.908298         6.908298       70.449147              70.449147
              1       42.295349      0.84463306       1.1248902      0.12837175       1.6243869         12.969367           11.679651      0.67863873      -0.6105347        6.908298         6.908298       70.774101              70.774101
              1       41.617639      0.84463306       1.1332714      0.13450464       1.6245681         12.972281           11.676035      0.67584171     -0.61688559        6.908298         6.908298       69.418682              69.418682
              2       41.619265      0.84463306        1.133518       0.1346002       1.6253337         12.971995           11.675853      0.67607237     -0.61657483        6.908298         6.908298       69.421934              69.421934
              1       42.087755      0.84463306       1.1348275      0.13257089       1.6270454         12.974949           11.680241      0.68261523     -0.62078287        6.908298         6.908298       70.358913              70.358913
              3       41.945173      0.83990992       1.1348275      0.13257089       1.6270454         12.974949           11.680241      0.68261523     -0.62078287        6.908298         6.908298       70.073749              70.073749
              3       42.064375      0.83990992       1.1378886      0.13442319       1.6249661         12.973814           11.677229       0.6835279      -0.6208305        6.908298         6.908298       70.312154              70.312154
              1       42.410278      0.83990992       1.1352904      0.13487245       1.6216862         12.975313           11.675578      0.68037326       -0.618919        6.908298         6.908298       71.003959              71.003959
              1       41.857565      0.83990992       1.1339082        0.143433       1.6159467         12.978512           11.683819       0.6857156     -0.61923171        6.908298         6.908298       69.898534              69.898534
              1       42.151213       0.8439866       1.1339082        0.143433       1.6159467         12.978512           11.683819       0.6857156     -0.61923171        6.908298         6.908298       70.485829              70.485829
              1       42.123779       0.8439866       1.1303846      0.14323904       1.6141197          12.97522           11.682257      0.68195059     -0.61944274        6.908298         6.908298       70.430961              70.430961
              1       42.369356       0.8439866        1.128347      0.13867264       1.6142573         12.976392            11.68273      0.68318087     -0.62615643        6.908298         6.908298       70.922115              70.922115
              2       41.957439       0.8439866       1.1259942      0.13751035       1.6161379         12.979688           11.683248      0.68133214     -0.62434015        6.908298         6.908298       70.098283              70.098283
              2       43.092967       0.8439866       1.1352286      0.13937782       1.6115566         12.986692           11.680156      0.67026573     -0.62952943        6.908298         6.908298       72.369338              72.369338
              3       42.433553       0.8439866       1.1408281      0.12638508       1.6087522          12.98402           11.678798      0.66959659     -0.62313388        6.908298         6.908298        71.05051               71.05051
              1       42.830096       0.8439866       1.1430504      0.12367531       1.6095106         12.985707           11.678205      0.66922805     -0.62445797        6.908298         6.908298       71.843597              71.843597
              1       41.757879      0.85271785       1.1430504      0.12367531       1.6095106         12.985707           11.678205      0.66922805     -0.62445797        6.908298         6.908298       69.699163              69.699163
              4       41.616658      0.85271785       1.1368006      0.12129631       1.6089662         12.988406            11.67956      0.66470761      -0.6263019        6.908298         6.908298       69.416721              69.416721
              1       44.797769      0.85271785       1.1441202      0.13577195       1.6025095         12.988195           11.674698      0.65259206     -0.64205875        6.908298         6.908298       75.778941              75.778941
              1       44.604095      0.85271785       1.1298865      0.13747873       1.5964826         12.986306           11.683885       0.6665017     -0.64347457        6.908298         6.908298       75.391594              75.391594
              1       41.996372      0.85271785       1.1235242       0.1357747       1.5992677         12.986877           11.677474      0.66684843     -0.63237682        6.908298         6.908298       70.176147              70.176147
              3       41.975457      0.85271785       1.1230737      0.13458179       1.6005246         12.987675           11.678663      0.66639155     -0.63247337        6.908298         6.908298       70.134319              70.134319
              2        42.27052      0.85271785       1.1195176      0.13463072       1.6005149         12.985782           11.677196      0.66318157     -0.63515202        6.908298         6.908298       70.724443              70.724443
              2       42.329655      0.85271785       1.1199606      0.13164947       1.5980466         12.984556           11.677627      0.66255645     -0.63440526        6.908298         6.908298       70.842714              70.842714
              1        42.89507      0.85271785        1.121534      0.13557262       1.5996394         12.984178           11.678769       0.6626831     -0.63747787        6.908298         6.908298       71.973544              71.973544
              2       43.011542      0.85271785       1.1334397      0.12949385       1.6059435         12.971115           11.667986      0.68027407      -0.6375537        6.908298         6.908298       72.206488              72.206488
              1       45.493883      0.85271785        1.135851      0.14067889        1.605921         12.975952            11.67088      0.68795138      -0.6212514        6.908298         6.908298       77.171171              77.171171
              1       44.724351      0.85271785       1.1379857       0.1392194       1.6099879         12.973937           11.673439      0.68462776     -0.61885153        6.908298         6.908298       75.632105              75.632105
              1        45.50248      0.85271785       1.1230928      0.14430585       1.6179337         12.966168           11.668149      0.68461392     -0.61687692        6.908298         6.908298       77.188364              77.188364
              1       46.484832      0.85271785       1.1222361      0.14234427       1.6231409         12.971944           11.667606      0.68660194     -0.61795083        6.908298         6.908298       79.153067              79.153067
              1       46.968799      0.85271785       1.1071862      0.14649202       1.6359916         12.979613           11.663209      0.67439661     -0.62194448        6.908298         6.908298       80.121003              80.121003
              2       48.665736      0.85271785       1.1094851      0.15663316       1.6379109         12.984278           11.666073      0.67912605      -0.6225502        6.908298         6.908298       83.514876              83.514876
              3       49.286426      0.85271785        1.110016      0.15673401       1.6389045         12.983051           11.663993      0.68038375     -0.62515841        6.908298         6.908298       84.756256              84.756256
              1       49.420192      0.85271785        1.110782      0.15640955       1.6387584         12.983896           11.663956      0.67988893     -0.62567746        6.908298         6.908298       85.023788              85.023788
              1       49.547085      0.85271785       1.1111033      0.15599125       1.6396285         12.983991            11.66407      0.68016207     -0.62530076        6.908298         6.908298       85.277573              85.277573
              1       47.956702      0.85271785       1.1082858      0.15630734       1.6320471         12.985527           11.665028      0.67389457     -0.62491841        6.908298         6.908298       82.096809              82.096809
              4       43.123074      0.85271785       1.1173563      0.15585093        1.626802         12.976735           11.666859      0.67396195     -0.62984716        6.908298         6.908298       72.429552              72.429552
              1       43.471514      0.85271785       1.1119616      0.14209419       1.6230814         12.974205            11.67286      0.68062082     -0.62770935        6.908298         6.908298       73.126433              73.126433
              5        44.65923      0.85271785        1.109507      0.14000522       1.6303372         12.964843           11.674982      0.67119511      -0.6223935        6.908298         6.908298       75.501865              75.501865
              1         43.7857      0.85271785       1.1058677       0.1466089       1.6360549         12.963297           11.666691      0.67610553     -0.61809296        6.908298         6.908298       73.754803              73.754803
              2       42.867609      0.85271785       1.1054859      0.14769653       1.6434031         12.973484           11.669242       0.6680664     -0.61209561        6.908298         6.908298       71.918621              71.918621
              2       43.036669      0.85271785        1.100757       0.1543639       1.6398855         12.978175           11.672606      0.67016484     -0.61588308        6.908298         6.908298       72.256742              72.256742
              1       42.971194      0.85271785       1.1022454       0.1462547       1.6390857         12.980668            11.67627      0.67073705     -0.61389453        6.908298         6.908298       72.125791              72.125791
              2       43.249927      0.85271785       1.1044031      0.14419167        1.644702         12.979783           11.672861      0.66966533     -0.61396478        6.908298         6.908298       72.683258              72.683258
              1       42.937719       0.8491781       1.1044031      0.14419167        1.644702         12.979783           11.672861      0.66966533     -0.61396478        6.908298         6.908298       72.058842              72.058842
              1       42.907876       0.8491781       1.1079871      0.14032812       1.6428361          12.96849           11.674385      0.67972208     -0.62469837        6.908298         6.908298       71.999155              71.999155
              1       43.009676       0.8491781       1.1086881      0.14075032       1.6432585         12.968444           11.675514      0.67900869     -0.62515012        6.908298         6.908298       72.202755              72.202755
              2        42.98764       0.8491781       1.1086742      0.14068731       1.6431677         12.968419            11.67545      0.67885908     -0.62523864        6.908298         6.908298       72.158684              72.158684
              3       42.888556       0.8491781       1.1075756      0.14104765       1.6418034          12.96826           11.674927      0.67858293     -0.62620348        6.908298         6.908298       71.960516              71.960516
              3       43.277401       0.8491781       1.1039505      0.13503225       1.6411176         12.970847           11.680349      0.66943304     -0.62409472        6.908298         6.908298       72.738205              72.738205
              1       45.518853       0.8491781       1.1014443      0.13591932       1.6395916         12.972426           11.687004      0.67436269     -0.62402612        6.908298         6.908298        77.22111               77.22111
              2       43.823708       0.8491781       1.0986396      0.13672773       1.6389605         12.973352           11.684832      0.67515932     -0.61884162        6.908298         6.908298        73.83082               73.83082
              1       44.697286       0.8491781       1.0966399      0.13880236       1.6419192         12.972078           11.685922      0.67306563     -0.62105487        6.908298         6.908298       75.577976              75.577976
              1       42.621241       0.8491781       1.0847523      0.13604418       1.6376929         12.978633           11.686676      0.67224688     -0.62117598        6.908298         6.908298       71.425885              71.425885
              2       42.150384       0.8491781       1.0845107      0.12995107       1.6481157         12.982731           11.679457      0.66762249       -0.614278        6.908298         6.908298       70.484171              70.484171
              1       41.200662       0.8491781       1.0863069       0.1357409       1.6403756         12.981954           11.678126      0.65358334     -0.60774859        6.908298         6.908298       68.584729              68.584729
              2       41.792212       0.8491781       1.0851159      0.12570461       1.6362161         12.973016           11.670772      0.64902727     -0.61581059        6.908298         6.908298       69.767828              69.767828
              1       41.464959       0.8505725       1.0851159      0.12570461       1.6362161         12.973016           11.670772      0.64902727     -0.61581059        6.908298         6.908298       69.113321              69.113321
              2         42.1409       0.8505725       1.0849826      0.12359011       1.6306091         12.978303           11.670285       0.6533953     -0.60863342        6.908298         6.908298       70.465205              70.465205
              2       41.691233       0.8505725       1.0869541      0.12635787       1.6321136         12.981828            11.67419      0.65250363     -0.60839499        6.908298         6.908298       69.565871              69.565871
              2       41.177371       0.8505725       1.0880992      0.12201237       1.6303584         12.982137           11.676602      0.65004786     -0.60959435        6.908298         6.908298       68.538146              68.538146
              7       41.223394       0.8505725       1.0788822      0.11803468       1.6359306          12.98513           11.679855      0.65264957     -0.61015167        6.908298         6.908298       68.630191              68.630191
              1       41.079536       0.8505725       1.0789654      0.12009096       1.6243277         12.990603            11.68474      0.65250143     -0.60845739        6.908298         6.908298       68.342476              68.342476
              1       40.831736       0.8505725         1.07788      0.12157191       1.6227973         12.986573            11.68425      0.65232368     -0.60626602        6.908298         6.908298       67.846876              67.846876
              2       40.857138       0.8505725        1.077811       0.1216154       1.6225852         12.987047           11.684147      0.65227694     -0.60631851        6.908298         6.908298        67.89768               67.89768
              3       40.874534       0.8505725       1.0750154      0.12242709       1.6232142         12.987529           11.688035      0.65124397     -0.60687742        6.908298         6.908298       67.932472              67.932472
              1       40.873922      0.85066761       1.0750154      0.12242709       1.6232142         12.987529           11.688035      0.65124397     -0.60687742        6.908298         6.908298       67.931249              67.931249
              4       41.217075      0.85066761       1.0729468       0.1220749       1.6189925          12.98438           11.685822      0.64240876     -0.60357238        6.908298         6.908298       68.617554              68.617554
              2       40.841004      0.85066761       1.0784662      0.12312602       1.6237008         12.972881            11.67231       0.6455737     -0.59980351        6.908298         6.908298       67.865412              67.865412
              1       40.863067      0.85066761       1.0768384      0.12320078       1.6239387         12.972678           11.672113      0.64590969     -0.59934415        6.908298         6.908298       67.909538              67.909538
              1       41.062123       0.8558328       1.0768384      0.12320078       1.6239387         12.972678           11.672113      0.64590969     -0.59934415        6.908298         6.908298       68.307649              68.307649
              1       41.674899       0.8558328       1.0755157      0.13111182       1.6223132         12.973418           11.669634      0.65515164     -0.61197217        6.908298         6.908298       69.533202              69.533202
              1        41.38617       0.8558328       1.0743201      0.13018932       1.6191806         12.972178            11.66791      0.65244085     -0.61373989        6.908298         6.908298       68.955743              68.955743
              1       42.389892       0.8558328        1.079523      0.14444219       1.6147498          12.95512           11.662654      0.64837046     -0.60690122        6.908298         6.908298       70.963188              70.963188
              2       41.494656       0.8558328       1.0704417      0.14807624       1.6074246          12.96167           11.658185       0.6455679     -0.60107967        6.908298         6.908298       69.172716              69.172716
              2       41.025299       0.8558328       1.0666612      0.14328409       1.6097827          12.95785           11.658498      0.64110796     -0.59862862        6.908298         6.908298       68.234002              68.234002
              2       41.135712       0.8558328       1.0706493      0.14269221       1.6069345         12.959811           11.663758       0.6371629     -0.59568839        6.908298         6.908298       68.454829              68.454829
              2       41.115632       0.8558328       1.0731226      0.14251898       1.6063304         12.961454           11.658806      0.62991937     -0.60161914        6.908298         6.908298       68.414667              68.414667
              1       40.969359       0.8558328       1.0656651      0.13409904       1.5994041         12.953874           11.655643      0.62853891     -0.59340296        6.908298         6.908298       68.122123              68.122123
              2       41.143085       0.8558328       1.0659876      0.13443612       1.5986114         12.954919           11.656948      0.62581429     -0.59242487        6.908298         6.908298       68.469573              68.469573
              1       41.922471       0.8558328       1.0682914      0.13484975        1.613761          12.96031           11.657966      0.63207599     -0.57072074        6.908298         6.908298       70.028347              70.028347
              1       41.725314       0.8558328       1.0675362      0.13705525       1.6133045          12.95756           11.662039      0.63345183     -0.57026876        6.908298         6.908298       69.634031              69.634031
              2         42.1563       0.8558328        1.075283      0.13563702       1.6094222         12.956388           11.662146      0.63550213     -0.56865949        6.908298         6.908298       70.496003              70.496003
              3       42.540486       0.8558328       1.0777995      0.13328564        1.610279         12.955927           11.665645      0.63477265     -0.57197982        6.908298         6.908298       71.264376              71.264376
              1       42.823624       0.8558328       1.0743068      0.13489631       1.6075906         12.950907           11.662932      0.63044747     -0.57767363        6.908298         6.908298       71.830652              71.830652
              2         41.3161       0.8558328       1.0748543      0.13144107       1.6141812         12.951932           11.658975      0.62360592     -0.57592043        6.908298         6.908298       68.815605              68.815605
              3       40.847059       0.8558328        1.073929      0.12072606       1.6096319         12.950167           11.654713      0.62694899     -0.57518857        6.908298         6.908298       67.877521              67.877521
              1       40.813313       0.8558328       1.0731715      0.12049908       1.6094997         12.950381           11.654853       0.6265417     -0.57718201        6.908298         6.908298        67.81003               67.81003
              1       41.123704       0.8558328       1.0708462      0.12170212       1.6100552         12.953266           11.651308      0.62886642     -0.57688618        6.908298         6.908298       68.430812              68.430812
              1       41.376804       0.8558328       1.0771177      0.12238021       1.6190135         12.947269           11.643848      0.62926219     -0.58118872        6.908298         6.908298       68.937013              68.937013
              1       42.141111       0.8558328        1.080413      0.12253395       1.6205729         12.952818           11.643785      0.62511652     -0.58112313        6.908298         6.908298       70.465626              70.465626
              3       42.316925       0.8558328       1.0813153      0.12574236       1.6176531         12.951968            11.64219      0.62373413     -0.58155839        6.908298         6.908298       70.817253              70.817253
              4       41.524691       0.8558328       1.0790368      0.12160144       1.6190403         12.947973            11.64193       0.6227546     -0.57915916        6.908298         6.908298       69.232787              69.232787
              1       40.720661       0.8558328       1.0764231      0.12310415       1.6203439         12.946809           11.646333      0.62479943     -0.58042575        6.908298         6.908298       67.624727              67.624727
              1       42.015267       0.8558328       1.0708156      0.12668853       1.6207208         12.941623           11.636492      0.62826076     -0.58807657        6.908298         6.908298       70.213939              70.213939
              2       41.986606       0.8558328       1.0705359      0.12622558       1.6193662          12.94161           11.636671      0.62863309     -0.58820807        6.908298         6.908298       70.156617              70.156617
              1       41.008908       0.8558328       1.0710699      0.12276634       1.6224769         12.944622           11.644626      0.62984406     -0.58436696        6.908298         6.908298        68.20122               68.20122
              1       41.829666       0.8558328        1.073083      0.11566396       1.6247468         12.943423           11.647462      0.62154254     -0.59519736        6.908298         6.908298       69.842736              69.842736
              4       42.129681      0.85411215        1.073083      0.11566396       1.6247468         12.943423           11.647462      0.62154254     -0.59519736        6.908298         6.908298       70.442767              70.442767
              2       41.776475      0.85411215       1.0888179      0.11238027       1.6232761         12.944257             11.6429      0.61853629     -0.58940989        6.908298         6.908298       69.736354              69.736354
              1       42.190997      0.85411215       1.0869487      0.11771827        1.617885         12.940854           11.637607      0.61610234     -0.58745751        6.908298         6.908298       70.565398              70.565398
              3       41.873973      0.85411215       1.0871986      0.11702564       1.6205944           12.9385           11.636226      0.61666109     -0.58499494        6.908298         6.908298       69.931349              69.931349
              1       41.828714      0.85411215       1.0754052      0.11264181       1.6183261         12.932867           11.639671         0.62009      -0.5867665        6.908298         6.908298       69.840831              69.840831
              3       42.830878      0.85411215        1.075153      0.11465981       1.6177017         12.932909           11.644662      0.61873005     -0.58233947        6.908298         6.908298        71.84516               71.84516
              2       43.489102      0.85411215        1.076618      0.11987903       1.6187727         12.932896           11.648338      0.62117124      -0.5773517        6.908298         6.908298       73.161608              73.161608
              2       41.166654      0.85411215       1.0702113      0.12250912        1.620611         12.937299           11.645693       0.6244972     -0.57828457        6.908298         6.908298       68.516712              68.516712
              3       41.077367      0.85411215       1.0736422      0.11990452       1.6198529         12.940538            11.64284      0.62770693     -0.57586449        6.908298         6.908298       68.338138              68.338138
              1       41.065811      0.85595995       1.0736422      0.11990452       1.6198529         12.940538            11.64284      0.62770693     -0.57586449        6.908298         6.908298       68.315026              68.315026
              3       41.796005      0.85595995       1.0710822      0.11775636       1.6206177         12.940009           11.648472      0.61869116     -0.58041849        6.908298         6.908298       69.775414              69.775414
              2       41.560539      0.85595995       1.0702911      0.11747054       1.6192545         12.939882           11.647401      0.61731914     -0.57866193        6.908298         6.908298       69.304481              69.304481
              2       41.611319      0.85595995        1.070391      0.11833243       1.6197071         12.940099           11.647897      0.61708257     -0.57799202        6.908298         6.908298       69.406043              69.406043
              1        41.37711      0.85595995       1.0687908      0.10953285       1.6302547         12.949457           11.644337      0.61592076     -0.57435948        6.908298         6.908298       68.937625              68.937625
              1       40.890673      0.85595995       1.0660808       0.1105269       1.6300877         12.950781           11.648739      0.61452517     -0.57603545        6.908298         6.908298       67.964749              67.964749
              3       41.100868      0.85595995       1.0666718      0.10863657       1.6290212         12.948665           11.649258      0.61008889     -0.57461882        6.908298         6.908298        68.38514               68.38514
              2       40.909174      0.85595995       1.0641424      0.10951398       1.6321681         12.950401           11.649187      0.60965182     -0.56877423        6.908298         6.908298       68.001752              68.001752
              1         40.8881      0.85595995       1.0644425      0.10985625        1.631875         12.950438           11.649373      0.60969386     -0.56854368        6.908298         6.908298       67.959603              67.959603
              3       40.827379      0.85595995       1.0601293      0.11137489        1.629147         12.945711            11.64864      0.61158725     -0.56763318        6.908298         6.908298       67.838161              67.838161
              1       40.814834      0.85595995       1.0603417      0.11103281       1.6285645         12.945745           11.648614      0.61207529     -0.56806964        6.908298         6.908298       67.813071              67.813071
              1       41.175003      0.85595995       1.0554292      0.10856535       1.6270085         12.947108            11.65133      0.60905114     -0.56988493        6.908298         6.908298       68.533411              68.533411
              1       42.004637      0.85595995       1.0531304      0.12044292       1.6149071         12.957384             11.6505      0.60918256     -0.56317667        6.908298         6.908298       70.192678              70.192678
              1       41.661234      0.85595995       1.0559145      0.12448018        1.611988         12.952976             11.6503      0.60347501     -0.56779833        6.908298         6.908298       69.505871              69.505871
              3       41.388685      0.85595995       1.0501218      0.12832616       1.6112729         12.946313           11.652142      0.60861501     -0.56754935        6.908298         6.908298       68.960774              68.960774
              1       42.412874      0.86431101       1.0501218      0.12832616       1.6112729         12.946313           11.652142      0.60861501     -0.56754935        6.908298         6.908298       71.009152              71.009152
              2       42.422585      0.86431101       1.0502373      0.12788117       1.6120698          12.94625           11.652115      0.60843706     -0.56725803        6.908298         6.908298       71.028574              71.028574
              1       41.745373      0.86431101       1.0501602      0.12872808        1.612935         12.945435           11.649262      0.60885183     -0.56849141        6.908298         6.908298        69.67415               69.67415
              1       40.780634      0.86431101       1.0546902      0.12441125       1.6091075         12.946727           11.646102      0.60325695     -0.56985116        6.908298         6.908298       67.744671              67.744671
              3       40.539812      0.86431101       1.0547929      0.12495944       1.6081412         12.948694           11.643706      0.60434137     -0.56555456        6.908298         6.908298       67.263028              67.263028
              2       41.361127      0.86431101       1.0463097      0.12639992       1.6035289         12.951967           11.640279      0.59484544     -0.55860392        6.908298         6.908298       68.905657              68.905657
              1       41.107465      0.86431101       1.0454233       0.1266077        1.602948         12.950992           11.641064      0.59582952     -0.55792341        6.908298         6.908298       68.398334              68.398334
              1       40.627583      0.86431101       1.0471168      0.12524478       1.6112747         12.951472           11.648017      0.59274197     -0.55106421        6.908298         6.908298        67.43857               67.43857
              2       40.995347      0.86431101       1.0466267      0.12523868       1.6139344         12.944962           11.644923      0.59031311     -0.55167454        6.908298         6.908298       68.174098              68.174098
              1       42.321439      0.86431101       1.0434555      0.13164952       1.6157706         12.945377           11.648935      0.58805194     -0.55696093        6.908298         6.908298       70.826282              70.826282
              3       42.308598      0.86431101        1.043432       0.1311969       1.6149315         12.944118           11.647574      0.58751904     -0.55694537        6.908298         6.908298         70.8006                70.8006
              1       41.814542      0.86431101       1.0426533      0.12920368       1.6131812          12.94542           11.647693      0.58862954      -0.5567352        6.908298         6.908298       69.812489              69.812489
              4       41.761857      0.86431101       1.0425648      0.12929326       1.6132075         12.945432           11.647576      0.58878404     -0.55682147        6.908298         6.908298       69.707119              69.707119
              1       40.966773      0.86431101       1.0450683      0.14154848       1.6190639         12.952856           11.646007      0.58546371     -0.55695328        6.908298         6.908298       68.116951              68.116951
              1       41.306372      0.86431101       1.0400721      0.15178856       1.6055201         12.954149           11.643303      0.60007198     -0.56451168        6.908298         6.908298       68.796148              68.796148
              1       41.414503      0.86371367       1.0400721      0.15178856       1.6055201         12.954149           11.643303      0.60007198     -0.56451168        6.908298         6.908298        69.01241               69.01241
              1       41.450473      0.86371367       1.0402798      0.15233156       1.6063307          12.95277           11.642495      0.60092794     -0.56365804        6.908298         6.908298       69.084351              69.084351
              2       41.864684      0.86371367        1.051734      0.15451322        1.606328         12.948219           11.652071      0.60309452     -0.56828541        6.908298         6.908298       69.912771              69.912771
              2       41.497492      0.86371367       1.0518828      0.15363836       1.6075523         12.949338           11.652116      0.60463073     -0.56861851        6.908298         6.908298       69.178387              69.178387
              3       40.939104      0.86371367       1.0466015      0.15288247       1.6069844         12.962614             11.6536       0.6099003      -0.5692851        6.908298         6.908298       68.061612              68.061612
              2       40.942157      0.86371367       1.0465341       0.1529245       1.6070711         12.962582           11.653531      0.60992899     -0.56943436        6.908298         6.908298       68.067718              68.067718
              2       41.083387      0.86371367       1.0526406      0.16718712       1.6055565         12.962906           11.658064      0.61575017     -0.57012401        6.908298         6.908298       68.350179              68.350179
              1       41.141382      0.86371367       1.0604999      0.16864047       1.6126505         12.969901           11.654901      0.60779769     -0.57068456        6.908298         6.908298       68.466169              68.466169
              1       40.853112      0.86371367       1.0589596      0.16615319        1.612216         12.961998           11.660242      0.61323952     -0.57732732        6.908298         6.908298       67.889627              67.889627
              2        40.84811      0.86371367       1.0592301      0.16586473       1.6136545         12.961844           11.659796      0.61451111     -0.57650899        6.908298         6.908298       67.879625              67.879625
              1       41.220435      0.86371367        1.062529      0.16567984       1.6151935         12.962512           11.662132      0.61335313     -0.57717127        6.908298         6.908298       68.624275              68.624275
              3       40.364331      0.86371367       1.0618516      0.17487663       1.6211674         12.962987           11.656943      0.61277991      -0.5860548        6.908298         6.908298       66.912065              66.912065
              2       40.316407      0.86371367       1.0646929      0.17580916       1.6190102         12.962053           11.655376      0.61411457     -0.58597724        6.908298         6.908298       66.816217              66.816217
              1        40.34415      0.86371367       1.0624953      0.17298588       1.6146106         12.962034            11.65259      0.61378122     -0.58514137        6.908298         6.908298       66.871704              66.871704
              5       40.837458      0.86371367       1.0617018      0.17586468       1.6125352         12.959027           11.657205      0.61245444     -0.57363795        6.908298         6.908298        67.85832               67.85832
              1       40.541757      0.86156484       1.0617018      0.17586468       1.6125352         12.959027           11.657205      0.61245444     -0.57363795        6.908298         6.908298       67.266918              67.266918
              1       40.616791      0.86156484       1.0635124      0.18111364       1.6142617         12.958031           11.656495      0.60818889     -0.57129688        6.908298         6.908298       67.416987              67.416987
              1       41.247093      0.86156484       1.0645203      0.17961496       1.6126979         12.957141           11.658714      0.60710081      -0.5692511        6.908298         6.908298       68.677589              68.677589
              2       40.677613      0.86156484       1.0833854      0.18329857       1.5993279         12.959483           11.649261      0.61432278     -0.57095212        6.908298         6.908298       67.538629              67.538629
              1       40.701856      0.86156484       1.0829836      0.18349704       1.5988191          12.95957           11.649175      0.61419296     -0.57093643        6.908298         6.908298       67.587116              67.587116
              2       41.850398      0.86926806       1.0829836      0.18349704       1.5988191          12.95957           11.649175      0.61419296     -0.57093643        6.908298         6.908298       69.884199              69.884199
              2       41.079896      0.86926806       1.0849116      0.18375525       1.5991675         12.969928            11.65331       0.6112428     -0.57297778        6.908298         6.908298       68.343196              68.343196
              4       42.050178      0.85893595       1.0849116      0.18375525       1.5991675         12.969928            11.65331       0.6112428     -0.57297778        6.908298         6.908298       70.283759              70.283759
              1       42.288231      0.85893595       1.0852849      0.18513142       1.6005592         12.971317           11.653773      0.61265931      -0.5740515        6.908298         6.908298       70.759867              70.759867
              1       41.599499      0.85893595       1.0836171      0.18452201       1.6009131         12.970194           11.654944      0.61209092     -0.57665332        6.908298         6.908298       69.382403              69.382403
              4       41.246168      0.85893595       1.0677613      0.19118064       1.6045195         12.966755           11.657897       0.6168991     -0.56579444        6.908298         6.908298        68.67574               68.67574
              2       40.705065      0.85893595       1.0626633       0.2017012       1.6056778         12.966152           11.659629      0.60738616      -0.5582818        6.908298         6.908298       67.593533              67.593533
              1       41.415044      0.85893595        1.058418      0.20386482       1.6062153         12.956814            11.64958      0.60909938     -0.56053838        6.908298         6.908298       69.013493              69.013493
              1       41.378916      0.85893595       1.0584469      0.20383052       1.6062892         12.956697           11.649663      0.60913422     -0.56046654        6.908298         6.908298       68.941236              68.941236
              1       41.465543      0.85893595       1.0572695      0.18882844       1.5945003         12.952799           11.646122      0.59807446      -0.5519401        6.908298         6.908298       69.114489              69.114489
              1       41.096753      0.86053037       1.0572695      0.18882844       1.5945003         12.952799           11.646122      0.59807446      -0.5519401        6.908298         6.908298        68.37691               68.37691
              2       41.464604      0.86053037       1.0575682      0.19175776       1.5948439          12.95477           11.646639      0.60184327     -0.55145401        6.908298         6.908298       69.112611              69.112611
              2       41.444567      0.86053037       1.0455386      0.20157516       1.6004378         12.949123           11.644544      0.59720093     -0.54605894        6.908298         6.908298       69.072538              69.072538
              1       42.074289      0.86053037         1.04213      0.20226256       1.5940949         12.943024           11.637597      0.60253062     -0.55282824        6.908298         6.908298       70.331982              70.331982
              1       41.343565      0.86053037       1.0422266      0.20331683       1.5978541         12.942888           11.639328      0.60191701     -0.55842801        6.908298         6.908298       68.870533              68.870533
              2       41.821752      0.86053037       1.0432219       0.2025693       1.6001095          12.94255           11.636976      0.60263615     -0.55783472        6.908298         6.908298       69.826909              69.826909
              1       41.135663      0.86053037       1.0418067      0.20394948       1.6022322         12.938807           11.638067      0.60005352     -0.55938763        6.908298         6.908298        68.45473               68.45473
              2       41.119207      0.86053037       1.0416311      0.20385524       1.6020773         12.938718           11.638464       0.5998573     -0.55870177        6.908298         6.908298       68.421817              68.421817
              1       41.043522      0.86053037       1.0427132      0.20142981        1.605427         12.939074           11.640189      0.60090431      -0.5586533        6.908298         6.908298       68.270449              68.270449
              1       41.964209      0.86053037       1.0574835       0.1997282       1.6061971         12.939741           11.634931      0.58752764     -0.55562753        6.908298         6.908298       70.111823              70.111823
              1       41.704485      0.86053037       1.0620269      0.19387816       1.6013073         12.927489            11.63206      0.59377354     -0.55452603        6.908298         6.908298       69.592374              69.592374
              1        41.31789      0.86053037       1.0652277      0.20141857       1.6050301         12.926288           11.631074      0.59785884     -0.55024648        6.908298         6.908298       68.819184              68.819184
              1       41.638386      0.86053037       1.0733296      0.19711402       1.6043413         12.927165           11.632917      0.59452348     -0.54539858        6.908298         6.908298       69.460177              69.460177
              1       41.290051      0.86053037       1.0739749      0.19899244       1.6079525         12.925012           11.626561      0.59059669     -0.54419147        6.908298         6.908298       68.763505              68.763505
              2       41.624614      0.86053037       1.0754475      0.20050872       1.6111991         12.928446           11.624992       0.5961781      -0.5410294        6.908298         6.908298       69.432632              69.432632
              1       44.039662      0.86053037       1.0763841      0.22288932       1.6026096         12.919609           11.633531      0.59456533     -0.52670173        6.908298         6.908298       74.262729              74.262729
              1       43.166438      0.84932794       1.0763841      0.22288932       1.6026096         12.919609           11.633531      0.59456533     -0.52670173        6.908298         6.908298       72.516281              72.516281
              2       43.395218      0.84932794       1.0584435      0.21185621       1.6001024         12.920907           11.631706      0.59196324     -0.50820263        6.908298         6.908298       72.973841              72.973841
              1       43.333131      0.84932794       1.0622427       0.2163648       1.5918709         12.916144           11.629985      0.59101943     -0.50334078        6.908298         6.908298       72.849666              72.849666
              4       43.579122      0.84932794       1.0615148      0.22391212       1.5934428         12.917996           11.628684      0.59218826     -0.50552833        6.908298         6.908298       73.341647              73.341647
              1       44.168359      0.84932794       1.0502326      0.22700718       1.5854983         12.924463           11.641996      0.58413608     -0.50354936        6.908298         6.908298       74.520122              74.520122
              4       43.325701      0.84932794       1.0450357      0.22508808       1.5793994         12.924111           11.639612      0.59142649      -0.5078079        6.908298         6.908298       72.834805              72.834805
              1       43.314112      0.84932794       1.0622501      0.23327009       1.5791571         12.930376           11.647929      0.59463865     -0.51066448        6.908298         6.908298       72.811628              72.811628
              3       43.318296      0.84932794       1.0625977      0.23294417       1.5790025          12.93004           11.647701      0.59480717     -0.51070123        6.908298         6.908298       72.819995              72.819995
              1       43.659192      0.85321474       1.0625977      0.23294417       1.5790025          12.93004           11.647701      0.59480717     -0.51070123        6.908298         6.908298       73.501787              73.501787
              1       43.343901      0.85321474       1.0637111      0.23382855       1.5812862         12.929575           11.645918      0.59319608     -0.50967612        6.908298         6.908298       72.871206              72.871206
              1       43.195479      0.85321474       1.0703751      0.23212202       1.5728023          12.93351           11.649373       0.5997834     -0.51299411        6.908298         6.908298       72.574363              72.574363
              3       43.284662      0.84464534       1.0703751      0.23212202       1.5728023          12.93351           11.649373       0.5997834     -0.51299411        6.908298         6.908298       72.752728              72.752728
              2       43.526361      0.84464534       1.0624894      0.23462101       1.5705399         12.935517           11.655374      0.60137325     -0.51254716        6.908298         6.908298       73.236125              73.236125
              3       43.374614      0.84464534       1.0628606      0.23477606       1.5722871         12.937135           11.655941      0.60154438     -0.51350056        6.908298         6.908298       72.932632              72.932632
              1        42.86151      0.84464534        1.058218       0.2355302       1.5720588         12.942787           11.657684      0.60375951       -0.514385        6.908298         6.908298       71.906425              71.906425
              1        42.97448      0.84464534       1.0589671      0.24287282       1.5731132         12.943948           11.657576      0.60185823     -0.50987886        6.908298         6.908298       72.132364              72.132364
              6       43.677788      0.84464534       1.0575629      0.23475385       1.5658721         12.943443           11.664999      0.60269794     -0.49405984        6.908298         6.908298       73.538981              73.538981
              2       43.632823      0.84464534       1.0575931       0.2347612       1.5660314         12.943977           11.665179      0.60220778     -0.49389964        6.908298         6.908298       73.449049              73.449049
              2       43.526681      0.84464534       1.0600855      0.23688781       1.5638543         12.944661           11.665202      0.60250438     -0.49369769        6.908298         6.908298       73.236766              73.236766
              1       43.863906      0.84464534        1.059422      0.23886206       1.5637398         12.943246           11.664769      0.59933716     -0.49804203        6.908298         6.908298       73.911216              73.911216
              1       43.562739      0.84464534       1.0577371      0.23784785       1.5610124         12.944074           11.663885      0.59890877     -0.49804289        6.908298         6.908298       73.308882              73.308882
              1       42.973444      0.84464534       1.0515037      0.24418443       1.5625167         12.949906           11.666208      0.60532655     -0.50105989        6.908298         6.908298       72.130293              72.130293
              1       43.129377      0.84464534       1.0467504       0.2480712       1.5702535         12.949447           11.665453      0.60417525     -0.49994618        6.908298         6.908298       72.442157              72.442157
              5       43.322757      0.84464534       1.0452172      0.24720213       1.5693701         12.949364           11.662846      0.60292257     -0.50041693        6.908298         6.908298       72.828918              72.828918
              1       43.929444      0.84464534       1.0470253      0.24271727       1.5725783         12.951093           11.661367      0.60386021     -0.49865692        6.908298         6.908298       74.042292              74.042292
              1       43.704332      0.84464534       1.0465665      0.23730865        1.576417         12.954064           11.668481      0.59520998     -0.51129867        6.908298         6.908298       73.592068              73.592068
              2        44.10179      0.84464534       1.0438432      0.23283052       1.5760078         12.954313           11.670388      0.59581988     -0.51635563        6.908298         6.908298       74.386984              74.386984
              1       43.536527      0.84464534       1.0443069      0.23416687       1.5767175         12.955866           11.668716      0.59792663     -0.51814582        6.908298         6.908298       73.256457              73.256457
              1       44.119081      0.84464534       1.0419349      0.23464973       1.5803695         12.954538           11.665826      0.59476265     -0.51912773        6.908298         6.908298       74.421565              74.421565
              1       44.105434      0.84464534       1.0435827      0.23473669         1.58456         12.955368           11.669157      0.59498123     -0.51910838        6.908298         6.908298       74.394272              74.394272
              3       44.184004      0.84464534       1.0360766      0.24056493       1.5838395         12.956441            11.67327      0.59624363     -0.51841334        6.908298         6.908298       74.551412              74.551412
              2       43.978505      0.84464534       1.0367303      0.24110411       1.5839306          12.95739           11.671811      0.59605175     -0.51939323        6.908298         6.908298       74.140414              74.140414
              1       43.450695      0.84464534       1.0373665      0.23916647       1.5840415         12.957885           11.669486      0.59790396     -0.51644454        6.908298         6.908298       73.084793              73.084793
              1       43.268545      0.84464534       1.0358456      0.23691589       1.5836962         12.958948           11.669973      0.60033062     -0.51890094        6.908298         6.908298       72.720493              72.720493
              1       43.088448      0.84464534       1.0395962      0.23658942       1.5810867         12.956144           11.670192      0.60190517     -0.52017158        6.908298         6.908298       72.360299              72.360299
              4       42.745998      0.84464534       1.0515517      0.23478277       1.5754804         12.975671           11.684079       0.6005885     -0.51522643        6.908298         6.908298       71.675399              71.675399
              1        44.39514      0.84464534       1.0428755      0.23890765        1.574187         12.978354           11.689215      0.59298095     -0.51631184        6.908298         6.908298       74.973683              74.973683
              2       43.893083      0.84464534       1.0406269      0.23675061       1.5779078         12.979755           11.691785      0.59607186     -0.51700576        6.908298         6.908298        73.96957               73.96957
