#        weight    minuslogpost          sigma8        ygk_Ahmc ygk_LOWZ__2_lM1_0 ygk_LOWZ__2_lMmin_0  ygk_LOWZ__2_wz   ygk_mass_bias       ygk_rhogy   minuslogprior minuslogprior__0            chi2 chi2__ygk_like.ygkLike
              1       42.789824      0.81870308       1.0669922         13.081791            11.78452       1.0028466      0.73075094      -0.5568535       4.7082995        4.7082995       76.163049              76.163049
              1       42.542243      0.81870308       1.0648538         13.081512           11.785137       1.0033781      0.73086068     -0.55654708       4.7082995        4.7082995       75.667887              75.667887
              2       43.285739      0.81870308       1.0817082         13.081897           11.799646       1.0024224      0.73884551      -0.5244331       4.7082995        4.7082995       77.154878              77.154878
              1       43.664519      0.81870308       1.0890186         13.097101           11.798652        1.005104       0.7366777     -0.52305282       4.7082995        4.7082995       77.912438              77.912438
              1       41.548994      0.81870308        1.063806         13.107078           11.814017      0.99951386      0.73270151     -0.53827218       4.7082995        4.7082995       73.681388              73.681388
              1       41.769037      0.81870308        1.064571         13.116771           11.820228      0.99870031      0.72897374     -0.55496608       4.7082995        4.7082995       74.121475              74.121475
              1       41.751684      0.81870308       1.0639444         13.116593           11.820591      0.99853704       0.7292267     -0.55489594       4.7082995        4.7082995       74.086769              74.086769
              2        41.53881      0.81870308       1.0604818         13.118453           11.822076      0.99910266      0.72808085      -0.5481892       4.7082995        4.7082995        73.66102               73.66102
              5       41.417161      0.81870308       1.0646741          13.11894           11.822828      0.99887816      0.72889672     -0.54620079       4.7082995        4.7082995       73.417723              73.417723
              1         43.3142      0.81870308       1.0686293         13.125936           11.820838       0.9999015      0.72393834     -0.56357138       4.7082995        4.7082995       77.211801              77.211801
              1       45.012694      0.81870308       1.0504884         13.137912           11.823533       1.0032886      0.72933454     -0.55081677       4.7082995        4.7082995       80.608789              80.608789
              1       45.079108      0.81870308        1.051608         13.138882           11.824225       1.0028827      0.72780812      -0.5481726       4.7082995        4.7082995       80.741617              80.741617
              1       45.629207      0.81870308       1.0489511         13.135515           11.819723       1.0053375      0.72185324     -0.54172305       4.7082995        4.7082995       81.841816              81.841816
              1       43.300272      0.81870308       1.0463678         13.133964           11.824124       1.0058745      0.72036645     -0.54433833       4.7082995        4.7082995       77.183944              77.183944
              2       42.898517      0.81870308       1.0437131         13.133285           11.825453       1.0054371      0.71873369     -0.54197572       4.7082995        4.7082995       76.380436              76.380436
              3       42.690233      0.81870308       1.0446812         13.132496           11.825327       1.0052124      0.71939233     -0.54073183       4.7082995        4.7082995       75.963868              75.963868
