#        weight    minuslogpost          sigma8        ygk_Ahmc ygk_LOWZ__2_lM1_0 ygk_LOWZ__2_lMmin_0  ygk_LOWZ__2_wz   ygk_mass_bias       ygk_rhogy   minuslogprior minuslogprior__0            chi2 chi2__ygk_like.ygkLike
              1       299.53764      0.83259011        1.014097         13.205403           11.765951       1.0068711      0.74154191     -0.47125133       4.7082995        4.7082995       589.65868              589.65868
              2       275.48666      0.83259011       1.0244865         13.200713            11.76584       1.0093403      0.73562589     -0.47191525       4.7082995        4.7082995       541.55673              541.55673
              5       274.74266      0.83259011       1.0257175         13.201564           11.765847       1.0093268      0.73553175      -0.4746125       4.7082995        4.7082995       540.06873              540.06873
              1       273.58686      0.83259011       1.0265738         13.200493            11.76555       1.0089191      0.73556616     -0.47507778       4.7082995        4.7082995       537.75712              537.75712
              2       264.16706      0.83259011       1.0315353         13.200129           11.762301        1.010908      0.73793237     -0.49715427       4.7082995        4.7082995       518.91752              518.91752
              3       264.54319      0.83575087       1.0315353         13.200129           11.762301        1.010908      0.73793237     -0.49715427       4.7082995        4.7082995       519.66978              519.66978
              2       256.04893      0.83575087       1.0285999         13.195984           11.762075       1.0092684      0.73642763     -0.50069678       4.7082995        4.7082995       502.68126              502.68126
              1       206.67952      0.83575087       1.0340461         13.202551           11.777052       1.0088918      0.72861067     -0.52213359       4.7082995        4.7082995       403.94244              403.94244
              1       198.30749      0.83575087       1.0302192         13.199561           11.772733       1.0121942       0.7211775     -0.52944666       4.7082995        4.7082995       387.19837              387.19837
              1        179.6153      0.83575087       1.0449386         13.193267           11.772119       1.0140128      0.73309084     -0.55331083       4.7082995        4.7082995         349.814                349.814
