#        weight    minuslogpost          sigma8        ygk_Ahmc ygk_LOWZ__4_lM1_0 ygk_LOWZ__4_lMmin_0   minuslogprior minuslogprior__0            chi2 chi2__ygk_like.ygkLike
              3       36.873232      0.77499036      0.98004673         13.344804           12.114838       4.7960384        4.7960384       64.154387              64.154387
              4       36.843573      0.77499036      0.97809139         13.345646           12.115386       4.7960384        4.7960384        64.09507               64.09507
              4       36.354483      0.77499036      0.96073876         13.358388           12.116397       4.7960384        4.7960384       63.116888              63.116888
              2       37.005266      0.77499036      0.96839882         13.350635           12.108252       4.7960384        4.7960384       64.418456              64.418456
              3        36.88496      0.77499036      0.97158816          13.34534           12.115293       4.7960384        4.7960384       64.177842              64.177842
              1       36.562102      0.77499036      0.97999753         13.337653            12.10856       4.7960384        4.7960384       63.532127              63.532127
              7       35.912388      0.77499036      0.99881806         13.334899           12.097921       4.7960384        4.7960384       62.232699              62.232699
              1        35.87527      0.77499036       1.0346255         13.327872           12.088126       4.7960384        4.7960384       62.158463              62.158463
              1        35.75638      0.77583194       1.0346255         13.327872           12.088126       4.7960384        4.7960384       61.920684              61.920684
              1        35.26399      0.77583194       1.0478602         13.328052           12.096336       4.7960384        4.7960384       60.935903              60.935903
              2       37.408422      0.77583194       1.0373198         13.326613           12.100615       4.7960384        4.7960384       65.224767              65.224767
              2       35.422737      0.77583194       1.0427056         13.328669           12.088436       4.7960384        4.7960384       61.253398              61.253398
              3       34.516503      0.77583194       1.0656906         13.324824           12.090329       4.7960384        4.7960384       59.440929              59.440929
              4       34.792329      0.77583194       1.0427464         13.329054           12.092291       4.7960384        4.7960384       59.992581              59.992581
              3       34.858924      0.77583194       1.0417497         13.328797           12.094509       4.7960384        4.7960384       60.125772              60.125772
              8       35.039321      0.77583194       1.0367742          13.32474            12.09037       4.7960384        4.7960384       60.486565              60.486565
              1       35.287816      0.77583194       1.0341981         13.323597           12.088031       4.7960384        4.7960384       60.983555              60.983555
              5        35.15305      0.77583194       1.0458027         13.322042           12.085596       4.7960384        4.7960384       60.714024              60.714024
              1       34.879919      0.77583194       1.0569139         13.321903           12.089758       4.7960384        4.7960384       60.167761              60.167761
              3       34.497292      0.77583194       1.0489914         13.333826           12.095444       4.7960384        4.7960384       59.402506              59.402506
              2        34.61681      0.77583194       1.0433887         13.347347           12.108512       4.7960384        4.7960384       59.641543              59.641543
              1       33.854267      0.76770583       1.0433887         13.347347           12.108512       4.7960384        4.7960384       58.116457              58.116457
              2        34.17682      0.76770583       1.0467176         13.342548           12.110024       4.7960384        4.7960384       58.761562              58.761562
              2       34.119557      0.76770583       1.0507754         13.343395           12.110479       4.7960384        4.7960384       58.647038              58.647038
              1       33.328652      0.75756596       1.0507754         13.343395           12.110479       4.7960384        4.7960384       57.065226              57.065226
             10       33.007627      0.75756596       1.0612173         13.341501           12.109657       4.7960384        4.7960384       56.423178              56.423178
              2       34.338306      0.75756596       1.0753115         13.334191           12.098146       4.7960384        4.7960384       59.084535              59.084535
              7        33.59594      0.75756596        1.097306         13.340506           12.100869       4.7960384        4.7960384       57.599804              57.599804
              1        33.85444      0.75756596       1.1263475         13.330671           12.106087       4.7960384        4.7960384       58.116802              58.116802
              1       35.851444      0.75756596       1.1249576         13.331858           12.110257       4.7960384        4.7960384       62.110811              62.110811
              1       31.566011      0.74399815       1.1249576         13.331858           12.110257       4.7960384        4.7960384       53.539946              53.539946
              1       31.969683      0.72631326       1.1249576         13.331858           12.110257       4.7960384        4.7960384       54.347289              54.347289
              1       31.295575      0.72631326       1.1342573         13.331567           12.110694       4.7960384        4.7960384       52.999072              52.999072
              2       30.751363      0.72631326       1.1328367         13.318764           12.109731       4.7960384        4.7960384        51.91065               51.91065
              1       30.580221      0.72631326       1.1675699         13.303615            12.09492       4.7960384        4.7960384       51.568366              51.568366
              3       31.550111      0.72631326       1.1500709           13.2985           12.089893       4.7960384        4.7960384       53.508145              53.508145
              2       32.007735      0.72631326       1.1492365         13.298602             12.0886       4.7960384        4.7960384       54.423394              54.423394
              1       31.695597      0.72631326       1.1191983         13.293793           12.093067       4.7960384        4.7960384       53.799116              53.799116
              1       31.809106      0.72631326       1.1168712         13.298092           12.093782       4.7960384        4.7960384       54.026135              54.026135
              6        32.61883      0.72631326       1.1045901         13.296698           12.091705       4.7960384        4.7960384       55.645582              55.645582
              1        32.48685      0.72631326       1.1188917         13.298025           12.090832       4.7960384        4.7960384       55.381623              55.381623
              1       32.462224      0.72631326       1.1190181         13.297556           12.090637       4.7960384        4.7960384       55.332372              55.332372
              4       31.963052      0.73427224       1.1190181         13.297556           12.090637       4.7960384        4.7960384       54.334027              54.334027
              1        31.78636      0.73427224       1.1257671         13.298471           12.091634       4.7960384        4.7960384       53.980643              53.980643
              2       31.849718      0.73427224       1.1284677         13.295511           12.089782       4.7960384        4.7960384       54.107358              54.107358
              2       31.751008      0.73135824       1.1284677         13.295511           12.089782       4.7960384        4.7960384        53.90994               53.90994
              1       31.759878      0.73215901       1.1284677         13.295511           12.089782       4.7960384        4.7960384        53.92768               53.92768
              1       32.629287      0.73215901       1.1309724         13.294338           12.094825       4.7960384        4.7960384       55.666497              55.666497
              1       32.384243      0.73215901       1.1331922         13.295345           12.094783       4.7960384        4.7960384       55.176408              55.176408
              3       30.689333      0.73215901       1.1642562         13.311226           12.098955       4.7960384        4.7960384       51.786589              51.786589
              1       30.976099      0.73215901       1.1545213         13.316113           12.098476       4.7960384        4.7960384       52.360122              52.360122
              7        32.71039      0.74841642       1.1545213         13.316113           12.098476       4.7960384        4.7960384       55.828704              55.828704
              1       32.939856      0.74841642       1.1186761         13.304312           12.083705       4.7960384        4.7960384       56.287636              56.287636
              1       32.643355      0.74841642       1.1163499         13.303409            12.08531       4.7960384        4.7960384       55.694634              55.694634
              4       32.906633      0.74841642       1.1136997         13.301888           12.083493       4.7960384        4.7960384        56.22119               56.22119
              3       33.428029      0.74841642       1.1019921         13.307238           12.085906       4.7960384        4.7960384       57.263982              57.263982
              5       33.392765      0.74841642       1.1015014         13.307484           12.086221       4.7960384        4.7960384       57.193453              57.193453
              2       32.722217      0.74841642       1.1188666         13.301751           12.083565       4.7960384        4.7960384       55.852357              55.852357
              2       32.809391      0.74675423       1.1188666         13.301751           12.083565       4.7960384        4.7960384       56.026704              56.026704
              3       34.030139      0.74675423       1.1192164         13.295073           12.088871       4.7960384        4.7960384       58.468201              58.468201
             17       33.168476      0.74675423        1.133401         13.282749           12.070777       4.7960384        4.7960384       56.744875              56.744875
              1       33.127993      0.74886625        1.133401         13.282749           12.070777       4.7960384        4.7960384       56.663909              56.663909
              2       33.472513      0.74886625       1.1359994         13.278434           12.071876       4.7960384        4.7960384       57.352948              57.352948
              1       33.444274      0.74886625       1.1182351         13.280452           12.072105       4.7960384        4.7960384       57.296471              57.296471
              4       33.446151      0.74886625       1.1181744          13.28037           12.071656       4.7960384        4.7960384       57.300225              57.300225
              1        33.42816      0.74474262       1.1181744          13.28037           12.071656       4.7960384        4.7960384       57.264244              57.264244
              5       33.229105      0.74474262       1.1569181          13.27253            12.06929       4.7960384        4.7960384       56.866133              56.866133
              7       33.635352      0.74474262       1.1447975         13.268315           12.067541       4.7960384        4.7960384       57.678627              57.678627
              5       33.652613      0.74474262       1.1451963         13.271619           12.070411       4.7960384        4.7960384       57.713149              57.713149
              2       33.623653      0.74474262       1.1455741         13.271779           12.070429       4.7960384        4.7960384       57.655229              57.655229
              2       33.338955      0.74474262       1.1614257         13.269497           12.067143       4.7960384        4.7960384       57.085833              57.085833
              1       32.877299      0.74474262       1.1632824          13.27576           12.065033       4.7960384        4.7960384       56.162522              56.162522
              1       34.361884      0.74474262       1.1544329         13.277656           12.062413       4.7960384        4.7960384       59.131692              59.131692
              3       35.772072      0.74474262        1.160367         13.290416           12.066637       4.7960384        4.7960384       61.952068              61.952068
              1       33.151233      0.76219865        1.160367         13.290416           12.066637       4.7960384        4.7960384       56.710389              56.710389
              2       33.076706      0.76219865        1.157513          13.29384           12.070044       4.7960384        4.7960384       56.561334              56.561334
              1       33.077159      0.76219865       1.1575308         13.293836           12.070051       4.7960384        4.7960384       56.562242              56.562242
              2       34.661867      0.76219865       1.1462221          13.27693           12.063636       4.7960384        4.7960384       59.731658              59.731658
              2       34.351255      0.76219865       1.1149526         13.282406           12.062984       4.7960384        4.7960384       59.110432              59.110432
              2       35.759544      0.76219865       1.1217141         13.270736           12.062583       4.7960384        4.7960384       61.927012              61.927012
              2       36.174989      0.76219865       1.1132742         13.269502           12.062923       4.7960384        4.7960384       62.757902              62.757902
              2       34.125885      0.76219865        1.129724         13.279105            12.06249       4.7960384        4.7960384       58.659693              58.659693
              1       34.469203      0.76219865       1.1348359         13.276641           12.056368       4.7960384        4.7960384       59.346328              59.346328
              1       37.145651       0.7499742       1.1348359         13.276641           12.056368       4.7960384        4.7960384       64.699225              64.699225
              3       35.921106       0.7499742       1.1334583         13.274059           12.057017       4.7960384        4.7960384       62.250136              62.250136
              2       34.958942       0.7499742       1.1612016         13.269399           12.053203       4.7960384        4.7960384       60.325807              60.325807
              1       34.227275       0.7499742       1.1322664          13.26862           12.065845       4.7960384        4.7960384       58.862474              58.862474
              1       33.862095      0.73534576       1.1322664          13.26862           12.065845       4.7960384        4.7960384       58.132112              58.132112
              2       33.903936      0.73534576       1.1322466         13.268858           12.065848       4.7960384        4.7960384       58.215796              58.215796
              1       35.371957      0.73534576       1.1323289         13.274226           12.065617       4.7960384        4.7960384       61.151838              61.151838
              2       35.738536      0.73534576       1.1400865         13.274131            12.06411       4.7960384        4.7960384       61.884994              61.884994
              3       34.988519      0.73792956       1.1400865         13.274131            12.06411       4.7960384        4.7960384        60.38496               60.38496
              3       32.634197      0.73792956       1.1649356         13.275804           12.075214       4.7960384        4.7960384       55.676318              55.676318
              4       32.958338      0.73792956       1.1483864         13.279639           12.071054       4.7960384        4.7960384       56.324599              56.324599
              4       33.560747      0.73792956       1.1633516         13.281634           12.068618       4.7960384        4.7960384       57.529418              57.529418
              2       32.834725      0.73792956       1.1674864         13.279625           12.068955       4.7960384        4.7960384       56.077373              56.077373
              3        32.69456      0.73792956       1.1728534         13.262915           12.063056       4.7960384        4.7960384       55.797044              55.797044
              3       33.033693      0.72864949       1.1728534         13.262915           12.063056       4.7960384        4.7960384       56.475309              56.475309
              1       32.603691      0.72864949       1.1611945         13.257588           12.065699       4.7960384        4.7960384       55.615305              55.615305
              2        32.56467      0.72864949       1.1600094         13.258907            12.06705       4.7960384        4.7960384       55.537264              55.537264
              3       32.181256      0.72864949       1.1514501         13.277081           12.075987       4.7960384        4.7960384       54.770434              54.770434
              3        32.60555      0.72864949       1.1466605         13.275682           12.074258       4.7960384        4.7960384       55.619023              55.619023
              1        32.61789      0.72864949       1.1492751         13.274602           12.073321       4.7960384        4.7960384       55.643703              55.643703
              2       33.498799      0.72864949        1.148728          13.26903           12.067917       4.7960384        4.7960384       57.405521              57.405521
              7       32.344199      0.72864949       1.1541554         13.265568           12.071348       4.7960384        4.7960384       55.096321              55.096321
              1       32.637377      0.72864949       1.1495136         13.269632           12.070886       4.7960384        4.7960384       55.682678              55.682678
              3       34.422549      0.72864949       1.1394982         13.267999           12.081681       4.7960384        4.7960384        59.25302               59.25302
              2        33.50195      0.72864949        1.128503         13.270232           12.081623       4.7960384        4.7960384       57.411823              57.411823
              2       32.080349      0.72864949       1.1357043         13.279079           12.081052       4.7960384        4.7960384       54.568621              54.568621
              1        32.13477      0.72864949       1.1484408         13.279958           12.077954       4.7960384        4.7960384       54.677463              54.677463
              3       32.042157      0.72864949       1.1501964         13.288737           12.082249       4.7960384        4.7960384       54.492236              54.492236
              5       32.056158      0.72864949       1.1520281         13.288025            12.08159       4.7960384        4.7960384       54.520239              54.520239
              5       32.319615      0.72864949       1.1505546         13.281483            12.07759       4.7960384        4.7960384       55.047154              55.047154
              5       31.540795      0.72864949       1.1674526          13.28309           12.079403       4.7960384        4.7960384       53.489514              53.489514
              5       31.707517      0.72864949       1.1616165         13.280275            12.07833       4.7960384        4.7960384       53.822956              53.822956
              1       31.906605      0.73391529       1.1616165         13.280275            12.07833       4.7960384        4.7960384       54.221133              54.221133
              2       31.679272      0.73391529       1.1633245         13.285297            12.07917       4.7960384        4.7960384       53.766468              53.766468
              1       33.264382      0.73391529       1.1785633         13.277795           12.081109       4.7960384        4.7960384       56.936686              56.936686
              1       31.275817       0.7146955       1.1785633         13.277795           12.081109       4.7960384        4.7960384       52.959558              52.959558
              1       29.928971       0.7146955        1.203231         13.292993           12.091438       4.7960384        4.7960384       50.265865              50.265865
              2       30.011078       0.7146955       1.2004181         13.292272           12.094178       4.7960384        4.7960384       50.430078              50.430078
              5       31.323282       0.7146955       1.2122411         13.286311           12.081442       4.7960384        4.7960384       53.054486              53.054486
              1       30.043703       0.7146955       1.2435076          13.28913            12.08332       4.7960384        4.7960384       50.495329              50.495329
              3       30.020004       0.7146955       1.2472471         13.279001           12.082955       4.7960384        4.7960384        50.44793               50.44793
              1       29.687936       0.7146955       1.2799206          13.27733           12.075614       4.7960384        4.7960384       49.783794              49.783794
              2       29.574333       0.7146955       1.2815914         13.278788           12.077142       4.7960384        4.7960384       49.556589              49.556589
              1       30.332216       0.7146955       1.2847583         13.258767           12.063873       4.7960384        4.7960384       51.072355              51.072355
              2       30.579322       0.7146955        1.281838         13.259476           12.062629       4.7960384        4.7960384       51.566568              51.566568
              5       30.898413       0.7146955       1.2920164         13.259223           12.060107       4.7960384        4.7960384       52.204748              52.204748
              1       30.380286       0.7146955       1.2868939         13.259355           12.063191       4.7960384        4.7960384       51.168495              51.168495
