#        weight    minuslogpost          sigma8        ygk_Ahmc ygk_LOWZ__4_lM1_0 ygk_LOWZ__4_lMmin_0   minuslogprior minuslogprior__0            chi2 chi2__ygk_like.ygkLike
              1       35.018508      0.71640516       1.0332872         13.295043           12.113729       4.7960384        4.7960384        60.44494               60.44494
              1       32.979446      0.71640516       1.0455308         13.301555           12.106359       4.7960384        4.7960384       56.366816              56.366816
              2         32.7585      0.71640516       1.0604141         13.298286           12.109653       4.7960384        4.7960384       55.924924              55.924924
              1        32.63782      0.71640516       1.0628799          13.29726            12.10836       4.7960384        4.7960384       55.683564              55.683564
              3       31.964545      0.71640516       1.0737876         13.302772           12.109185       4.7960384        4.7960384       54.337013              54.337013
              1       31.987287      0.71640516       1.1013523         13.304015           12.111265       4.7960384        4.7960384       54.382498              54.382498
              1       32.862291      0.69031958       1.1013523         13.304015           12.111265       4.7960384        4.7960384       56.132506              56.132506
              3       30.787325      0.69031958       1.0955777          13.31047           12.126542       4.7960384        4.7960384       51.982574              51.982574
              1       31.044136      0.69031958        1.101663         13.310004           12.127427       4.7960384        4.7960384       52.496195              52.496195
              1       30.516069      0.67597897        1.101663         13.310004           12.127427       4.7960384        4.7960384       51.440061              51.440061
              1       30.436529      0.67597897       1.1002892         13.307104           12.128262       4.7960384        4.7960384       51.280981              51.280981
              4       30.614052      0.68051507       1.1002892         13.307104           12.128262       4.7960384        4.7960384       51.636027              51.636027
              4       31.220778      0.68051507       1.0858621         13.305215           12.129541       4.7960384        4.7960384        52.84948               52.84948
              4       30.769885      0.68051507       1.0887006         13.304935           12.126727       4.7960384        4.7960384       51.947694              51.947694
              1       31.367734      0.68051507        1.092062         13.328021           12.144343       4.7960384        4.7960384       53.143392              53.143392
              5       30.460199      0.68051507       1.1034376         13.329417           12.141971       4.7960384        4.7960384       51.328321              51.328321
              2       29.826659      0.68051507        1.122379         13.332532           12.140611       4.7960384        4.7960384       50.061242              50.061242
              5       30.349665      0.68051507       1.1181068         13.320617           12.136198       4.7960384        4.7960384       51.107253              51.107253
              1       29.777473      0.68051507       1.1243931         13.322958           12.133344       4.7960384        4.7960384       49.962868              49.962868
              5       30.056723      0.68051507       1.1184144         13.329292           12.135247       4.7960384        4.7960384       50.521368              50.521368
              2       30.673496      0.68051507       1.0853925         13.317284           12.134308       4.7960384        4.7960384       51.754915              51.754915
              1       32.416478      0.68051507       1.0549505         13.311016           12.126383       4.7960384        4.7960384       55.240879              55.240879
              2       31.653556      0.68051507       1.0506522         13.311148           12.130407       4.7960384        4.7960384       53.715036              53.715036
              1       31.848626      0.67772931       1.0506522         13.311148           12.130407       4.7960384        4.7960384       54.105174              54.105174
              1       31.915677      0.67772931       1.0667879         13.306235           12.124661       4.7960384        4.7960384       54.239277              54.239277
              1       32.093552      0.67772931        1.061168         13.297196           12.128444       4.7960384        4.7960384       54.595026              54.595026
              4       31.767647      0.67772931       1.0582788         13.296901           12.126668       4.7960384        4.7960384       53.943216              53.943216
              1       32.189191      0.67772931       1.0717288         13.300219           12.119825       4.7960384        4.7960384       54.786305              54.786305
              3       31.602456      0.67772931       1.0708353         13.290703           12.122113       4.7960384        4.7960384       53.612836              53.612836
              3       31.857558      0.67772931       1.0869465         13.287883           12.111953       4.7960384        4.7960384       54.123039              54.123039
              3       31.249501      0.67772931       1.0987507         13.283589           12.110134       4.7960384        4.7960384       52.906925              52.906925
              1        31.06594      0.67772931       1.0917449         13.284056           12.114451       4.7960384        4.7960384       52.539803              52.539803
              5       30.908433      0.67772931       1.0951937         13.287667           12.115459       4.7960384        4.7960384       52.224789              52.224789
              3       30.940407      0.67772931       1.0961787         13.285457           12.115221       4.7960384        4.7960384       52.288738              52.288738
              3       32.342002      0.67772931       1.0895125         13.287621           12.122575       4.7960384        4.7960384       55.091927              55.091927
              2       31.057214      0.66094325       1.0895125         13.287621           12.122575       4.7960384        4.7960384       52.522351              52.522351
              4       31.029135      0.66094325       1.0903172         13.287439           12.122638       4.7960384        4.7960384       52.466194              52.466194
              1       31.000575      0.66094325       1.0900881         13.288991           12.124045       4.7960384        4.7960384       52.409073              52.409073
              3       31.417445      0.66094325       1.0934347         13.290342           12.120838       4.7960384        4.7960384       53.242813              53.242813
              1       30.592009      0.66094325       1.1066525         13.292338           12.125129       4.7960384        4.7960384       51.591941              51.591941
              1       30.311026      0.66094325       1.1153982         13.308545            12.13301       4.7960384        4.7960384       51.029975              51.029975
              6       30.670072      0.66094325       1.1229886         13.309242           12.129472       4.7960384        4.7960384       51.748068              51.748068
              4       30.984925      0.66094325       1.1243323         13.311696           12.129637       4.7960384        4.7960384       52.377772              52.377772
              1       30.421876      0.66094325       1.1569906         13.317657           12.130507       4.7960384        4.7960384       51.251676              51.251676
              1       29.597206      0.66094325       1.1566024         13.316425           12.133703       4.7960384        4.7960384       49.602335              49.602335
              1       29.763672      0.66094325        1.151261         13.317026           12.133772       4.7960384        4.7960384       49.935268              49.935268
              5       29.714353      0.66094325       1.1479905         13.310073           12.130993       4.7960384        4.7960384       49.836629              49.836629
              5       30.972438       0.6494024       1.1479905         13.310073           12.130993       4.7960384        4.7960384       52.352799              52.352799
              2       30.130536       0.6494024        1.151329         13.313471           12.139203       4.7960384        4.7960384       50.668995              50.668995
              4       30.164718       0.6494024       1.1493607         13.313524           12.139381       4.7960384        4.7960384        50.73736               50.73736
              3       30.172143       0.6494024       1.1470941         13.308316           12.133704       4.7960384        4.7960384        50.75221               50.75221
              1       30.160776       0.6494024       1.1471415         13.308279           12.133785       4.7960384        4.7960384       50.729476              50.729476
              2        30.25749       0.6494024       1.1527501         13.314668             12.1359       4.7960384        4.7960384       50.922904              50.922904
              3       30.234052       0.6494024       1.1531241         13.315364           12.136418       4.7960384        4.7960384       50.876026              50.876026
              1       32.761083       0.6494024        1.146179         13.319137             12.1326       4.7960384        4.7960384       55.930089              55.930089
              1       29.529344       0.6707628        1.146179         13.319137             12.1326       4.7960384        4.7960384       49.466612              49.466612
              9       29.599034       0.6707628         1.15211         13.318651           12.135299       4.7960384        4.7960384       49.605991              49.605991
              6        29.60315       0.6707628       1.1589863         13.315851           12.133723       4.7960384        4.7960384       49.614222              49.614222
              2       29.349035       0.6707628       1.1717081         13.316464           12.132845       4.7960384        4.7960384       49.105993              49.105993
              3       29.243332      0.66852409       1.1717081         13.316464           12.132845       4.7960384        4.7960384       48.894587              48.894587
              1       29.785962      0.66852409       1.1834094         13.321647           12.138037       4.7960384        4.7960384       49.979847              49.979847
              3       30.316351      0.66852409       1.1492975         13.332226           12.146697       4.7960384        4.7960384       51.040626              51.040626
              8        29.57076      0.66852409       1.1576633         13.332951           12.143978       4.7960384        4.7960384       49.549444              49.549444
              4       29.264249      0.66852409       1.1672718         13.329613           12.137692       4.7960384        4.7960384       48.936421              48.936421
              2       29.379356      0.66852409       1.1733476         13.328232            12.13484       4.7960384        4.7960384       49.166634              49.166634
              1       28.965817      0.66852409       1.1881325         13.334705           12.139581       4.7960384        4.7960384       48.339558              48.339558
              1       28.920777      0.66965747       1.1881325         13.334705           12.139581       4.7960384        4.7960384       48.249477              48.249477
              4       28.977834      0.66965747       1.1943844         13.332564           12.140282       4.7960384        4.7960384       48.363591              48.363591
              6       29.194373      0.66965747       1.1732811         13.334319           12.142228       4.7960384        4.7960384       48.796669              48.796669
              1       29.154435      0.66965747        1.173716         13.337419           12.141848       4.7960384        4.7960384       48.716793              48.716793
              1        29.41842      0.66965747       1.1733339         13.339277           12.140826       4.7960384        4.7960384       49.244764              49.244764
              3       29.335415       0.6857079       1.1733339         13.339277           12.140826       4.7960384        4.7960384       49.078753              49.078753
              2       29.328744      0.68564022       1.1733339         13.339277           12.140826       4.7960384        4.7960384       49.065411              49.065411
              4       28.881995      0.68564022       1.1758195         13.339438           12.138027       4.7960384        4.7960384       48.171913              48.171913
              8       28.865208      0.68564022       1.1753871         13.342116           12.139053       4.7960384        4.7960384       48.138339              48.138339
              1       28.937305       0.6887034       1.1753871         13.342116           12.139053       4.7960384        4.7960384       48.282532              48.282532
              1       29.025337       0.6887034       1.1774402         13.341543           12.134395       4.7960384        4.7960384       48.458596              48.458596
              3       28.986247      0.68926987       1.1774402         13.341543           12.134395       4.7960384        4.7960384       48.380416              48.380416
              1       28.906053      0.68926987        1.184331         13.332656           12.133025       4.7960384        4.7960384        48.22003               48.22003
              5       29.252638      0.68926987       1.1926419         13.333223           12.134837       4.7960384        4.7960384       48.913198              48.913198
              1       28.709761      0.68926987       1.1862918         13.339341             12.1342       4.7960384        4.7960384       47.827446              47.827446
              2       28.811932      0.68926987        1.179198         13.337557           12.134743       4.7960384        4.7960384       48.031787              48.031787
              1        30.08518      0.68926987       1.1856406         13.334445           12.138177       4.7960384        4.7960384       50.578283              50.578283
              1       29.038616      0.68926987       1.1939956         13.336032           12.135696       4.7960384        4.7960384       48.485154              48.485154
              1       29.185651      0.68926987       1.1945306         13.338663           12.137829       4.7960384        4.7960384       48.779226              48.779226
              3       28.682559      0.68241874       1.1945306         13.338663           12.137829       4.7960384        4.7960384        47.77304               47.77304
              4       28.751454      0.68241874       1.1870121         13.341679           12.138139       4.7960384        4.7960384       47.910832              47.910832
              2       29.155053      0.68241874       1.1785833         13.341218           12.136194       4.7960384        4.7960384       48.718029              48.718029
              1       30.226625      0.68241874       1.1597469         13.340489           12.146053       4.7960384        4.7960384       50.861174              50.861174
              1       30.330896      0.68241874       1.1576656         13.337879           12.144866       4.7960384        4.7960384       51.069715              51.069715
              2       31.626485      0.68241874       1.1612114          13.33645           12.146454       4.7960384        4.7960384       53.660893              53.660893
              2         30.7592      0.64891584       1.1612114          13.33645           12.146454       4.7960384        4.7960384       51.926323              51.926323
              5       30.769035      0.64891584       1.1614761         13.335971           12.146065       4.7960384        4.7960384       51.945994              51.945994
              1       30.340316      0.64891584       1.1674135         13.333311           12.145468       4.7960384        4.7960384       51.088556              51.088556
              5       30.014246      0.64891584       1.1749405         13.332636            12.14679       4.7960384        4.7960384       50.436414              50.436414
              4       30.546306      0.64325328       1.1749405         13.332636            12.14679       4.7960384        4.7960384       51.500535              51.500535
              5       30.537236      0.64325328       1.1747553         13.332563           12.146842       4.7960384        4.7960384       51.482396              51.482396
              3       30.546947      0.64325328       1.1825372         13.326714           12.148197       4.7960384        4.7960384       51.501818              51.501818
              2       30.977773      0.64325328        1.188568         13.332386           12.152261       4.7960384        4.7960384        52.36347               52.36347
              3       30.583969      0.64325328       1.1930688         13.332312           12.150694       4.7960384        4.7960384       51.575861              51.575861
              5       30.687015      0.64325328       1.1926147         13.331793           12.150874       4.7960384        4.7960384       51.781954              51.781954
              3       31.223935      0.64325328       1.2074686         13.331944           12.151922       4.7960384        4.7960384       52.855793              52.855793
              2       31.889696      0.64325328       1.2056312         13.308875           12.124604       4.7960384        4.7960384       54.187316              54.187316
              5        29.92217      0.64325328       1.1921016         13.292789           12.128285       4.7960384        4.7960384       50.252263              50.252263
              1       29.955237      0.64325328       1.1929146         13.294098           12.129131       4.7960384        4.7960384       50.318397              50.318397
              8       30.216953      0.64325328       1.1719372          13.29587           12.131428       4.7960384        4.7960384       50.841828              50.841828
              1       30.123048      0.64325328       1.1723807         13.296164           12.131114       4.7960384        4.7960384       50.654019              50.654019
              4       31.124107      0.64325328       1.1756617         13.301448           12.137225       4.7960384        4.7960384       52.656137              52.656137
              1       30.623973      0.64325328       1.1886787         13.300826           12.135124       4.7960384        4.7960384       51.655869              51.655869
              3       30.210552      0.64325328       1.1863824         13.302181             12.1346       4.7960384        4.7960384       50.829027              50.829027
              1       29.985958      0.64325328       1.2096439         13.310118           12.129649       4.7960384        4.7960384       50.379839              50.379839
              1       29.050554      0.65254465       1.2096439         13.310118           12.129649       4.7960384        4.7960384       48.509032              48.509032
              2       29.132257      0.65254465         1.23777          13.30674           12.122635       4.7960384        4.7960384       48.672437              48.672437
              1       29.655689      0.65254465       1.2497499         13.320652           12.127946       4.7960384        4.7960384       49.719301              49.719301
              1       29.771797      0.65254465       1.2175153         13.314481           12.127334       4.7960384        4.7960384       49.951517              49.951517
              2       29.024635      0.65254465       1.2188549         13.312224           12.132454       4.7960384        4.7960384       48.457194              48.457194
              1       29.101246      0.65254465       1.2128493           13.3197           12.136143       4.7960384        4.7960384       48.610415              48.610415
              6       29.440389      0.64700725       1.2128493           13.3197           12.136143       4.7960384        4.7960384       49.288702              49.288702
              1       29.516343      0.64700725        1.216514         13.289709           12.116499       4.7960384        4.7960384       49.440608              49.440608
              8       29.203544      0.64700725         1.20636         13.287284           12.119728       4.7960384        4.7960384       48.815011              48.815011
              1       29.255837      0.64700725       1.2042231          13.28407           12.118643       4.7960384        4.7960384       48.919597              48.919597
              1       29.262054      0.64700725       1.2040576         13.283995           12.118681       4.7960384        4.7960384       48.932031              48.932031
              6        29.65628      0.64700725       1.1925201         13.295083           12.127746       4.7960384        4.7960384       49.720483              49.720483
              1       29.547518      0.64700725       1.1865866         13.296755           12.127642       4.7960384        4.7960384       49.502958              49.502958
              5         29.5874      0.64700725       1.1801807         13.293296           12.125193       4.7960384        4.7960384       49.582724              49.582724
              5       30.116311      0.64700725       1.1844048         13.288362           12.125998       4.7960384        4.7960384       50.640544              50.640544
              3       29.997815      0.64481923       1.1844048         13.288362           12.125998       4.7960384        4.7960384       50.403553              50.403553
              5       31.214215      0.64481923       1.2071538         13.299365           12.119523       4.7960384        4.7960384       52.836354              52.836354
              2       31.331679      0.64481923       1.2113492         13.279638           12.107574       4.7960384        4.7960384       53.071282              53.071282
              2       33.501888      0.63611178       1.2113492         13.279638           12.107574       4.7960384        4.7960384       57.411699              57.411699
              1       29.554434      0.63611178       1.2372114          13.27324           12.109861       4.7960384        4.7960384        49.51679               49.51679
