#        weight    minuslogpost          sigma8        ygk_Ahmc ygk_LOWZ__4_lM1_0 ygk_LOWZ__4_lMmin_0   minuslogprior minuslogprior__0            chi2 chi2__ygk_like.ygkLike
              3       187.09274      0.71599225      0.98122512          13.31186           12.182408       4.7960384        4.7960384        364.5934               364.5934
              2       127.47374      0.69008161      0.98122512          13.31186           12.182408       4.7960384        4.7960384       245.35541              245.35541
              2       110.27078      0.69008161       1.0126334          13.31631            12.17865       4.7960384        4.7960384       210.94949              210.94949
              2        75.45802      0.69008161       1.0060579         13.322068           12.171729       4.7960384        4.7960384       141.32396              141.32396
              5       48.342836      0.69008161       1.0078724         13.326784           12.161654       4.7960384        4.7960384       87.093596              87.093596
              1       44.841264      0.69008161      0.98813129          13.33266           12.163933       4.7960384        4.7960384       80.090451              80.090451
              1       45.260786      0.69008161      0.98796631         13.332448           12.164123       4.7960384        4.7960384       80.929496              80.929496
              4       42.393177      0.69008161      0.98620732         13.333015           12.162312       4.7960384        4.7960384       75.194277              75.194277
              2       34.550022      0.64547257      0.98620732         13.333015           12.162312       4.7960384        4.7960384       59.507966              59.507966
              3       33.822946      0.64547257       1.0096641         13.328127           12.159695       4.7960384        4.7960384       58.053814              58.053814
              2       33.565443      0.64547257       1.0171713         13.328764           12.158806       4.7960384        4.7960384        57.53881               57.53881
              2       33.600545      0.64547257       1.0173595         13.329176           12.159498       4.7960384        4.7960384       57.609014              57.609014
              4       33.849056      0.64547257       1.0184417         13.331573           12.162398       4.7960384        4.7960384       58.106036              58.106036
              1       34.103335      0.63908005       1.0184417         13.331573           12.162398       4.7960384        4.7960384       58.614594              58.614594
              1       34.227987      0.63908005       1.0190887         13.338472           12.165311       4.7960384        4.7960384       58.863897              58.863897
              1       33.481771      0.63908005       1.0476127          13.33886           12.162809       4.7960384        4.7960384       57.371465              57.371465
              1       34.100874      0.63908005       1.0482923         13.343301           12.161685       4.7960384        4.7960384       58.609671              58.609671
              5       33.215425      0.64503013       1.0482923         13.343301           12.161685       4.7960384        4.7960384       56.838773              56.838773
              1       32.850569      0.64503013       1.0545732         13.330087           12.158715       4.7960384        4.7960384       56.109062              56.109062
              1       32.211138      0.64503013        1.118963         13.337409            12.16018       4.7960384        4.7960384       54.830199              54.830199
              1        33.71652      0.64503013       1.1055618         13.337796           12.164175       4.7960384        4.7960384       57.840963              57.840963
              3       31.794975      0.64503013       1.0976566         13.338391           12.157487       4.7960384        4.7960384       53.997874              53.997874
              4       32.811512      0.64503013       1.1141424         13.336658           12.161459       4.7960384        4.7960384       56.030947              56.030947
              2       31.744535      0.64503013       1.1072923         13.341009           12.156515       4.7960384        4.7960384       53.896992              53.896992
              1       32.148236      0.64503013       1.0947929         13.342562           12.162211       4.7960384        4.7960384       54.704396              54.704396
              1       32.180681      0.64503013       1.1123983         13.356232           12.168141       4.7960384        4.7960384       54.769285              54.769285
              3       32.405185      0.64503013        1.108546          13.36214           12.168155       4.7960384        4.7960384       55.218294              55.218294
              3       31.759976      0.66762264        1.108546          13.36214           12.168155       4.7960384        4.7960384       53.927876              53.927876
              1       31.008677      0.66762264       1.0959428         13.365067            12.16614       4.7960384        4.7960384       52.425278              52.425278
              2       31.045769      0.66762264       1.1010187         13.372235           12.168613       4.7960384        4.7960384        52.49946               52.49946
              1       31.081158      0.66762264        1.100257         13.372884           12.168842       4.7960384        4.7960384       52.570239              52.570239
              1       32.342299      0.65671624        1.100257         13.372884           12.168842       4.7960384        4.7960384       55.092522              55.092522
              5       32.172527      0.65671624       1.1048341         13.371853           12.175575       4.7960384        4.7960384       54.752977              54.752977
              1       31.889387      0.65671624       1.1173961         13.376533           12.176218       4.7960384        4.7960384       54.186697              54.186697
              1       32.000248      0.66504508       1.1173961         13.376533           12.176218       4.7960384        4.7960384        54.40842               54.40842
              3       30.379419      0.66504508       1.1416846         13.362052           12.162994       4.7960384        4.7960384       51.166761              51.166761
              4       30.501309      0.66504508       1.1456663         13.362117           12.163728       4.7960384        4.7960384       51.410541              51.410541
              4       30.648209      0.66504508       1.1317578         13.363173           12.159466       4.7960384        4.7960384       51.704341              51.704341
              1       30.874013      0.66504508       1.1222818         13.374568           12.169263       4.7960384        4.7960384       52.155948              52.155948
              1       30.931584      0.66421831       1.1222818         13.374568           12.169263       4.7960384        4.7960384       52.271091              52.271091
              1       31.427803      0.66421831       1.0913265         13.369427           12.167757       4.7960384        4.7960384        53.26353               53.26353
              2       32.219494      0.65768253       1.0913265         13.369427           12.167757       4.7960384        4.7960384       54.846911              54.846911
              1       32.640899      0.65768253       1.0853358         13.373962           12.170153       4.7960384        4.7960384        55.68972               55.68972
              1       33.309145      0.65768253       1.1093765         13.376382           12.180602       4.7960384        4.7960384       57.026212              57.026212
              1       32.732029      0.65768253       1.1267598         13.388852           12.174244       4.7960384        4.7960384       55.871981              55.871981
              1       32.520583      0.65768253       1.1429294         13.387481           12.182606       4.7960384        4.7960384        55.44909               55.44909
              3        31.32347      0.65768253       1.1569993         13.378345           12.174306       4.7960384        4.7960384       53.054864              53.054864
              2       31.049156      0.65768253       1.1564571         13.377603           12.172328       4.7960384        4.7960384       52.506234              52.506234
              2       31.774252      0.65768253       1.1194246         13.375856           12.175522       4.7960384        4.7960384       53.956427              53.956427
              1       31.859781      0.65768253       1.1051432         13.371397           12.168518       4.7960384        4.7960384       54.127485              54.127485
              3       31.880011      0.65768253       1.0994144         13.372731           12.170588       4.7960384        4.7960384       54.167945              54.167945
              1       31.471603      0.65768253        1.113926         13.353794           12.156729       4.7960384        4.7960384        53.35113               53.35113
              2       31.616399      0.65768253       1.0976164         13.350706           12.156679       4.7960384        4.7960384       53.640721              53.640721
              8        31.48821      0.65768253       1.0983207         13.351254           12.157515       4.7960384        4.7960384       53.384342              53.384342
              6       31.274706      0.65768253       1.1026482          13.35328           12.159367       4.7960384        4.7960384       52.957335              52.957335
              4       31.029619      0.67596212       1.1026482          13.35328           12.159367       4.7960384        4.7960384       52.467161              52.467161
              1       32.226584      0.67596212       1.0973957         13.350589            12.16094       4.7960384        4.7960384       54.861091              54.861091
              1       32.103716      0.67596212       1.1081753         13.342141           12.155485       4.7960384        4.7960384       54.615356              54.615356
              2       30.717975      0.67596212       1.1127338         13.344357           12.153265       4.7960384        4.7960384       51.843873              51.843873
              1       34.081305      0.63983921       1.1127338         13.344357           12.153265       4.7960384        4.7960384       58.570532              58.570532
              1       33.887952      0.63983921       1.1146947         13.342137           12.152057       4.7960384        4.7960384       58.183828              58.183828
              2       32.047826      0.63983921       1.1124565         13.337278           12.159149       4.7960384        4.7960384       54.503576              54.503576
              2       32.148707      0.63983921       1.1077811          13.33941           12.160241       4.7960384        4.7960384       54.705337              54.705337
              2       32.246242      0.63983921       1.0813109         13.320206           12.151639       4.7960384        4.7960384       54.900407              54.900407
              5       31.610632      0.63983921       1.1024853         13.315676           12.145463       4.7960384        4.7960384       53.629188              53.629188
              1       31.529391      0.63983921        1.113251         13.315508           12.147027       4.7960384        4.7960384       53.466706              53.466706
              3       31.174848      0.63983921       1.1369663         13.324265           12.149466       4.7960384        4.7960384       52.757618              52.757618
              1       31.393309      0.63983921       1.1303321         13.328718           12.149605       4.7960384        4.7960384        53.19454               53.19454
              4       31.305702      0.63983921       1.1382476         13.325539           12.151015       4.7960384        4.7960384       53.019328              53.019328
              1       31.267112       0.6413823       1.1382476         13.325539           12.151015       4.7960384        4.7960384       52.942147              52.942147
              2       31.864232       0.6413823       1.1329455         13.326794           12.153942       4.7960384        4.7960384       54.136387              54.136387
              1       31.257618       0.6413823       1.1485146          13.34092           12.154934       4.7960384        4.7960384       52.923159              52.923159
              2       31.523704       0.6413823       1.1484825         13.343355           12.154689       4.7960384        4.7960384        53.45533               53.45533
              1       34.128503      0.62741082       1.1484825         13.343355           12.154689       4.7960384        4.7960384       58.664928              58.664928
              8       33.258378      0.62741082       1.1293113         13.343985           12.161564       4.7960384        4.7960384        56.92468               56.92468
              1       33.212408      0.62741082       1.1312198         13.343879           12.161461       4.7960384        4.7960384       56.832739              56.832739
              1       33.172716      0.62741082        1.147013         13.343569           12.163978       4.7960384        4.7960384       56.753355              56.753355
              7       33.997969      0.62741082       1.1468915         13.335263           12.163147       4.7960384        4.7960384        58.40386               58.40386
              1       33.442502      0.62741082       1.1541585         13.351004           12.161571       4.7960384        4.7960384       57.292926              57.292926
              2       31.054916      0.65411736       1.1541585         13.351004           12.161571       4.7960384        4.7960384       52.517755              52.517755
              3       30.964911      0.65411736        1.159446         13.350318           12.160812       4.7960384        4.7960384       52.337745              52.337745
              1       32.001735      0.65411736       1.1484717          13.37237           12.164592       4.7960384        4.7960384       54.411393              54.411393
              3       30.559224      0.66398748       1.1484717          13.37237           12.164592       4.7960384        4.7960384       51.526371              51.526371
              3       30.411764      0.66398748       1.1473728         13.364971           12.160176       4.7960384        4.7960384       51.231451              51.231451
              1       30.424673      0.66398748       1.1460781         13.364588           12.160042       4.7960384        4.7960384       51.257268              51.257268
              5        30.38494      0.66398748       1.1443891         13.364625           12.164034       4.7960384        4.7960384       51.177804              51.177804
              1       32.855138      0.66398748       1.1595238         13.373466           12.174839       4.7960384        4.7960384         56.1182                56.1182
              2       30.934478      0.66398748       1.1758285         13.395454            12.17687       4.7960384        4.7960384       52.276878              52.276878
              1       31.130488      0.66398748       1.1744318         13.395856           12.175325       4.7960384        4.7960384         52.6689                52.6689
              1        31.29533      0.66398748       1.1587603         13.398373           12.179519       4.7960384        4.7960384       52.998583              52.998583
              1       31.365461      0.66398748       1.1719747         13.401312           12.178891       4.7960384        4.7960384       53.138844              53.138844
              4       30.770702      0.66992552       1.1719747         13.401312           12.178891       4.7960384        4.7960384       51.949328              51.949328
              1       30.685997      0.66992552       1.1798746         13.401495           12.178171       4.7960384        4.7960384       51.779918              51.779918
              7       31.435821      0.66302373       1.1798746         13.401495           12.178171       4.7960384        4.7960384       53.279566              53.279566
              2       33.243815      0.66302373       1.1768296         13.397244           12.170234       4.7960384        4.7960384       56.895554              56.895554
              2       29.755214      0.68463629       1.1768296         13.397244           12.170234       4.7960384        4.7960384       49.918352              49.918352
              1       30.028421      0.68463629       1.1823693         13.396858           12.173773       4.7960384        4.7960384       50.464766              50.464766
              3       29.694966      0.68463629       1.1911354         13.391879           12.169799       4.7960384        4.7960384       49.797854              49.797854
              2       30.343646      0.68463629       1.1972865          13.38742           12.169632       4.7960384        4.7960384       51.095216              51.095216
              3       29.809524      0.67543609       1.1972865          13.38742           12.169632       4.7960384        4.7960384        50.02697               50.02697
              1       29.808354      0.67492576       1.1972865          13.38742           12.169632       4.7960384        4.7960384       50.024632              50.024632
              1       29.499031      0.67492576       1.1651962         13.365185           12.158119       4.7960384        4.7960384       49.405985              49.405985
              1       29.281376      0.67492576       1.1964886         13.366612           12.157933       4.7960384        4.7960384       48.970675              48.970675
              2       30.100774      0.66049338       1.1964886         13.366612           12.157933       4.7960384        4.7960384       50.609471              50.609471
              2       30.165562      0.66049338       1.1969499         13.363767           12.155517       4.7960384        4.7960384       50.739047              50.739047
              4       29.888094      0.66049338       1.2005183         13.362784           12.155764       4.7960384        4.7960384       50.184112              50.184112
              3       30.400379      0.66049338       1.2015952         13.369384           12.157862       4.7960384        4.7960384       51.208682              51.208682
              1       29.451992      0.68350518       1.2015952         13.369384           12.157862       4.7960384        4.7960384       49.311908              49.311908
              5       29.272297      0.68350518       1.1989385          13.37243           12.158799       4.7960384        4.7960384       48.952516              48.952516
              1       29.620282      0.68350518       1.1842423         13.369608           12.150702       4.7960384        4.7960384       49.648488              49.648488
              2       28.649422      0.68350518       1.2153778         13.354886           12.141705       4.7960384        4.7960384       47.706766              47.706766
              2       28.663208      0.68350518       1.2141734          13.35473           12.141686       4.7960384        4.7960384       47.734339              47.734339
              2       28.466245      0.68350518       1.2174447         13.348771            12.13887       4.7960384        4.7960384       47.340412              47.340412
              1       30.197555      0.68350518       1.2002628         13.356668           12.139282       4.7960384        4.7960384       50.803033              50.803033
              2       29.395731      0.68350518       1.1929337         13.352189           12.148712       4.7960384        4.7960384       49.199384              49.199384
              1       29.193804      0.68350518       1.1926354         13.352711           12.148291       4.7960384        4.7960384       48.795532              48.795532
              3       28.813729      0.68350518       1.1848296         13.347394           12.143081       4.7960384        4.7960384       48.035381              48.035381
              2       28.705962      0.68350518       1.2041422         13.346866           12.142447       4.7960384        4.7960384       47.819846              47.819846
              3        28.74061      0.68350518       1.2036396         13.347474           12.138113       4.7960384        4.7960384       47.889143              47.889143
              4       28.796307      0.68350518       1.2380196         13.333549           12.134163       4.7960384        4.7960384       48.000537              48.000537
              2       27.990467      0.68350518       1.2647342         13.331221           12.127744       4.7960384        4.7960384       46.388857              46.388857
              1       28.249197      0.68350518       1.2674248         13.332494           12.130081       4.7960384        4.7960384       46.906317              46.906317
              1       28.321205      0.68350518       1.2663001         13.331447           12.129839       4.7960384        4.7960384       47.050332              47.050332
              8       28.610739      0.68350518       1.2716562         13.330022           12.129779       4.7960384        4.7960384       47.629402              47.629402
              5       28.531397      0.68350518       1.2411626         13.345231           12.132951       4.7960384        4.7960384       47.470718              47.470718
              2       28.317739      0.68350518       1.2432707         13.351328           12.137756       4.7960384        4.7960384       47.043401              47.043401
              2       28.084083      0.68350518       1.2587935         13.350028           12.138729       4.7960384        4.7960384       46.576088              46.576088
              2       28.346649      0.68350518       1.2608649         13.355965           12.138399       4.7960384        4.7960384        47.10122               47.10122
              6       28.089254      0.68350518       1.2597534          13.35357           12.139531       4.7960384        4.7960384       46.586432              46.586432
              1       28.517273      0.68350518        1.274954         13.349629           12.140487       4.7960384        4.7960384       47.442469              47.442469
              3       28.390765      0.68350518       1.3035206         13.379725           12.150997       4.7960384        4.7960384       47.189454              47.189454
              6        28.30091      0.68350518       1.2974721         13.375957           12.149669       4.7960384        4.7960384       47.009742              47.009742
              6       28.892441      0.68350518       1.3171652         13.376204           12.152951       4.7960384        4.7960384       48.192805              48.192805
              3       28.735393      0.67140866       1.3171652         13.376204           12.152951       4.7960384        4.7960384       47.878708              47.878708
              3       29.926366      0.67140866       1.3086964         13.382279           12.162584       4.7960384        4.7960384       50.260655              50.260655
              1        30.32322      0.67140866       1.3054432         13.384719           12.164993       4.7960384        4.7960384       51.054363              51.054363
              1        30.43764      0.67263528       1.3054432         13.384719           12.164993       4.7960384        4.7960384       51.283202              51.283202
              1       30.271408      0.67263528       1.2932583         13.389413           12.156123       4.7960384        4.7960384       50.950739              50.950739
              1        28.94633      0.67263528       1.2715505         13.379827           12.158505       4.7960384        4.7960384       48.300584              48.300584
              2       30.865035      0.67263528       1.2523563          13.37458           12.148789       4.7960384        4.7960384       52.137994              52.137994
              2       28.366923      0.67263528       1.2756885         13.359135           12.145605       4.7960384        4.7960384       47.141769              47.141769
              6       28.802397      0.67263528       1.2637789         13.369026           12.154673       4.7960384        4.7960384       48.012717              48.012717
              1       29.505079      0.67263528       1.2784054         13.370206            12.15737       4.7960384        4.7960384        49.41808               49.41808
              2       31.124746      0.64501903       1.2784054         13.370206            12.15737       4.7960384        4.7960384       52.657415              52.657415
              1       30.555293      0.64501903       1.2648372         13.366033           12.159814       4.7960384        4.7960384       51.518509              51.518509
              1       30.699092       0.6437052       1.2648372         13.366033           12.159814       4.7960384        4.7960384       51.806107              51.806107
              2       30.841187       0.6437052       1.2634801          13.36861            12.16233       4.7960384        4.7960384       52.090296              52.090296
              2       31.787661       0.6437052        1.244067          13.36328           12.165922       4.7960384        4.7960384       53.983246              53.983246
              2       32.150663      0.65222904        1.244067          13.36328           12.165922       4.7960384        4.7960384        54.70925               54.70925
              3       32.193294      0.65222904        1.229285         13.369908           12.170088       4.7960384        4.7960384       54.794511              54.794511
              2       32.247839      0.65302836        1.229285         13.369908           12.170088       4.7960384        4.7960384       54.903601              54.903601
              3       31.136694      0.65302836        1.246112         13.365869           12.164827       4.7960384        4.7960384       52.681311              52.681311
