#        weight    minuslogpost          sigma8        ygk_Ahmc ygk_LOWZ__4_lM1_0 ygk_LOWZ__4_lMmin_0   minuslogprior minuslogprior__0            chi2 chi2__ygk_like.ygkLike
              1       62.923095      0.96549042       1.1045289         13.411816           12.010469       4.7960384        4.7960384       116.25411              116.25411
              2       63.076324      0.96549042       1.1198743         13.412253           12.012579       4.7960384        4.7960384       116.56057              116.56057
              1       63.119805      0.96560607       1.1198743         13.412253           12.012579       4.7960384        4.7960384       116.64753              116.64753
              3       63.031961      0.96560607       1.1223113         13.411725           12.010561       4.7960384        4.7960384       116.47185              116.47185
              1       63.132131      0.96560607       1.1250127         13.413425            12.01064       4.7960384        4.7960384       116.67219              116.67219
              4       63.529265      0.96560607        1.146943         13.404858           12.007445       4.7960384        4.7960384       117.46645              117.46645
              3       63.265904      0.96560607       1.1498681         13.402373           12.004491       4.7960384        4.7960384       116.93973              116.93973
              1        62.63521      0.96560607       1.1433183         13.397514             11.9985       4.7960384        4.7960384       115.67834              115.67834
              1       63.530875      0.96795564       1.1433183         13.397514             11.9985       4.7960384        4.7960384       117.46967              117.46967
              4       64.641051      0.96795564        1.154028          13.39349           11.998836       4.7960384        4.7960384       119.69003              119.69003
              4       63.947909      0.96795564       1.1499237         13.388747           11.994269       4.7960384        4.7960384       118.30374              118.30374
              1       65.438497      0.96795564       1.1633669         13.380614           11.990777       4.7960384        4.7960384       121.28492              121.28492
              3       60.605383      0.95943693       1.1633669         13.380614           11.990777       4.7960384        4.7960384       111.61869              111.61869
              1        60.64828      0.95943693       1.1628563         13.374968           11.987738       4.7960384        4.7960384       111.70448              111.70448
              6       60.117809      0.95943693       1.1486853         13.376498           11.985491       4.7960384        4.7960384       110.64354              110.64354
              1       61.136379      0.95943693        1.158785         13.375465           11.990303       4.7960384        4.7960384       112.68068              112.68068
              1       61.386498      0.95943693       1.1716123         13.362636           11.980817       4.7960384        4.7960384       113.18092              113.18092
              2       60.585165      0.95943693       1.1861504          13.37064           11.974907       4.7960384        4.7960384       111.57825              111.57825
              2       61.361045      0.95943693       1.1998493         13.375345           11.985998       4.7960384        4.7960384       113.13001              113.13001
              1       61.145644      0.95943693       1.2035453         13.381912           11.982071       4.7960384        4.7960384       112.69921              112.69921
              4       60.810107      0.95943693       1.1855277         13.377675           11.980293       4.7960384        4.7960384       112.02814              112.02814
              2       60.861521      0.95943693       1.1891136         13.377858           11.986918       4.7960384        4.7960384       112.13096              112.13096
              5       60.371204      0.93573517       1.1891136         13.377858           11.986918       4.7960384        4.7960384       111.15033              111.15033
              1       55.139773      0.93573517       1.1755686         13.365338           12.000496       4.7960384        4.7960384       100.68747              100.68747
              2       54.031339      0.93573517       1.1735009         13.368339           11.994911       4.7960384        4.7960384         98.4706                98.4706
              1       53.765878      0.93573517       1.1726883         13.355351           11.988006       4.7960384        4.7960384       97.939679              97.939679
              4       53.706054      0.93573517       1.1603604         13.355029           11.988974       4.7960384        4.7960384        97.82003               97.82003
              5       53.697474      0.93573517        1.156617          13.35693           11.990405       4.7960384        4.7960384       97.802872              97.802872
              5       56.045325      0.93573517       1.1556675          13.35041           11.993753       4.7960384        4.7960384       102.49857              102.49857
              7       54.895761      0.93573517       1.1373506         13.360074           11.999907       4.7960384        4.7960384       100.19945              100.19945
              2       55.091338      0.93573517       1.1323238         13.362895           12.002865       4.7960384        4.7960384        100.5906               100.5906
              5       51.464492      0.92554528       1.1323238         13.362895           12.002865       4.7960384        4.7960384       93.336907              93.336907
              2       51.570555      0.92554528       1.1074312         13.364038           12.008773       4.7960384        4.7960384       93.549033              93.549033
              5       52.318909      0.92554528       1.1079612         13.365387           12.013124       4.7960384        4.7960384       95.045741              95.045741
              2       51.546034      0.92554528       1.1146041         13.350061           11.998773       4.7960384        4.7960384       93.499991              93.499991
              3       51.476851      0.92554528       1.1169529         13.349543            11.99781       4.7960384        4.7960384       93.361624              93.361624
              1       51.460546      0.92554528       1.1243975         13.357212           11.998221       4.7960384        4.7960384       93.329015              93.329015
              1       51.311392      0.92554528       1.1261228         13.352505           11.997202       4.7960384        4.7960384       93.030708              93.030708
              6       51.387402      0.92554528       1.1490134         13.354622            11.99711       4.7960384        4.7960384       93.182727              93.182727
              2       51.471687      0.92554528       1.1217337         13.341867           11.985662       4.7960384        4.7960384       93.351298              93.351298
              3       51.458611      0.92554528       1.1668984         13.353211           11.992064       4.7960384        4.7960384       93.325146              93.325146
              2       51.695815      0.92554528       1.1621259          13.34321           11.990348       4.7960384        4.7960384       93.799554              93.799554
              1       49.706137      0.91370758       1.1621259          13.34321           11.990348       4.7960384        4.7960384       89.820198              89.820198
              1       48.939249      0.91370758       1.1266457         13.345554           12.001354       4.7960384        4.7960384       88.286421              88.286421
              3       48.942313      0.91370758       1.1550563         13.348042           12.000446       4.7960384        4.7960384        88.29255               88.29255
              4       48.977444      0.91370758       1.1553357         13.347313           12.000633       4.7960384        4.7960384       88.362811              88.362811
              3       49.027516      0.91370758       1.1649204         13.346236             11.9995       4.7960384        4.7960384       88.462956              88.462956
              6       48.982547      0.91370758       1.1930941         13.339896           11.990183       4.7960384        4.7960384       88.373018              88.373018
              2       48.981164      0.91370758        1.198201         13.336284           11.987806       4.7960384        4.7960384       88.370251              88.370251
              3       49.001305      0.91370758       1.1984186          13.33609           11.988216       4.7960384        4.7960384       88.410533              88.410533
              4       48.996309      0.91370758       1.2015947         13.336607           11.987663       4.7960384        4.7960384       88.400541              88.400541
              5       49.370312      0.91531679       1.2015947         13.336607           11.987663       4.7960384        4.7960384       89.148546              89.148546
              2       49.545734      0.91531679       1.2010971          13.33332           11.986771       4.7960384        4.7960384       89.499392              89.499392
              1       50.063598      0.91531679       1.2037002          13.32974           11.986075       4.7960384        4.7960384       90.535119              90.535119
              4       49.721386      0.91531679       1.2000807         13.330685           11.977823       4.7960384        4.7960384       89.850696              89.850696
              3        49.54293      0.91531679       1.2014987         13.330788           11.978717       4.7960384        4.7960384       89.493782              89.493782
              2       51.321236      0.91531679       1.2131245          13.31911           11.980441       4.7960384        4.7960384       93.050394              93.050394
              1       50.629605      0.91531679       1.2197051         13.320585           11.979338       4.7960384        4.7960384       91.667133              91.667133
              1       48.987867      0.91145976       1.2197051         13.320585           11.979338       4.7960384        4.7960384       88.383658              88.383658
              1       48.890402      0.91145976       1.2302389         13.315755           11.968286       4.7960384        4.7960384       88.188727              88.188727
              4       49.033875      0.91145976       1.2419981         13.313788           11.971947       4.7960384        4.7960384       88.475674              88.475674
              1        48.95454      0.91145976       1.2488394         13.293879           11.955237       4.7960384        4.7960384       88.317002              88.317002
              1       48.849893      0.91145976       1.2477086         13.294304           11.954615       4.7960384        4.7960384        88.10771               88.10771
              1       48.683604      0.89991518       1.2477086         13.294304           11.954615       4.7960384        4.7960384       87.775131              87.775131
              1       47.197972      0.89991518       1.2612401         13.290754           11.962023       4.7960384        4.7960384       84.803868              84.803868
              3        47.55795      0.89991518         1.25623         13.291256           11.964551       4.7960384        4.7960384       85.523822              85.523822
              2       46.702314      0.89991518       1.2410204         13.315861           11.980713       4.7960384        4.7960384       83.812551              83.812551
              3       46.724461      0.89991518       1.2403047         13.315625           11.980903       4.7960384        4.7960384       83.856845              83.856845
              2       46.809963      0.89991518       1.2325254         13.320621           11.980972       4.7960384        4.7960384       84.027849              84.027849
              2       47.213832      0.89991518       1.2304288         13.319837           11.978589       4.7960384        4.7960384       84.835588              84.835588
              2       48.088622      0.89991518       1.1987527         13.319727           11.978304       4.7960384        4.7960384       86.585168              86.585168
              1       46.635815      0.89991518       1.1986531         13.313689           11.983407       4.7960384        4.7960384       83.679553              83.679553
              4       47.619573      0.89991518       1.2073379         13.317637           11.989736       4.7960384        4.7960384       85.647068              85.647068
              2       46.613178      0.89991518       1.2053276         13.304295           11.974679       4.7960384        4.7960384        83.63428               83.63428
              1       46.130304      0.89642609       1.2053276         13.304295           11.974679       4.7960384        4.7960384       82.668531              82.668531
              2        46.21669      0.89642609       1.2565649         13.304523           11.972766       4.7960384        4.7960384       82.841303              82.841303
              1       46.188721      0.89642609        1.223486         13.308851            11.97613       4.7960384        4.7960384       82.785366              82.785366
              3        46.06677      0.89642609       1.2206273         13.304271           11.974993       4.7960384        4.7960384       82.541463              82.541463
              5        46.61075      0.89642609       1.2146708         13.309737           11.975206       4.7960384        4.7960384       83.629423              83.629423
              1       46.485398      0.89642609       1.2178259         13.308806           11.974825       4.7960384        4.7960384       83.378719              83.378719
              2       46.418118      0.89642609       1.2180005         13.308827           11.975134       4.7960384        4.7960384       83.244159              83.244159
              1        46.34308      0.89642609       1.2163234         13.307504           11.974692       4.7960384        4.7960384       83.094082              83.094082
              1       47.201682      0.88904873       1.2163234         13.307504           11.974692       4.7960384        4.7960384       84.811287              84.811287
              6       47.976316      0.88904873       1.2309907         13.304459           11.969891       4.7960384        4.7960384       86.360556              86.360556
              2       46.795079      0.90019375       1.2309907         13.304459           11.969891       4.7960384        4.7960384       83.998081              83.998081
              5        46.81012      0.90019375       1.2352078         13.301519           11.967609       4.7960384        4.7960384       84.028163              84.028163
              1       46.789826      0.90019375       1.2355073         13.301468           11.967857       4.7960384        4.7960384       83.987575              83.987575
              4       46.672839      0.90019375       1.2211344         13.305852           11.973095       4.7960384        4.7960384       83.753601              83.753601
              8       46.686821      0.90019375       1.2111849         13.301405           11.970229       4.7960384        4.7960384       83.781566              83.781566
              5       46.722545      0.90019375       1.2324114         13.304826           11.971393       4.7960384        4.7960384       83.853014              83.853014
              2       46.973199      0.90019375       1.2311424         13.307535           11.970721       4.7960384        4.7960384       84.354321              84.354321
              1       47.603746      0.90019375       1.2328989         13.302787           11.975616       4.7960384        4.7960384       85.615415              85.615415
              1       47.686721      0.90019375        1.228884         13.304158           11.977306       4.7960384        4.7960384       85.781364              85.781364
              1       47.349609        0.899389        1.228884         13.304158           11.977306       4.7960384        4.7960384       85.107142              85.107142
              1       46.792151        0.899389       1.1945759         13.290991            11.96761       4.7960384        4.7960384       83.992225              83.992225
              2       46.690495        0.899389       1.1890278          13.29137           11.967581       4.7960384        4.7960384       83.788914              83.788914
              1       46.719102        0.899389       1.1891008         13.291678           11.968108       4.7960384        4.7960384       83.846127              83.846127
              1       47.054423        0.899389       1.1904341         13.296348           11.965331       4.7960384        4.7960384       84.516768              84.516768
              6       49.780803      0.91229375       1.1904341         13.296348           11.965331       4.7960384        4.7960384       89.969528              89.969528
              3        49.88995      0.91229375       1.1790432         13.316374           11.968498       4.7960384        4.7960384       90.187823              90.187823
              5        48.75931      0.91229375       1.2102151         13.320316           11.976892       4.7960384        4.7960384       87.926544              87.926544
              2       48.772336      0.91229375       1.2080048         13.321487           11.978225       4.7960384        4.7960384       87.952595              87.952595
              1       48.761909      0.91229375       1.2076676         13.321496           11.978155       4.7960384        4.7960384       87.931742              87.931742
              7       48.711387      0.91229375       1.2089413         13.320967           11.976564       4.7960384        4.7960384       87.830697              87.830697
              1       48.739078      0.91229375       1.2135263         13.321311           11.976657       4.7960384        4.7960384       87.886079              87.886079
              3        49.41528      0.91229375        1.208363         13.336763             11.9832       4.7960384        4.7960384       89.238484              89.238484
              1       50.135007      0.91229375       1.2156135         13.342948           11.985192       4.7960384        4.7960384       90.677938              90.677938
              3       48.877366      0.91229375       1.2012087         13.344755           11.992689       4.7960384        4.7960384       88.162655              88.162655
              5       48.944266      0.91229375       1.1894894         13.337334           11.993138       4.7960384        4.7960384       88.296455              88.296455
              1       49.615903      0.91229375       1.1900315         13.335949           11.994733       4.7960384        4.7960384       89.639729              89.639729
              1       50.354915      0.91229375       1.2025535         13.348947           12.004957       4.7960384        4.7960384       91.117753              91.117753
              1       50.428078      0.91229375       1.1785072         13.351433           12.009159       4.7960384        4.7960384       91.264079              91.264079
              1       50.358699      0.91229375       1.1786299         13.351622           12.009128       4.7960384        4.7960384       91.125322              91.125322
              4       46.476978      0.89609694       1.1786299         13.351622           12.009128       4.7960384        4.7960384        83.36188               83.36188
              4        46.49702      0.89609694       1.1792295         13.351611           12.008999       4.7960384        4.7960384       83.401963              83.401963
              1       46.532755      0.89609694       1.1785391         13.351758           12.009037       4.7960384        4.7960384       83.473432              83.473432
              1       45.987426      0.89609694       1.1808563         13.352406           12.016959       4.7960384        4.7960384       82.382776              82.382776
              2       45.227027      0.89270406       1.1808563         13.352406           12.016959       4.7960384        4.7960384       80.861978              80.861978
              9       45.303702      0.89270406       1.1825827         13.352073           12.014969       4.7960384        4.7960384       81.015327              81.015327
              1       47.007569      0.89270406        1.185778         13.343605            12.01792       4.7960384        4.7960384       84.423062              84.423062
              3       46.077367      0.89270406       1.1821949          13.34218           12.014802       4.7960384        4.7960384       82.562658              82.562658
              1       44.435022      0.87424634       1.1821949          13.34218           12.014802       4.7960384        4.7960384       79.277967              79.277967
              5       42.707791      0.87424634       1.2412375         13.346871           12.018539       4.7960384        4.7960384       75.823504              75.823504
              2       43.443704      0.87424634       1.2304931         13.345363           12.015477       4.7960384        4.7960384       77.295331              77.295331
              1       42.833177      0.87424634       1.2363813         13.339594           12.013153       4.7960384        4.7960384       76.074277              76.074277
              1       42.454046      0.87424634       1.2347187         13.338331           12.015233       4.7960384        4.7960384       75.316016              75.316016
              2       43.681256      0.86149269       1.2347187         13.338331           12.015233       4.7960384        4.7960384       77.770435              77.770435
              8       43.127812      0.86149269       1.2343193          13.33586           12.014543       4.7960384        4.7960384       76.663546              76.663546
              4        41.81165      0.86149269       1.2593316          13.32907             12.0109       4.7960384        4.7960384       74.031224              74.031224
              1       41.982056      0.86149269       1.2865691         13.310199           12.006528       4.7960384        4.7960384       74.372035              74.372035
              1       42.000661      0.86149269       1.2881785          13.31071           12.006828       4.7960384        4.7960384       74.409245              74.409245
              1       42.626123      0.86149269       1.2961484         13.312586           12.009167       4.7960384        4.7960384        75.66017               75.66017
              1       41.638682      0.86149269       1.2964674         13.314267           12.007548       4.7960384        4.7960384       73.685287              73.685287
              3       41.592922      0.86149269       1.2869364         13.318935           12.011924       4.7960384        4.7960384       73.593767              73.593767
              3        41.55381      0.86149269       1.3178362         13.319148           12.008751       4.7960384        4.7960384       73.515543              73.515543
              1       42.444079      0.86149269       1.3089358         13.314557           12.009023       4.7960384        4.7960384       75.296081              75.296081
              5       42.226978      0.86149269       1.2734136          13.33187           12.010669       4.7960384        4.7960384       74.861879              74.861879
              2        41.16138      0.86149269       1.2271408          13.32364           12.019186       4.7960384        4.7960384       72.730682              72.730682
              3       39.942122      0.85277645       1.2271408          13.32364           12.019186       4.7960384        4.7960384       70.292166              70.292166
              3       39.826051      0.85277645        1.225621         13.322298           12.019326       4.7960384        4.7960384       70.060025              70.060025
              6       39.755845      0.85277645       1.2393011         13.323499           12.019475       4.7960384        4.7960384       69.919613              69.919613
              1       39.830712      0.85277645       1.2372025         13.323815           12.019161       4.7960384        4.7960384       70.069347              70.069347
              5       39.842985      0.85277645       1.2371975         13.323574           12.018926       4.7960384        4.7960384       70.093892              70.093892
              2       40.297143      0.85277645       1.2694162         13.322043           12.021836       4.7960384        4.7960384       71.002209              71.002209
              1       38.828955      0.84125194       1.2694162         13.322043           12.021836       4.7960384        4.7960384       68.065834              68.065834
              3       38.616171      0.84125194       1.2600908         13.312894           12.018301       4.7960384        4.7960384       67.640266              67.640266
              4       38.841414      0.84125194       1.2594475         13.298493             12.0098       4.7960384        4.7960384        68.09075               68.09075
              3        39.41977      0.84125194       1.2849436         13.287218           12.002912       4.7960384        4.7960384       69.247464              69.247464
             10       39.181893      0.84125194       1.2784937          13.28597           11.998987       4.7960384        4.7960384        68.77171               68.77171
              3       39.201969      0.84125194       1.2816076         13.286811           11.998575       4.7960384        4.7960384        68.81186               68.81186
              1       39.285637      0.84125194       1.2718691         13.282005           11.997131       4.7960384        4.7960384       68.979196              68.979196
              2       39.518579      0.84125194       1.2716444         13.282801           11.994862       4.7960384        4.7960384       69.445082              69.445082
              2       39.705387      0.84125194       1.2940243         13.272695           11.990765       4.7960384        4.7960384       69.818697              69.818697
              1       39.892992      0.84125194       1.3071552         13.276007           11.993644       4.7960384        4.7960384       70.193908              70.193908
              4       40.736094      0.84125194       1.2997304         13.286023           11.990585       4.7960384        4.7960384       71.880111              71.880111
              4       39.479517      0.84125194       1.3075953         13.286041           12.000164       4.7960384        4.7960384       69.366957              69.366957
              2       41.438721      0.84125194       1.2976433         13.288987           12.008833       4.7960384        4.7960384       73.285364              73.285364
              1       40.294622      0.84125194       1.2913499          13.29365           11.997277       4.7960384        4.7960384       70.997167              70.997167
              1       40.648799      0.84125194       1.3046366         13.293909           11.995573       4.7960384        4.7960384       71.705521              71.705521
              2        39.90269      0.84125194       1.3011987         13.265435           11.984551       4.7960384        4.7960384       70.213303              70.213303
              1       39.483836      0.83777616       1.3011987         13.265435           11.984551       4.7960384        4.7960384       69.375596              69.375596
              3       39.777712      0.83777616       1.3092084         13.256439           11.978574       4.7960384        4.7960384       69.963347              69.963347
              1       41.542288      0.83777616       1.3134387          13.25507           11.984542       4.7960384        4.7960384         73.4925                73.4925
              1       40.371828      0.83777616       1.3390451         13.256704           11.980379       4.7960384        4.7960384        71.15158               71.15158
              4         39.5862      0.83777616       1.3383105         13.264427           11.982281       4.7960384        4.7960384       69.580324              69.580324
              1       39.578509      0.83777616       1.3391412         13.264714           11.982364       4.7960384        4.7960384       69.564941              69.564941
              1       39.099096      0.83777616       1.3156767         13.278645           11.992777       4.7960384        4.7960384       68.606116              68.606116
              1        39.02791      0.83777616       1.3070685         13.279174           11.994969       4.7960384        4.7960384       68.463742              68.463742
              5       39.525763      0.83777616       1.3081243         13.276512           11.996649       4.7960384        4.7960384       69.459448              69.459448
              3       40.102201      0.83777616        1.322626         13.280207           12.000339       4.7960384        4.7960384       70.612324              70.612324
              2       38.957806      0.83777616       1.3165122         13.282468            11.99621       4.7960384        4.7960384       68.323535              68.323535
              1       41.217062      0.83777616       1.3480691         13.274333           11.980074       4.7960384        4.7960384       72.842047              72.842047
              2       41.006074      0.83777616       1.3677206         13.269564           11.976121       4.7960384        4.7960384       72.420071              72.420071
              1       40.059262      0.83777616       1.3692786         13.269061           11.978663       4.7960384        4.7960384       70.526446              70.526446
              1       40.419954      0.83470658       1.3692786         13.269061           11.978663       4.7960384        4.7960384       71.247831              71.247831
              2       39.647102      0.83470658       1.3718165         13.266801           11.979906       4.7960384        4.7960384       69.702127              69.702127
              2       39.661963      0.83470658       1.3447655         13.257223           11.976299       4.7960384        4.7960384       69.731848              69.731848
              1       40.149392      0.83977767       1.3447655         13.257223           11.976299       4.7960384        4.7960384       70.706707              70.706707
              1       41.084042      0.83977767       1.3678255         13.258487           11.979251       4.7960384        4.7960384       72.576008              72.576008
              4       41.546853      0.83977767       1.3775381         13.253056           11.962606       4.7960384        4.7960384       73.501629              73.501629
              1        43.17241      0.83977767       1.3996945         13.241999           11.967751       4.7960384        4.7960384       76.752743              76.752743
              1       41.428559      0.83977767       1.4105575         13.240993           11.953896       4.7960384        4.7960384        73.26504               73.26504
             12       40.967153      0.83977767       1.4009316         13.248454           11.960701       4.7960384        4.7960384        72.34223               72.34223
              2       40.809227      0.83977767       1.4097725         13.247782           11.961733       4.7960384        4.7960384       72.026377              72.026377
              1       41.163075      0.84259207       1.4097725         13.247782           11.961733       4.7960384        4.7960384       72.734073              72.734073
              1       41.472512      0.84259207       1.4081339          13.25333           11.968855       4.7960384        4.7960384       73.352947              73.352947
              3       41.398597      0.84259207       1.3981543         13.257238            11.97297       4.7960384        4.7960384       73.205117              73.205117
              1       40.608347      0.84259207       1.4026729         13.261676           11.971495       4.7960384        4.7960384       71.624618              71.624618
              8       40.480745      0.83572888       1.4026729         13.261676           11.971495       4.7960384        4.7960384       71.369412              71.369412
              1        39.83628      0.83572888       1.4147731         13.264409           11.977534       4.7960384        4.7960384       70.080483              70.080483
              1       39.908622      0.83626211       1.4147731         13.264409           11.977534       4.7960384        4.7960384       70.225167              70.225167
              2       41.113247      0.83626211       1.4414359         13.259968           11.966188       4.7960384        4.7960384       72.634417              72.634417
              5       41.654905      0.83626211       1.4475414         13.264804           11.967425       4.7960384        4.7960384       73.717733              73.717733
              3       40.498096      0.83626211       1.4637397         13.264568           11.971198       4.7960384        4.7960384       71.404116              71.404116
              3       41.428936      0.83626211       1.4841692         13.256579           11.961376       4.7960384        4.7960384       73.265795              73.265795
              1       41.326094      0.83626211       1.4849477         13.256569           11.961789       4.7960384        4.7960384       73.060112              73.060112
              3       41.295814      0.83706412       1.4849477         13.256569           11.961789       4.7960384        4.7960384       72.999551              72.999551
              3        40.54697      0.83706412       1.4708399         13.265924           11.973285       4.7960384        4.7960384       71.501864              71.501864
              5       40.973176      0.83706412        1.462292         13.262055           11.966928       4.7960384        4.7960384       72.354276              72.354276
              2       40.698432      0.83706412       1.4640597         13.260445           11.967786       4.7960384        4.7960384       71.804788              71.804788
              1       40.772843      0.83335534       1.4640597         13.260445           11.967786       4.7960384        4.7960384       71.953609              71.953609
