#        weight    minuslogpost          sigma8        ygk_Ahmc ygk_LOWZ__4_lM1_0 ygk_LOWZ__4_lMmin_0   minuslogprior minuslogprior__0            chi2 chi2__ygk_like.ygkLike
              3       63.568421      0.92044048       1.0326523         13.440724           12.092629       4.7960384        4.7960384       117.54476              117.54476
              2       58.180466      0.92044048       1.0580033         13.454143           12.094395       4.7960384        4.7960384       106.76886              106.76886
              2       54.918972      0.92044048       1.0432826         13.467632           12.099067       4.7960384        4.7960384       100.24587              100.24587
              2       54.499908      0.92044048       1.0608332         13.475451           12.090318       4.7960384        4.7960384       99.407739              99.407739
              3       54.627434      0.92044048       1.0480159         13.456902           12.075755       4.7960384        4.7960384       99.662791              99.662791
              1       52.701051      0.92044048       1.0664136         13.450999           12.079226       4.7960384        4.7960384       95.810025              95.810025
              4       52.482326      0.92044048       1.0996107         13.447395           12.071811       4.7960384        4.7960384       95.372575              95.372575
              4       52.234389      0.90788705       1.0996107         13.447395           12.071811       4.7960384        4.7960384       94.876702              94.876702
              3        51.45676      0.90788705       1.1000545          13.44624           12.072509       4.7960384        4.7960384       93.321443              93.321443
              1       50.181217      0.90788705       1.1433519         13.458458            12.08582       4.7960384        4.7960384       90.770357              90.770357
              1       50.626811      0.90788705       1.1431431         13.460692           12.090672       4.7960384        4.7960384       91.661545              91.661545
             10       50.417557      0.90788705       1.1456479         13.464255           12.089059       4.7960384        4.7960384       91.243037              91.243037
              1       50.447471      0.90788705       1.1332047         13.463725           12.088329       4.7960384        4.7960384       91.302864              91.302864
              2       51.029987      0.90788705       1.1316262          13.46555           12.086852       4.7960384        4.7960384       92.467898              92.467898
              1       50.755796      0.90788705       1.1228307         13.464239           12.087582       4.7960384        4.7960384       91.919516              91.919516
              1       50.712401      0.90788705       1.1214526         13.472306           12.097917       4.7960384        4.7960384       91.832726              91.832726
              1        50.29276      0.90597073       1.1214526         13.472306           12.097917       4.7960384        4.7960384       90.993444              90.993444
              4       50.276795      0.90597073       1.1190989         13.472117           12.098201       4.7960384        4.7960384       90.961513              90.961513
              2        50.34869      0.90597073       1.0905673         13.468564           12.095774       4.7960384        4.7960384       91.105303              91.105303
              5       50.499168      0.90597073       1.0993777         13.458162            12.08511       4.7960384        4.7960384       91.406259              91.406259
              3         49.7713      0.90597073       1.0911538         13.458795           12.091139       4.7960384        4.7960384       89.950524              89.950524
              4       49.732242      0.90597073       1.0907831         13.457757           12.091122       4.7960384        4.7960384       89.872408              89.872408
              4       50.109303      0.90597073       1.0825941         13.454513           12.085095       4.7960384        4.7960384        90.62653               90.62653
              1       50.012901      0.90597073       1.0671313         13.447443           12.081037       4.7960384        4.7960384       90.433724              90.433724
              1       50.922235      0.90597073       1.0836466         13.433377           12.082256       4.7960384        4.7960384       92.252393              92.252393
              5       49.206148      0.90597073       1.0726163         13.429554           12.075495       4.7960384        4.7960384       88.820219              88.820219
              1       49.440801      0.90597073       1.0671794         13.440901           12.083436       4.7960384        4.7960384       89.289526              89.289526
              1        49.40171      0.90597073       1.0669666         13.441021           12.083228       4.7960384        4.7960384       89.211343              89.211343
              2       49.127262      0.90597073       1.0468422         13.430017           12.076347       4.7960384        4.7960384       88.662448              88.662448
              2       49.160029      0.90597073       1.0455758         13.430291           12.076834       4.7960384        4.7960384       88.727982              88.727982
              3       49.458241      0.90597073       1.0407794         13.429784           12.078697       4.7960384        4.7960384       89.324404              89.324404
              1       50.366848      0.90597073       1.0462221         13.431936           12.082786       4.7960384        4.7960384       91.141619              91.141619
              6       49.611528      0.90597073       1.0388409         13.421913           12.074544       4.7960384        4.7960384        89.63098               89.63098
              2       49.692145      0.90597073        1.039315         13.420957           12.074171       4.7960384        4.7960384       89.792213              89.792213
              4       49.962271      0.90597073       1.0494185         13.430674           12.069363       4.7960384        4.7960384       90.332466              90.332466
              3       49.388956      0.90597073       1.0405732          13.43581            12.08164       4.7960384        4.7960384       89.185835              89.185835
              2       49.370725      0.90597073       1.0445066         13.436891           12.081896       4.7960384        4.7960384       89.149373              89.149373
              1       48.316716       0.8929612       1.0445066         13.436891           12.081896       4.7960384        4.7960384       87.041356              87.041356
              1       47.026087       0.8929612        1.045409         13.436138           12.091132       4.7960384        4.7960384       84.460097              84.460097
              4       47.636754       0.8929612       1.0383596         13.430974           12.090883       4.7960384        4.7960384       85.681431              85.681431
              1       47.674349       0.8929612       1.0387357         13.430838           12.090888       4.7960384        4.7960384       85.756621              85.756621
              2       47.507282       0.8929612        1.017069          13.42516           12.087824       4.7960384        4.7960384       85.422487              85.422487
              6       46.724693       0.8929612       1.0250321         13.422053           12.079504       4.7960384        4.7960384       83.857309              83.857309
              1       46.478145       0.8929612       1.0537515         13.411011           12.067092       4.7960384        4.7960384       83.364213              83.364213
              6       46.230932       0.8929612       1.0783427         13.419345           12.073903       4.7960384        4.7960384       82.869788              82.869788
              3        46.29285       0.8929612       1.0829744         13.418359           12.074595       4.7960384        4.7960384       82.993623              82.993623
              9       46.505197       0.8929612       1.0744111         13.430219             12.0827       4.7960384        4.7960384       83.418317              83.418317
              3       46.564611       0.8929612       1.0775216         13.431593            12.08102       4.7960384        4.7960384       83.537145              83.537145
              1       46.162116       0.8929612       1.0780557         13.415518           12.070777       4.7960384        4.7960384       82.732155              82.732155
              1       45.805361      0.88988571       1.0780557         13.415518           12.070777       4.7960384        4.7960384       82.018645              82.018645
              3       45.707661      0.88988571       1.0814234          13.41556           12.071153       4.7960384        4.7960384       81.823246              81.823246
              2       45.396475      0.88988571       1.0858356         13.402628           12.062727       4.7960384        4.7960384       81.200874              81.200874
              3       45.353985      0.88988571       1.0937112         13.399983           12.059517       4.7960384        4.7960384       81.115892              81.115892
              2       46.964306      0.88988571       1.0747968         13.395267           12.051538       4.7960384        4.7960384       84.336535              84.336535
              1       49.551623       0.8805343       1.0747968         13.395267           12.051538       4.7960384        4.7960384        89.51117               89.51117
              5       48.898785       0.8805343       1.0904723         13.388673           12.046145       4.7960384        4.7960384       88.205493              88.205493
              1       43.934428       0.8805343       1.1165849         13.408188           12.069002       4.7960384        4.7960384        78.27678               78.27678
              1       45.127167       0.8805343       1.1441935         13.398412           12.069463       4.7960384        4.7960384       80.662256              80.662256
              2       44.213233       0.8805343       1.1462767         13.399799           12.067683       4.7960384        4.7960384       78.834389              78.834389
              1       45.065208       0.8805343       1.1508537         13.390975            12.06367       4.7960384        4.7960384       80.538339              80.538339
              2       43.765404       0.8805343       1.0990263         13.386234           12.059317       4.7960384        4.7960384       77.938731              77.938731
              1       44.212302       0.8805343       1.0998132         13.388546           12.054457       4.7960384        4.7960384       78.832527              78.832527
              1       44.655936       0.8805343       1.1051947         13.387732           12.051802       4.7960384        4.7960384       79.719796              79.719796
              3       44.484178       0.8805343        1.114538         13.392672           12.055021       4.7960384        4.7960384        79.37628               79.37628
              2       44.302894       0.8805343       1.0803986         13.399688           12.072217       4.7960384        4.7960384        79.01371               79.01371
              9       44.262679       0.8805343       1.0889422          13.40423           12.074604       4.7960384        4.7960384       78.933281              78.933281
              2       44.280125       0.8805343       1.0760245         13.407434           12.077393       4.7960384        4.7960384       78.968173              78.968173
              3       44.487679       0.8805343        1.102168         13.410972            12.06998       4.7960384        4.7960384       79.383282              79.383282
              5       43.946586       0.8805343       1.1003583           13.4152           12.077898       4.7960384        4.7960384       78.301095              78.301095
              3       44.765426       0.8805343       1.0778545         13.420044           12.078495       4.7960384        4.7960384       79.938775              79.938775
              6       44.469801       0.8805343       1.0584853         13.409765           12.074247       4.7960384        4.7960384       79.347526              79.347526
             13       44.429754       0.8805343       1.0717775         13.403991           12.076063       4.7960384        4.7960384       79.267431              79.267431
              2       44.272337       0.8805343       1.1040873         13.423904           12.086186       4.7960384        4.7960384       78.952598              78.952598
              1        44.27458       0.8805343       1.1142601         13.435405           12.091342       4.7960384        4.7960384       78.957083              78.957083
              2       44.718954       0.8805343       1.0692747         13.441334           12.100305       4.7960384        4.7960384       79.845832              79.845832
              1       45.978255       0.8805343       1.0515019         13.436094             12.1032       4.7960384        4.7960384       82.364433              82.364433
              1       45.419035       0.8805343       1.0601509          13.42288           12.092554       4.7960384        4.7960384       81.245993              81.245993
              1       43.158927      0.86044021       1.0601509          13.42288           12.092554       4.7960384        4.7960384       76.725776              76.725776
              4       46.352867      0.86044021       1.0785473          13.41485           12.106259       4.7960384        4.7960384       83.113656              83.113656
              2       38.678537      0.84103455       1.0785473          13.41485           12.106259       4.7960384        4.7960384       67.764997              67.764997
              1       38.993686      0.84103455       1.0808418         13.413938           12.101998       4.7960384        4.7960384       68.395296              68.395296
              2       38.680222      0.84103455        1.085233         13.413094           12.102769       4.7960384        4.7960384       67.768368              67.768368
              4       38.743188      0.84103455       1.1000853         13.399266           12.090312       4.7960384        4.7960384       67.894298              67.894298
              4       38.720724      0.84103455       1.1014108         13.400743           12.091276       4.7960384        4.7960384       67.849371              67.849371
              1       38.521427      0.84103455       1.0976567         13.403481           12.095033       4.7960384        4.7960384       67.450777              67.450777
              1       39.178936      0.84103455       1.0923524         13.397523           12.098049       4.7960384        4.7960384       68.765796              68.765796
              1        37.83603      0.83520649       1.0923524         13.397523           12.098049       4.7960384        4.7960384       66.079983              66.079983
              4       37.975365      0.83520649       1.0962155         13.397252           12.099212       4.7960384        4.7960384       66.358653              66.358653
              2       37.680646      0.83520649       1.1232235         13.391625            12.09293       4.7960384        4.7960384       65.769214              65.769214
              1       39.181304      0.83520649       1.1206443         13.384635           12.093213       4.7960384        4.7960384       68.770531              68.770531
              3       37.834348      0.83520649       1.0982411         13.386471           12.087512       4.7960384        4.7960384       66.076619              66.076619
              2        37.89044      0.83520649       1.1066535         13.382769           12.088363       4.7960384        4.7960384       66.188803              66.188803
              2        37.94482      0.83520649       1.0989349         13.376458           12.079986       4.7960384        4.7960384       66.297564              66.297564
              1       38.618082      0.83520649       1.1077859         13.371961           12.083566       4.7960384        4.7960384       67.644088              67.644088
              1       37.025056      0.81905476       1.1077859         13.371961           12.083566       4.7960384        4.7960384       64.458034              64.458034
              3       36.579624      0.81905476       1.1147015         13.380055            12.08946       4.7960384        4.7960384        63.56717               63.56717
              1       36.608376       0.8255752       1.1147015         13.380055            12.08946       4.7960384        4.7960384       63.624675              63.624675
             10       36.460858       0.8255752       1.1313042         13.377605           12.087017       4.7960384        4.7960384       63.329639              63.329639
              1       36.528863       0.8255752       1.1341836         13.370735             12.0829       4.7960384        4.7960384       63.465648              63.465648
              4       36.537507       0.8255752       1.1291504         13.370787           12.081934       4.7960384        4.7960384       63.482937              63.482937
              2       36.645166       0.8255752       1.1256596         13.368258            12.08201       4.7960384        4.7960384       63.698254              63.698254
              1       36.443133       0.8255752       1.1358984         13.383713           12.091925       4.7960384        4.7960384       63.294189              63.294189
              4       36.505451       0.8255752       1.1296399         13.384169           12.092831       4.7960384        4.7960384       63.418825              63.418825
              5       36.470747       0.8255752       1.1301188         13.385417           12.093359       4.7960384        4.7960384       63.349418              63.349418
              2        36.45596       0.8255752       1.1304897         13.385302           12.093086       4.7960384        4.7960384       63.319842              63.319842
              2       37.274923       0.8255752       1.1200619         13.373392           12.089375       4.7960384        4.7960384        64.95777               64.95777
              1       37.095221       0.8255752       1.0899175         13.380053           12.089175       4.7960384        4.7960384       64.598366              64.598366
              2       37.218556      0.82262486       1.0899175         13.380053           12.089175       4.7960384        4.7960384       64.845035              64.845035
              4       36.841681      0.82262486       1.0928763         13.380124           12.090478       4.7960384        4.7960384       64.091285              64.091285
              6       36.759494      0.82262486       1.0918607         13.379609           12.095592       4.7960384        4.7960384       63.926911              63.926911
              1       37.869182      0.82262486       1.0594158         13.374769            12.08752       4.7960384        4.7960384       66.146286              66.146286
              2       37.487545      0.82262486       1.0518114         13.371842           12.088415       4.7960384        4.7960384       65.383012              65.383012
              1       39.212023      0.82262486       1.0483165         13.372816           12.084177       4.7960384        4.7960384       68.831968              68.831968
              1       37.178469      0.82262486       1.0855747         13.344255           12.069938       4.7960384        4.7960384       64.764861              64.764861
              1       38.298306      0.82262486       1.0427369         13.342758           12.075536       4.7960384        4.7960384       67.004535              67.004535
              2        38.16422      0.82262486       1.0427009         13.343851           12.075759       4.7960384        4.7960384       66.736363              66.736363
              3       40.256559      0.82262486       1.0372104         13.345842           12.065789       4.7960384        4.7960384        70.92104               70.92104
              6       39.953686      0.82262486       1.0665332         13.332724           12.071458       4.7960384        4.7960384       70.315296              70.315296
              2       39.573777      0.82262486       1.0734893         13.331015           12.069111       4.7960384        4.7960384       69.555476              69.555476
              3       38.111582      0.82262486       1.0622655          13.32819           12.062851       4.7960384        4.7960384       66.631087              66.631087
              6       38.132397      0.82262486       1.0911434         13.318944           12.055215       4.7960384        4.7960384       66.672717              66.672717
              2       38.166002      0.82262486       1.0658967         13.320949            12.05292       4.7960384        4.7960384       66.739928              66.739928
              2       38.800072      0.82262486       1.0682533         13.313947           12.045458       4.7960384        4.7960384       68.008066              68.008066
              1       39.066954      0.82262486       1.0346063         13.309047           12.047399       4.7960384        4.7960384       68.541832              68.541832
              1       39.090992      0.82262486        1.034052         13.309537           12.047545       4.7960384        4.7960384       68.589906              68.589906
              1       39.981228      0.82262486       1.0270023         13.306036           12.052618       4.7960384        4.7960384        70.37038               70.37038
              3       38.683236      0.81582917       1.0270023         13.306036           12.052618       4.7960384        4.7960384       67.774395              67.774395
              3       37.937928      0.81582917       1.0437579         13.322637           12.060652       4.7960384        4.7960384       66.283779              66.283779
              4       37.131447      0.81582917       1.0749731         13.327442           12.063213       4.7960384        4.7960384       64.670818              64.670818
              2       37.496816      0.81582917       1.1082266         13.302797            12.04568       4.7960384        4.7960384       65.401556              65.401556
