#        weight    minuslogpost          sigma8        ygk_Ahmc ygk_LOWZ__3_lM1_0 ygk_LOWZ__3_lMmin_0   ygk_mass_bias       ygk_rhogy   minuslogprior minuslogprior__0            chi2 chi2__ygk_like.ygkLike
              1       70.359723      0.83023891       1.0212532         13.240507           11.966335      0.73344414     -0.54219144       5.6245903        5.6245903       129.47027              129.47027
              2       65.086905      0.83023891       1.0235113         13.241406           11.966895      0.72985453     -0.56831542       5.6245903        5.6245903       118.92463              118.92463
              1        65.31071      0.83023891       1.0221377         13.239824           11.966045      0.73123283     -0.56948251       5.6245903        5.6245903       119.37224              119.37224
              2        66.80265      0.83023891       1.0101021         13.245062           11.968772       0.7354244     -0.57187134       5.6245903        5.6245903       122.35612              122.35612
              4        67.81835      0.83023891       1.0052286         13.239892           11.976711      0.73332133     -0.57116741       5.6245903        5.6245903       124.38752              124.38752
              1       63.417194      0.80933548       1.0052286         13.239892           11.976711      0.73332133     -0.57116741       5.6245903        5.6245903       115.58521              115.58521
              1       63.571893      0.80933548       1.0049618          13.23611           11.974628      0.73664436     -0.56413768       5.6245903        5.6245903       115.89461              115.89461
              4       63.387542      0.80933548      0.99904938         13.235537           11.976878      0.73396857     -0.55786978       5.6245903        5.6245903        115.5259               115.5259
              1       63.173057      0.80933548       1.0106214         13.238782           11.976187       0.7336817        -0.56239       5.6245903        5.6245903       115.09693              115.09693
              3       62.944031      0.80933548       1.0081871         13.237464           11.977132      0.73951162     -0.57446518       5.6245903        5.6245903       114.63888              114.63888
              1       64.395136      0.80933548       1.0029673         13.237982           11.972984      0.74266201     -0.59098624       5.6245903        5.6245903       117.54109              117.54109
              1       64.703093      0.80933548       1.0041394         13.237217           11.971631      0.74293294     -0.58988729       5.6245903        5.6245903       118.15701              118.15701
              2       67.345655      0.80933548       1.0044447         13.241567           11.971336      0.74841644     -0.58495889       5.6245903        5.6245903       123.44213              123.44213
              2       67.345604      0.80933548       1.0044258         13.241562           11.971336      0.74841875     -0.58495204       5.6245903        5.6245903       123.44203              123.44203
              1       66.564941      0.80933548      0.99667258          13.24037           11.972389      0.74713083     -0.58486539       5.6245903        5.6245903        121.8807               121.8807
              4       64.409719      0.80933548      0.99674208         13.236235           11.974374      0.75250647     -0.58312479       5.6245903        5.6245903       117.57026              117.57026
              3       66.969109      0.80933548      0.95957448         13.231534           11.972672      0.74774768     -0.57342978       5.6245903        5.6245903       122.68904              122.68904
              4       66.429071      0.80933548      0.95954761         13.232375           11.973863      0.74580111     -0.57488871       5.6245903        5.6245903       121.60896              121.60896
              1       65.165786      0.80933548      0.96684836         13.225505           11.973661      0.73710458     -0.55970418       5.6245903        5.6245903       119.08239              119.08239
              1       65.067799      0.80933548      0.98077172          13.23202            11.98274      0.73749794     -0.55322512       5.6245903        5.6245903       118.88642              118.88642
              5       65.354496      0.80933548      0.97666374         13.232973           11.983848      0.73553714     -0.55395966       5.6245903        5.6245903       119.45981              119.45981
              2       64.204752      0.80933548      0.99056873         13.233834           11.980713      0.72846799     -0.55623937       5.6245903        5.6245903       117.16032              117.16032
              1          64.302      0.80933548        1.000032         13.237711           11.984344      0.73256759     -0.56348885       5.6245903        5.6245903       117.35482              117.35482
              4       63.855361      0.80933548       1.0069533          13.23445           11.981956      0.73619187     -0.55801612       5.6245903        5.6245903       116.46154              116.46154
              1       62.810022      0.80933548       1.0121098         13.235444           11.976636      0.72958835     -0.55037079       5.6245903        5.6245903       114.37086              114.37086
              2       63.219358      0.80933548       1.0062154         13.231572           11.974715       0.7276697     -0.55635855       5.6245903        5.6245903       115.18954              115.18954
              1       63.133855      0.80933548       1.0092479         13.232181           11.976032      0.72901102      -0.5587203       5.6245903        5.6245903       115.01853              115.01853
              1       63.420156      0.80933548        1.010065         13.232535            11.97871      0.72853475     -0.55241462       5.6245903        5.6245903       115.59113              115.59113
              5       63.717927      0.80933548       1.0042245         13.246534           11.980567      0.72009061     -0.56050245       5.6245903        5.6245903       116.18667              116.18667
              4       64.061547      0.80933548      0.99523172         13.244239           11.982286      0.72751376     -0.58395618       5.6245903        5.6245903       116.87391              116.87391
              1       63.358417      0.80933548       1.0077187         13.243774           11.979518       0.7315147      -0.5843085       5.6245903        5.6245903       115.46765              115.46765
              3        62.74298      0.80933548       1.0197675         13.240406           11.981495      0.72813627     -0.56598897       5.6245903        5.6245903       114.23678              114.23678
              3       63.438644      0.80933548       1.0217265         13.239171           11.980239      0.72313336     -0.57133355       5.6245903        5.6245903       115.62811              115.62811
              2       62.687602      0.80933548       1.0235306         13.242334           11.978596      0.72224972     -0.56934323       5.6245903        5.6245903       114.12602              114.12602
              6       63.374933      0.80933548       1.0217982         13.241606           11.984345      0.71796885     -0.55176783       5.6245903        5.6245903       115.50069              115.50069
              5       64.055172      0.80933548       1.0199355         13.241749           11.984839      0.71654979     -0.55642476       5.6245903        5.6245903       116.86116              116.86116
              1       63.252852      0.80933548       1.0212898          13.24446           11.985853      0.71678429     -0.55282417       5.6245903        5.6245903       115.25652              115.25652
              5       62.772055      0.80933548       1.0270191         13.249317           11.984311       0.7160446     -0.56767772       5.6245903        5.6245903       114.29493              114.29493
              7       63.811225      0.80933548       1.0065162         13.248965           11.981228      0.72086018     -0.56767438       5.6245903        5.6245903       116.37327              116.37327
              4       63.518242      0.80933548       1.0123071         13.253355           11.986123      0.72969595     -0.59544318       5.6245903        5.6245903        115.7873               115.7873
              9        63.45283      0.80933548       1.0178521         13.252468           11.984408      0.73554763     -0.60412953       5.6245903        5.6245903       115.65648              115.65648
              2       62.046037      0.80933548       1.0466602         13.254746           11.982063      0.72743609     -0.57890163       5.6245903        5.6245903       112.84289              112.84289
              1       61.127458      0.80933548        1.048533         13.257233           11.987724       0.7291952     -0.57757165       5.6245903        5.6245903       111.00574              111.00574
              3       61.576213      0.80933548        1.043413         13.257153           11.988452      0.72833437     -0.58151943       5.6245903        5.6245903       111.90324              111.90324
              1       61.608292      0.80933548       1.0437953         13.257121           11.988617      0.72825287     -0.58182001       5.6245903        5.6245903        111.9674               111.9674
              1       61.891382      0.80933548       1.0446772         13.264827           11.989131      0.73007059     -0.58479459       5.6245903        5.6245903       112.53358              112.53358
              1       61.974152      0.80933548       1.0436544         13.266757           11.990579      0.72450509     -0.57770206       5.6245903        5.6245903       112.69912              112.69912
              4       62.228538      0.80933548       1.0310344         13.259405           11.987643        0.725505     -0.57806223       5.6245903        5.6245903       113.20789              113.20789
              6       62.639852      0.80933548       1.0284397         13.260468           11.988125      0.72578228     -0.58656489       5.6245903        5.6245903       114.03052              114.03052
              4       62.441143      0.80933548       1.0231073         13.258341            11.99136      0.72289415     -0.57566305       5.6245903        5.6245903        113.6331               113.6331
              1       62.122299      0.80933548       1.0208132         13.259471           11.991211      0.72359164     -0.57029685       5.6245903        5.6245903       112.99542              112.99542
              5       62.107139      0.80933548       1.0243367         13.257875           11.989164      0.72146039     -0.56656618       5.6245903        5.6245903        112.9651               112.9651
              7       61.392158      0.81516581       1.0243367         13.257875           11.989164      0.72146039     -0.56656618       5.6245903        5.6245903       111.53514              111.53514
              3       61.814802      0.81516581       1.0280631         13.244024           11.977104      0.71427368     -0.56230714       5.6245903        5.6245903       112.38042              112.38042
              2       61.869452      0.81516581       1.0276998         13.243539           11.977328      0.71442307     -0.56268273       5.6245903        5.6245903       112.48972              112.48972
              1         62.0387      0.81516581       1.0244519         13.245333           11.980654        0.714955     -0.56003011       5.6245903        5.6245903       112.82822              112.82822
              1       61.820261      0.81516581       1.0270282          13.24456           11.980399      0.71730789     -0.55539559       5.6245903        5.6245903       112.39134              112.39134
              3        61.93737      0.81516581       1.0263889         13.243872           11.980355      0.71615295     -0.55316398       5.6245903        5.6245903       112.62556              112.62556
              1       61.838071      0.81516581       1.0331597         13.260814           11.986136      0.70390117     -0.56461267       5.6245903        5.6245903       112.42696              112.42696
              1        61.98376      0.81516581       1.0321015         13.260112           11.985802      0.70259097     -0.56446196       5.6245903        5.6245903       112.71834              112.71834
              3       62.038097      0.81516581        1.039868         13.258999           11.983459      0.70208553     -0.56902691       5.6245903        5.6245903       112.82701              112.82701
              5       62.034923      0.82955708        1.039868         13.258999           11.983459      0.70208553     -0.56902691       5.6245903        5.6245903       112.82066              112.82066
              1       61.478991      0.82955708       1.0425838         13.253562           11.976107      0.69230566     -0.57321698       5.6245903        5.6245903        111.7088               111.7088
              1       60.558656      0.82955708       1.0518043          13.25405           11.970302      0.69036069     -0.56383612       5.6245903        5.6245903       109.86813              109.86813
              1       62.127801      0.82955708       1.0470372         13.253681           11.970946      0.70131415     -0.54839566       5.6245903        5.6245903       113.00642              113.00642
              2       61.287971      0.82955708       1.0542108         13.262952           11.979642      0.69834344      -0.5383142       5.6245903        5.6245903       111.32676              111.32676
              3       60.741294      0.82955708       1.0626634          13.26091            11.98132      0.69994299     -0.54071879       5.6245903        5.6245903       110.23341              110.23341
              1       61.744849      0.82955708       1.0584556         13.258953           11.981095      0.70360715      -0.5330339       5.6245903        5.6245903       112.24052              112.24052
              7       61.769878      0.82955708       1.0605408         13.258461           11.981138      0.70406833     -0.53326758       5.6245903        5.6245903       112.29057              112.29057
              1        61.58226      0.82955708       1.0577828         13.253791           11.977581      0.69093282     -0.52108486       5.6245903        5.6245903       111.91534              111.91534
              3       61.892159      0.82955708       1.0663227         13.252342           11.968828      0.69113922     -0.53070595       5.6245903        5.6245903       112.53514              112.53514
              5       61.394117      0.82955708       1.0638923         13.245624           11.966164       0.6937615     -0.53496926       5.6245903        5.6245903       111.53905              111.53905
              3       61.586834      0.82955708       1.0844472         13.265251           11.973071      0.68942194     -0.54339217       5.6245903        5.6245903       111.92449              111.92449
              2       60.628393      0.82955708       1.0864615         13.264049           11.973393       0.6865596     -0.54273102       5.6245903        5.6245903       110.00761              110.00761
              3       60.252278      0.83431716       1.0864615         13.264049           11.973393       0.6865596     -0.54273102       5.6245903        5.6245903       109.25538              109.25538
              5         59.8366      0.83431716       1.0921555         13.263581           11.975714      0.68759144     -0.54084745       5.6245903        5.6245903       108.42402              108.42402
              3       59.592632      0.83431716       1.0922692         13.268594           11.977631      0.68868662     -0.54732308       5.6245903        5.6245903       107.93608              107.93608
              6       59.754915      0.83431716       1.0933756         13.269805           11.978289      0.68796679      -0.5432612       5.6245903        5.6245903       108.26065              108.26065
              2       59.272335      0.83431716       1.1019477         13.270794            11.97972      0.69055559     -0.54892069       5.6245903        5.6245903       107.29549              107.29549
              3       59.694132      0.83431716       1.0944996         13.277268            11.98871      0.69100532     -0.55086979       5.6245903        5.6245903       108.13908              108.13908
              3       59.037343      0.83431716       1.0968802         13.283758           11.984193      0.68388654     -0.56364407       5.6245903        5.6245903        106.8255               106.8255
              1       58.750523      0.83431716       1.1153295         13.282465           11.986319      0.67713085     -0.53438041       5.6245903        5.6245903       106.25187              106.25187
              1       59.217932      0.83431716       1.1016363         13.285766           11.991143      0.67701115       -0.526676       5.6245903        5.6245903       107.18668              107.18668
              2       59.094432      0.83137928       1.1016363         13.285766           11.991143      0.67701115       -0.526676       5.6245903        5.6245903       106.93968              106.93968
              7       60.632396      0.83137928       1.0945654         13.275164             11.9884      0.68757344     -0.51354243       5.6245903        5.6245903       110.01561              110.01561
              8       59.568736      0.83137928       1.1177992         13.281282           11.987492      0.69468648     -0.53397829       5.6245903        5.6245903       107.88829              107.88829
              1        59.68917      0.83137928       1.1430869         13.259064           11.971074      0.69961603       -0.537503       5.6245903        5.6245903       108.12916              108.12916
              1       59.430629      0.82263006       1.1430869         13.259064           11.971074      0.69961603       -0.537503       5.6245903        5.6245903       107.61208              107.61208
              1       59.210954      0.82263006       1.1629444         13.256545           11.978147      0.69069479     -0.51323223       5.6245903        5.6245903       107.17273              107.17273
              2       60.283422      0.82263006        1.140022         13.251723           11.974602      0.69013785     -0.49316553       5.6245903        5.6245903       109.31766              109.31766
              3       61.333607      0.82263006       1.1285345         13.256123           11.971668      0.69114021     -0.50419662       5.6245903        5.6245903       111.41803              111.41803
              1       61.933255      0.82263006       1.1014809         13.247011           11.969098      0.68339115     -0.49064248       5.6245903        5.6245903       112.61733              112.61733
              1       61.681654      0.82263006       1.0993062         13.248364           11.971633      0.68365332     -0.48882082       5.6245903        5.6245903       112.11413              112.11413
              2       60.469769      0.82263006       1.1043797         13.250961           11.973955      0.67196442     -0.49668056       5.6245903        5.6245903       109.69036              109.69036
              1       63.640915      0.82263006       1.1050885         13.240955           11.957045      0.65502399     -0.50135385       5.6245903        5.6245903       116.03265              116.03265
              1       62.022271      0.84226309       1.1050885         13.240955           11.957045      0.65502399     -0.50135385       5.6245903        5.6245903       112.79536              112.79536
              2        61.59591      0.84226309       1.1051691         13.242726            11.95772      0.65349213     -0.50406941       5.6245903        5.6245903       111.94264              111.94264
              1       61.040986      0.84226309       1.1243164         13.245238           11.953509      0.65671051     -0.50839415       5.6245903        5.6245903       110.83279              110.83279
              1       61.272571      0.84226309       1.1214609         13.244659           11.952016      0.65724452     -0.51041642       5.6245903        5.6245903       111.29596              111.29596
              2       61.341736      0.84226309       1.1332408         13.253775           11.954887       0.6700016     -0.53249591       5.6245903        5.6245903       111.43429              111.43429
              4       59.036601      0.84226309       1.1192388         13.261047           11.961085      0.65834805     -0.55166575       5.6245903        5.6245903       106.82402              106.82402
              1       59.589944      0.84226309       1.1403839          13.26444            11.95929      0.66929764     -0.56085583       5.6245903        5.6245903       107.93071              107.93071
              3       59.387311      0.84226309       1.1405503         13.261371           11.956018      0.66750418     -0.57099773       5.6245903        5.6245903       107.52544              107.52544
              2       59.438967      0.84226309       1.1445586         13.259592           11.954617      0.66683504     -0.56649651       5.6245903        5.6245903       107.62875              107.62875
              1       60.110245      0.84226309       1.1550983         13.238115           11.943141      0.67479944     -0.54602531       5.6245903        5.6245903       108.97131              108.97131
              2       61.687768       0.8313423       1.1550983         13.238115           11.943141      0.67479944     -0.54602531       5.6245903        5.6245903       112.12636              112.12636
              1       61.418806       0.8313423       1.1512903         13.237982           11.944585      0.67230548     -0.53750763       5.6245903        5.6245903       111.58843              111.58843
              4       59.383271       0.8313423       1.1688979         13.237758           11.946095      0.66737326     -0.53644982       5.6245903        5.6245903       107.51736              107.51736
              3       59.325156       0.8313423       1.1624236         13.232708           11.946206      0.66071851     -0.51974716       5.6245903        5.6245903       107.40113              107.40113
              3       59.519977       0.8313423       1.1466771         13.237179              11.955      0.67044012     -0.51379507       5.6245903        5.6245903       107.79077              107.79077
              2        61.98365       0.8313423       1.1353962         13.218777             11.9477       0.6797633     -0.50612328       5.6245903        5.6245903       112.71812              112.71812
              1       61.430381       0.8313423       1.1337579         13.219546           11.946435      0.68016744     -0.50793331       5.6245903        5.6245903       111.61158              111.61158
              6       61.705167       0.8313423       1.1273697         13.217069           11.944751      0.68055612      -0.5069001       5.6245903        5.6245903       112.16115              112.16115
              6       61.574087       0.8313423       1.1273826           13.2172           11.942772      0.67992289     -0.50691658       5.6245903        5.6245903       111.89899              111.89899
              5         61.6188       0.8313423       1.1280907         13.216698           11.942178      0.68092901     -0.50781758       5.6245903        5.6245903       111.98842              111.98842
              3        61.29087       0.8313423       1.1420942         13.223806           11.949576      0.68519427     -0.51313185       5.6245903        5.6245903       111.33256              111.33256
              1       61.296758       0.8313423       1.1358705         13.223692            11.95084      0.68427659     -0.52089609       5.6245903        5.6245903       111.34434              111.34434
              1       59.412175       0.8313423       1.1494269         13.228177           11.948702      0.68117696     -0.53195282       5.6245903        5.6245903       107.57517              107.57517
              1       60.073579       0.8313423       1.1506669         13.220391           11.944462       0.6741938     -0.53195281       5.6245903        5.6245903       108.89798              108.89798
              1       59.758877       0.8313423       1.1496126         13.221075           11.944014      0.67365676     -0.53118622       5.6245903        5.6245903       108.26857              108.26857
              1       59.173834       0.8313423       1.1435931         13.230934           11.944607      0.67959614     -0.55246253       5.6245903        5.6245903       107.09849              107.09849
              2       58.931597       0.8313423       1.1410581         13.230508           11.947205      0.67973802     -0.55208641       5.6245903        5.6245903       106.61401              106.61401
              5       58.988004       0.8313423       1.1462932         13.229651           11.948228       0.6820586     -0.55245007       5.6245903        5.6245903       106.72683              106.72683
              1       59.211462       0.8313423       1.1531931         13.236064           11.953231      0.69021253     -0.57374773       5.6245903        5.6245903       107.17374              107.17374
              1        59.06668       0.8313423       1.1592117         13.239234           11.955859      0.68893816     -0.56746243       5.6245903        5.6245903       106.88418              106.88418
              2       59.407655       0.8313423       1.1418034         13.242549           11.960285      0.68903542     -0.56480258       5.6245903        5.6245903       107.56613              107.56613
              3       58.955101       0.8313423       1.1380452         13.243208           11.959223      0.68610379     -0.56381638       5.6245903        5.6245903       106.66102              106.66102
              9       58.913452       0.8313423       1.1382729         13.243234           11.959089      0.68609448     -0.56370412       5.6245903        5.6245903       106.57772              106.57772
              2       59.106959       0.8313423       1.1515719         13.262156            11.97214      0.70193795     -0.54653528       5.6245903        5.6245903       106.96474              106.96474
              3       58.819794       0.8313423       1.1317359         13.264931           11.974343      0.70595462     -0.56492815       5.6245903        5.6245903       106.39041              106.39041
              3       58.289581       0.8313423       1.1291536         13.269501             11.9781      0.69786833     -0.56464934       5.6245903        5.6245903       105.32998              105.32998
              6       58.379303       0.8313423       1.1567362         13.263139           11.970538      0.70831443     -0.57324464       5.6245903        5.6245903       105.50943              105.50943
              6       58.156657       0.8313423        1.160582         13.260893           11.969643       0.7054086     -0.57666999       5.6245903        5.6245903       105.06413              105.06413
              1       58.653396       0.8313423       1.1633118         13.261876           11.963403      0.69587568     -0.60437971       5.6245903        5.6245903       106.05761              106.05761
              2       59.006754       0.8313423       1.1442305         13.259033           11.962776      0.69195554     -0.60070457       5.6245903        5.6245903       106.76433              106.76433
              1       60.712573       0.8313423       1.1496505         13.254244            11.96597      0.68867354     -0.59921104       5.6245903        5.6245903       110.17597              110.17597
              1       59.740426       0.8313423         1.15184         13.255865           11.964276       0.6880572     -0.60113894       5.6245903        5.6245903       108.23167              108.23167
              3       59.271275       0.8313423       1.1491994         13.256239           11.963351      0.68638988     -0.59749627       5.6245903        5.6245903       107.29337              107.29337
              5       59.271957       0.8313423       1.1539764         13.245424           11.954386      0.68695543     -0.59767295       5.6245903        5.6245903       107.29473              107.29473
              4       59.161506       0.8313423        1.158667         13.244736           11.955809      0.69249633     -0.59686039       5.6245903        5.6245903       107.07383              107.07383
              2       59.289632      0.82734526        1.158667         13.244736           11.955809      0.69249633     -0.59686039       5.6245903        5.6245903       107.33008              107.33008
              1       60.768485      0.82734526       1.1475581          13.24199           11.959495      0.68857437     -0.59018219       5.6245903        5.6245903       110.28779              110.28779
              1       58.417961      0.82734526       1.1601695         13.240649           11.954313      0.69104699     -0.55416241       5.6245903        5.6245903       105.58674              105.58674
              4       58.442764      0.82734526       1.1598735         13.240541           11.954179      0.69119295     -0.55419221       5.6245903        5.6245903       105.63635              105.63635
              1       58.408121      0.82734526       1.1561801         13.241518           11.955318      0.68973529     -0.55547374       5.6245903        5.6245903       105.56706              105.56706
              3       58.316627      0.82734526       1.1579912         13.241776            11.95589      0.68895884     -0.55434272       5.6245903        5.6245903       105.38407              105.38407
              3       59.026153      0.82734526       1.1564997         13.250103           11.960738      0.69834495     -0.55007073       5.6245903        5.6245903       106.80312              106.80312
              2        59.42577      0.82734526       1.1601339         13.250191           11.959621      0.69893548     -0.54960838       5.6245903        5.6245903       107.60236              107.60236
              1       59.076852      0.82734526       1.1600355         13.250147           11.960209      0.69916376     -0.55111061       5.6245903        5.6245903       106.90452              106.90452
              3        59.68989      0.82734526       1.1506218         13.251249           11.960735      0.69875858     -0.55004679       5.6245903        5.6245903        108.1306               108.1306
              1       60.816913      0.82734526       1.1474894         13.240062           11.965928      0.70014227     -0.53956121       5.6245903        5.6245903       110.38464              110.38464
              2       60.073237      0.82734526       1.1445286         13.236954           11.961908      0.69973897     -0.54553407       5.6245903        5.6245903       108.89729              108.89729
              3       59.770064      0.82734526       1.1333091         13.237103           11.954501      0.69676677     -0.54168616       5.6245903        5.6245903       108.29095              108.29095
              2       59.332551      0.82734526       1.1461728         13.228074           11.948174      0.69841193     -0.54642262       5.6245903        5.6245903       107.41592              107.41592
              7       59.190634      0.82734526       1.1503249         13.241714           11.957991      0.69885981      -0.5406247       5.6245903        5.6245903       107.13209              107.13209
              1       60.681894      0.82734526       1.1413211         13.241303           11.954195      0.69929006     -0.54461411       5.6245903        5.6245903       110.11461              110.11461
              3        59.07482      0.82734526       1.1301233         13.240082           11.961129      0.69586736     -0.54670533       5.6245903        5.6245903       106.90046              106.90046
              3       58.806985      0.82734526       1.1342956         13.254181           11.963926      0.69697571     -0.57210806       5.6245903        5.6245903       106.36479              106.36479
              4       58.796181      0.82734526       1.1266176          13.27021           11.977316      0.68193092      -0.5676976       5.6245903        5.6245903       106.34318              106.34318
              3       59.674124      0.82734526       1.1061618         13.254556           11.970735       0.6831646     -0.56700772       5.6245903        5.6245903       108.09907              108.09907
              3       59.497135      0.82734526       1.1023394         13.256443           11.969083      0.68200825     -0.56385487       5.6245903        5.6245903       107.74509              107.74509
              3       60.063974      0.82734526       1.1026427         13.256254           11.966733      0.67986223     -0.55411242       5.6245903        5.6245903       108.87877              108.87877
              2        60.22553      0.82734526       1.0769988         13.259098           11.974794      0.68921512     -0.53707559       5.6245903        5.6245903       109.20188              109.20188
              2       61.042136      0.82734526       1.0591238         13.258753           11.973066      0.68197927      -0.5445892       5.6245903        5.6245903       110.83509              110.83509
              1       61.400994      0.82734526       1.0590927         13.259306           11.972501      0.68166768     -0.54494364       5.6245903        5.6245903       111.55281              111.55281
              3       60.596402      0.82734526       1.0764154         13.264963            11.97524      0.68889687     -0.55404856       5.6245903        5.6245903       109.94362              109.94362
              3       60.076433      0.82734526       1.0721419         13.268422           11.979483      0.68730354     -0.55353546       5.6245903        5.6245903       108.90369              108.90369
              2       60.303324      0.82734526       1.0727656         13.268987           11.979119      0.68666483     -0.55297766       5.6245903        5.6245903       109.35747              109.35747
              3       60.136288      0.82734526       1.0696101         13.269693            11.98078      0.68241252     -0.56743981       5.6245903        5.6245903        109.0234               109.0234
              2       60.086017      0.82734526       1.0738124         13.270734           11.980268      0.68352667     -0.56632411       5.6245903        5.6245903       108.92285              108.92285
              1       59.727601      0.83775024       1.0738124         13.270734           11.980268      0.68352667     -0.56632411       5.6245903        5.6245903       108.20602              108.20602
              2       61.269599      0.83775024       1.0660333         13.271448           11.981433      0.68113197     -0.52798578       5.6245903        5.6245903       111.29002              111.29002
              1       61.265464      0.83775024       1.0700198         13.274101           11.983636      0.68290253     -0.52785636       5.6245903        5.6245903       111.28175              111.28175
              1       61.439805      0.83775024       1.0673599         13.273965           11.982055       0.6867037     -0.53522338       5.6245903        5.6245903       111.63043              111.63043
              4       61.136805      0.83448173       1.0673599         13.273965           11.982055       0.6867037     -0.53522338       5.6245903        5.6245903       111.02443              111.02443
              1       60.768257      0.83448173       1.0641413         13.277307           11.990966      0.68949427     -0.53450061       5.6245903        5.6245903       110.28733              110.28733
              1       60.287558      0.83448173        1.075398         13.281863           11.991294      0.68591753      -0.5295578       5.6245903        5.6245903       109.32594              109.32594
              5       62.756382      0.83448173       1.0519243         13.278058           11.996383      0.66676409     -0.51885956       5.6245903        5.6245903       114.26358              114.26358
              1       60.466624      0.83448173        1.043685         13.284065           11.995443      0.67172084     -0.52771251       5.6245903        5.6245903       109.68407              109.68407
              6       60.444559      0.83448173       1.0495724         13.285569           11.995616      0.67428524     -0.52343946       5.6245903        5.6245903       109.63994              109.63994
              1       60.571791      0.83448173       1.0497729         13.285566           11.994598      0.67607668     -0.52363426       5.6245903        5.6245903        109.8944               109.8944
              1       60.895395      0.83448173        1.050656         13.287202           11.994326       0.6759567     -0.52156071       5.6245903        5.6245903       110.54161              110.54161
              8        60.57039      0.83448173       1.0557193         13.290032           12.001448      0.67969256     -0.52805641       5.6245903        5.6245903        109.8916               109.8916
              4       60.453794      0.83448173       1.0565942         13.296971           12.000483      0.68135984     -0.53015779       5.6245903        5.6245903       109.65841              109.65841
              2       59.716167      0.83448173       1.0628635         13.293814           11.999961      0.68889978     -0.54436032       5.6245903        5.6245903       108.18315              108.18315
              2       59.985515      0.83448173       1.0755592         13.283102           11.993852      0.68439491      -0.5348699       5.6245903        5.6245903       108.72185              108.72185
              1       59.808108      0.83448173       1.0751998         13.283577           11.991643      0.68518588     -0.53643285       5.6245903        5.6245903       108.36704              108.36704
              3       62.187178      0.83448173        1.043658         13.277648           11.989808      0.68738399     -0.52155582       5.6245903        5.6245903       113.12517              113.12517
              2       62.579053      0.83448173       1.0623622         13.271314           11.987338       0.6862133     -0.50925787       5.6245903        5.6245903       113.90893              113.90893
              2       63.654816      0.83448173       1.0660062            13.271           11.992142      0.68678671     -0.51136983       5.6245903        5.6245903       116.06045              116.06045
              1        60.83418      0.83448173       1.0882356         13.284868           11.988459       0.6799807     -0.52215575       5.6245903        5.6245903       110.41918              110.41918
              1       60.705103      0.83448173       1.0868043         13.285191           11.989297      0.67793305     -0.51941993       5.6245903        5.6245903       110.16103              110.16103
              2       60.200572      0.83448173       1.0916822         13.292168           11.989897      0.66496025     -0.53012832       5.6245903        5.6245903       109.15196              109.15196
              1       57.795805      0.83448173        1.137717         13.294624           11.991235      0.67767911     -0.56409211       5.6245903        5.6245903       104.34243              104.34243
              4       57.842121      0.83448173       1.1369118         13.294811           11.992346      0.67787326     -0.56466355       5.6245903        5.6245903       104.43506              104.43506
              1       58.665924      0.83448173       1.1486343         13.293682           11.993976      0.68878476     -0.53526309       5.6245903        5.6245903       106.08267              106.08267
              5       58.700982      0.83448173       1.1484786         13.293543           11.993503      0.68920187     -0.53573663       5.6245903        5.6245903       106.15278              106.15278
              4       59.041973      0.83448173        1.139322         13.293269           11.995066      0.68883377     -0.53128882       5.6245903        5.6245903       106.83476              106.83476
              3       59.172415      0.83448173       1.1381424         13.289942           11.994337       0.6899843     -0.53313016       5.6245903        5.6245903       107.09565              107.09565
              2       59.919027      0.83448173       1.1416443          13.28589           11.991715      0.69209479     -0.52620808       5.6245903        5.6245903       108.58887              108.58887
              3       60.251454      0.83448173       1.1348855         13.282891           11.980836      0.68988719     -0.54360311       5.6245903        5.6245903       109.25373              109.25373
              1       59.266676      0.83448173       1.1367963         13.280045           11.983569      0.69303172     -0.54073957       5.6245903        5.6245903       107.28417              107.28417
              1        59.53328      0.83448173        1.121226         13.277972           11.987913       0.6932782     -0.55625761       5.6245903        5.6245903       107.81738              107.81738
              7       59.181247      0.83448173       1.1160308         13.277247           11.986092       0.6941713      -0.5526404       5.6245903        5.6245903       107.11331              107.11331
              1       59.288997      0.83448173       1.1129774         13.278475           11.987381      0.69424888      -0.5507022       5.6245903        5.6245903       107.32881              107.32881
              5       60.033063      0.83448173       1.1213299         13.279448           11.990353      0.69310582      -0.5477344       5.6245903        5.6245903       108.81695              108.81695
              4       59.787596      0.83448173       1.1197899         13.278659           11.988814      0.69562254     -0.54656318       5.6245903        5.6245903       108.32601              108.32601
              4       59.858683      0.83448173       1.1510663         13.281423           11.988054      0.69908337     -0.53830155       5.6245903        5.6245903       108.46819              108.46819
              1       60.269266      0.83448173       1.1481033         13.281916           11.987546       0.6996106     -0.53353846       5.6245903        5.6245903       109.28935              109.28935
              5       60.318896      0.83448173       1.1548506         13.280282           11.983819      0.69559466     -0.52847431       5.6245903        5.6245903       109.38861              109.38861
              1       60.811813      0.83448173       1.1543961         13.274981             11.9837       0.6986417     -0.52771195       5.6245903        5.6245903       110.37445              110.37445
              2       60.666757      0.83448173       1.1574596         13.274698           11.982829      0.69824633     -0.52798965       5.6245903        5.6245903       110.08433              110.08433
              1       61.297255      0.83448173       1.1564269         13.272283           11.984233       0.6936057     -0.52070286       5.6245903        5.6245903       111.34533              111.34533
              1       58.499233      0.81879662       1.1564269         13.272283           11.984233       0.6936057     -0.52070286       5.6245903        5.6245903       105.74929              105.74929
              1       58.257774      0.81879662       1.1544053          13.26985           11.985863      0.69020246     -0.53414038       5.6245903        5.6245903       105.26637              105.26637
              3       58.180098      0.81879662       1.1526147         13.267992           11.981397      0.69249512     -0.53757182       5.6245903        5.6245903       105.11101              105.11101
              2       59.181994      0.81879662       1.1238917           13.2701           11.982979       0.6894456     -0.54353577       5.6245903        5.6245903       107.11481              107.11481
              1       62.511768      0.81879662       1.1265052         13.281175            11.98328      0.69587066      -0.5532854       5.6245903        5.6245903       113.77436              113.77436
              1       64.591614      0.84814015       1.1265052         13.281175            11.98328      0.69587066      -0.5532854       5.6245903        5.6245903       117.93405              117.93405
              3       63.204405      0.84814015       1.1356783         13.282291           11.983727      0.69158747     -0.56555498       5.6245903        5.6245903       115.15963              115.15963
              2       63.796158      0.84814015       1.1432709         13.283675           11.985104      0.69146171     -0.55899857       5.6245903        5.6245903       116.34314              116.34314
              4       59.506057      0.84814015       1.1227377         13.288772           11.980914      0.68236137     -0.57967011       5.6245903        5.6245903       107.76293              107.76293
              2       59.464529      0.84814015       1.1260922         13.290319            11.98103      0.68476428      -0.5858022       5.6245903        5.6245903       107.67988              107.67988
              6       59.220209      0.84814015       1.1212886         13.292353           11.982667      0.68254647     -0.58918561       5.6245903        5.6245903       107.19124              107.19124
              3        59.75092      0.84814015       1.1316269         13.280333           11.978033      0.66815793     -0.56353563       5.6245903        5.6245903       108.25266              108.25266
              1       59.766312      0.84814015       1.1421246         13.283425           11.978259      0.67242563     -0.55223167       5.6245903        5.6245903       108.28344              108.28344
              4        58.89527      0.84814015       1.1489465         13.293889           11.979435      0.66294508     -0.55579229       5.6245903        5.6245903       106.54136              106.54136
              2       58.568828      0.84814015       1.1511607          13.29349           11.979343      0.66071464     -0.55658362       5.6245903        5.6245903       105.88848              105.88848
              4       58.373169      0.84814015       1.1697382         13.301183           11.987719      0.66382068     -0.55899634       5.6245903        5.6245903       105.49716              105.49716
              2       58.310416      0.84814015       1.1700571         13.301198           11.987216       0.6640257     -0.55910017       5.6245903        5.6245903       105.37165              105.37165
              1       58.115733      0.84814015       1.1574666         13.298797           11.983956      0.66061953     -0.56299545       5.6245903        5.6245903       104.98228              104.98228
              6        58.31314      0.84814015       1.1563143         13.296482           11.984468      0.66259725     -0.56219252       5.6245903        5.6245903        105.3771               105.3771
              3       58.182436      0.84814015       1.1486835         13.299082           11.984582      0.65453434     -0.56967009       5.6245903        5.6245903       105.11569              105.11569
              1       58.786967      0.84814015       1.1442593          13.30456           11.987547      0.64914969      -0.5815334       5.6245903        5.6245903       106.32475              106.32475
              5       58.133866      0.84814015       1.1587607         13.312651           11.992076      0.65397379      -0.5762281       5.6245903        5.6245903       105.01855              105.01855
              3       58.303787      0.84814015       1.1701761         13.310589           11.988852      0.65545189     -0.55826747       5.6245903        5.6245903       105.35839              105.35839
              1       57.924863      0.84814015       1.1905936         13.304001           11.982779      0.65537597     -0.57860474       5.6245903        5.6245903       104.60055              104.60055
              4       58.422208      0.84814015       1.1903209         13.305416           11.985513      0.65592571     -0.58781828       5.6245903        5.6245903       105.59524              105.59524
              2       58.656009      0.84814015       1.1991298         13.298184             11.9815      0.66640841     -0.59477913       5.6245903        5.6245903       106.06284              106.06284
              1       62.918909      0.84814015       1.1982042          13.29714           11.987997      0.66392828     -0.58846829       5.6245903        5.6245903       114.58864              114.58864
              1       63.047843      0.84814015       1.2051114         13.308221           11.992645      0.66049063     -0.60467229       5.6245903        5.6245903        114.8465               114.8465
              5       60.747103      0.84814015       1.1942186         13.308366           11.985789      0.64444119     -0.60316594       5.6245903        5.6245903       110.24503              110.24503
              2       60.529504      0.84814015       1.1900235          13.30696           11.986455      0.64416785     -0.59609516       5.6245903        5.6245903       109.80983              109.80983
              3        58.74468      0.84814015       1.2007384          13.30981           11.985606      0.64708066     -0.58670019       5.6245903        5.6245903       106.24018              106.24018
              1       58.696135      0.84814015       1.2055299         13.305927           11.987182      0.65039666      -0.5730881       5.6245903        5.6245903       106.14309              106.14309
              1       58.893901      0.83946605       1.2055299         13.305927           11.987182      0.65039666      -0.5730881       5.6245903        5.6245903       106.53862              106.53862
              5       58.815307      0.83946605       1.2126547         13.305194           11.986501      0.65387707     -0.57950893       5.6245903        5.6245903       106.38143              106.38143
              4       57.930279      0.83946605       1.2366433         13.312331           11.989752      0.65946155     -0.57088579       5.6245903        5.6245903       104.61138              104.61138
              5       57.939641      0.83946605       1.2365957          13.31241            11.98975      0.65945446      -0.5709915       5.6245903        5.6245903        104.6301               104.6301
              1       58.134326      0.83946605       1.2390147         13.312941            11.98865      0.65934441     -0.57025362       5.6245903        5.6245903       105.01947              105.01947
              1       58.180924      0.83946605        1.239011         13.313199            11.98868      0.65923442     -0.57087438       5.6245903        5.6245903       105.11267              105.11267
              4       57.924305      0.83946605       1.2481579         13.314408           11.989453      0.66257723     -0.56770453       5.6245903        5.6245903       104.59943              104.59943
              2       57.888098      0.83946605       1.2441619         13.319392            11.99955        0.656628     -0.54854044       5.6245903        5.6245903       104.52701              104.52701
              1       57.860847      0.83857992       1.2441619         13.319392            11.99955        0.656628     -0.54854044       5.6245903        5.6245903       104.47251              104.47251
              1       58.659248      0.83857992       1.2638405         13.313402           11.998717      0.66382939     -0.51463854       5.6245903        5.6245903       106.06932              106.06932
              1        58.82358      0.83857992       1.2624976         13.317383           11.998595       0.6647438     -0.51183405       5.6245903        5.6245903       106.39798              106.39798
              2       58.700508      0.83857992       1.2640943         13.317584           11.999777      0.66583375     -0.51342854       5.6245903        5.6245903       106.15184              106.15184
              1       58.693123      0.83857992        1.264362         13.317639           11.999797      0.66570208     -0.51343184       5.6245903        5.6245903       106.13707              106.13707
              1        58.94245      0.83857992       1.2624777         13.322637           12.004349      0.66722379      -0.5114023       5.6245903        5.6245903       106.63572              106.63572
              3       59.186117      0.83857992       1.2808423           13.3232           12.004166      0.67340559       -0.516803       5.6245903        5.6245903       107.12305              107.12305
              3       58.702399      0.83857992       1.2977194         13.327821           12.005587      0.65998208     -0.51913786       5.6245903        5.6245903       106.15562              106.15562
              4       58.172705      0.83857992       1.2989376         13.328452           12.003306      0.66331786     -0.55315144       5.6245903        5.6245903       105.09623              105.09623
              1       58.223948      0.83857992       1.3104655         13.330913            12.00231      0.66019616     -0.55351355       5.6245903        5.6245903       105.19872              105.19872
              1       57.937565      0.83857992        1.314616          13.33243           12.001755      0.67631077     -0.57955917       5.6245903        5.6245903       104.62595              104.62595
              2       57.933973      0.83857992       1.3157504         13.333793           12.002192       0.6763958     -0.57888758       5.6245903        5.6245903       104.61876              104.61876
              6       57.770057      0.83857992       1.3115373         13.333215           12.002796      0.68011846     -0.57053241       5.6245903        5.6245903       104.29093              104.29093
              2       58.068454      0.83857992       1.3196938         13.324973           11.999592      0.67738786     -0.54946674       5.6245903        5.6245903       104.88773              104.88773
              1       58.250912      0.83857992       1.3207767         13.322837           11.998909      0.67181725     -0.55653192       5.6245903        5.6245903       105.25264              105.25264
              3       58.289155      0.83857992       1.3302554          13.31368           11.992097      0.67078235     -0.54223003       5.6245903        5.6245903       105.32913              105.32913
              1       58.258935      0.83857992       1.3180618         13.316167           11.990409      0.66322805     -0.53318283       5.6245903        5.6245903       105.26869              105.26869
              2       58.448899      0.84105471       1.3180618         13.316167           11.990409      0.66322805     -0.53318283       5.6245903        5.6245903       105.64862              105.64862
              1       59.114154      0.84105471       1.3418009         13.313078           11.982602      0.66791176     -0.54405622       5.6245903        5.6245903       106.97913              106.97913
              3       59.585765      0.84105471       1.3316106         13.310554           11.979264      0.66989309     -0.55043722       5.6245903        5.6245903       107.92235              107.92235
              2       58.007589      0.84105471        1.332855         13.311809           11.983191      0.66531636     -0.56831102       5.6245903        5.6245903         104.766                104.766
              3       58.414726      0.84105471       1.3339121         13.313308           11.981364      0.66506235     -0.56760875       5.6245903        5.6245903       105.58027              105.58027
              1       59.558522      0.84105471       1.3277675         13.318138           11.984189       0.6536419     -0.58671829       5.6245903        5.6245903       107.86786              107.86786
              3       59.469104      0.84105471        1.332422         13.322269           11.990314      0.64968894     -0.57096748       5.6245903        5.6245903       107.68903              107.68903
              4       59.159974      0.84105471       1.3268799         13.323529           11.988951      0.65036781     -0.56800399       5.6245903        5.6245903       107.07077              107.07077
              1       60.329595      0.84105471       1.3276254         13.323434           11.984851      0.64798504     -0.57180643       5.6245903        5.6245903       109.41001              109.41001
              1        60.22616      0.84105471        1.325608         13.323197           11.985034      0.64781878     -0.56876934       5.6245903        5.6245903       109.20314              109.20314
              3       59.492762      0.84105471       1.3198018         13.322251           11.986576      0.65037136     -0.57273374       5.6245903        5.6245903       107.73634              107.73634
              4       59.543403      0.84105471       1.3195247         13.322437           11.986577      0.65022047     -0.57289301       5.6245903        5.6245903       107.83762              107.83762
              3        58.59819      0.84105471       1.3328281         13.312198           11.982168      0.65310003     -0.56472136       5.6245903        5.6245903        105.9472               105.9472
              4        58.59906      0.84105471       1.3336587         13.312377           11.982474      0.65323878     -0.56471068       5.6245903        5.6245903       105.94894              105.94894
              2       58.455255      0.84105471       1.3317784         13.312293           11.982732      0.65501048      -0.5650653       5.6245903        5.6245903       105.66133              105.66133
              1        58.46151      0.84105471       1.3315784         13.312332           11.982793      0.65494439     -0.56518674       5.6245903        5.6245903       105.67384              105.67384
              3       58.531127      0.84105471       1.3234046         13.311154           11.983515      0.65238394     -0.56272546       5.6245903        5.6245903       105.81307              105.81307
              2       58.589204      0.84105471       1.3225931         13.312214           11.984646      0.65262248     -0.56372732       5.6245903        5.6245903       105.92923              105.92923
              3       58.265834      0.84105471       1.3261415         13.314747           11.986989      0.65403535     -0.54396741       5.6245903        5.6245903       105.28249              105.28249
              2       58.444739      0.84105471       1.3259242         13.315347           11.986411      0.65399616     -0.53853303       5.6245903        5.6245903        105.6403               105.6403
              1        58.48407      0.84105471        1.321269         13.322242           11.992387      0.66132663     -0.53901172       5.6245903        5.6245903       105.71896              105.71896
              1       58.472516      0.84051618        1.321269         13.322242           11.992387      0.66132663     -0.53901172       5.6245903        5.6245903       105.69585              105.69585
              4       59.731344      0.84051618       1.3285517         13.324485           11.990579      0.63848934     -0.54229545       5.6245903        5.6245903       108.21351              108.21351
              2       59.506996      0.84051618       1.3295139         13.323595           11.992105      0.63808017     -0.53457303       5.6245903        5.6245903       107.76481              107.76481
              2       60.187067      0.84051618        1.314202         13.319292           11.985259      0.64044426     -0.53507877       5.6245903        5.6245903       109.12495              109.12495
              2       60.137398      0.85538273        1.314202         13.319292           11.985259      0.64044426     -0.53507877       5.6245903        5.6245903       109.02562              109.02562
              1       61.346727      0.85538273       1.3244018          13.31204           11.983006      0.63715783     -0.53653977       5.6245903        5.6245903       111.44427              111.44427
              2       61.318158      0.85538273       1.3161743          13.31429           11.983006      0.62724186     -0.54942509       5.6245903        5.6245903       111.38714              111.38714
              3       61.680451      0.85538273       1.3289653         13.331241           11.979768      0.64194779     -0.57549539       5.6245903        5.6245903       112.11172              112.11172
              1       60.875965      0.85538273       1.3307941         13.334693           11.983759       0.6385084     -0.57536367       5.6245903        5.6245903       110.50275              110.50275
              2       61.276996      0.85538273       1.3321172         13.334884           11.982918      0.63790202     -0.57516729       5.6245903        5.6245903       111.30481              111.30481
              1       61.087921      0.85538273         1.31816         13.329307           11.979922      0.64705697     -0.58129881       5.6245903        5.6245903       110.92666              110.92666
              1       59.629077      0.85538273       1.3222299         13.327431           11.982161      0.64717985     -0.58737812       5.6245903        5.6245903       108.00897              108.00897
              4       59.717675      0.85538273       1.3234186         13.325233           11.979785      0.64549538     -0.58750589       5.6245903        5.6245903       108.18617              108.18617
              2       59.607943      0.85538273       1.3219082         13.324938           11.980187      0.64714543     -0.58604992       5.6245903        5.6245903       107.96671              107.96671
              1       59.524223      0.85538273       1.3194987         13.322085           11.981856      0.64630598     -0.58889775       5.6245903        5.6245903       107.79926              107.79926
              3        59.27544      0.85538273       1.3160701         13.320753           11.979362      0.64503247     -0.58500259       5.6245903        5.6245903        107.3017               107.3017
              4       59.286768      0.85538273       1.3167929         13.320643           11.978766      0.64683812      -0.5809043       5.6245903        5.6245903       107.32436              107.32436
              2       60.893475      0.86367516       1.3167929         13.320643           11.978766      0.64683812      -0.5809043       5.6245903        5.6245903       110.53777              110.53777
              4       60.570359      0.86367516       1.3067164         13.321687           11.973614      0.64522032     -0.58955533       5.6245903        5.6245903       109.89154              109.89154
              8       60.865157      0.86367516       1.2986101         13.305751            11.97114      0.63597343     -0.57498942       5.6245903        5.6245903       110.48113              110.48113
              6       60.721187      0.86367516       1.2975159         13.305352           11.970739      0.63751101     -0.57466832       5.6245903        5.6245903       110.19319              110.19319
              4       60.423005      0.86367516       1.2656434          13.30356           11.969938      0.63423413     -0.54488399       5.6245903        5.6245903       109.59683              109.59683
              2       60.622036      0.86367516       1.2751546         13.303868           11.971845      0.62738848     -0.53743919       5.6245903        5.6245903       109.99489              109.99489
              1       60.632132      0.86367516       1.2717263          13.30694            11.97072      0.62723424     -0.53415223       5.6245903        5.6245903       110.01508              110.01508
              5       60.995983      0.86367516       1.2688256         13.304679           11.969578      0.62812397     -0.53011705       5.6245903        5.6245903       110.74279              110.74279
              3       60.989218      0.86367516       1.2689953         13.304308           11.969582      0.62825168     -0.52989576       5.6245903        5.6245903       110.72926              110.72926
              2       60.704853      0.86367516       1.2662779         13.303591           11.971869      0.62877485     -0.53399267       5.6245903        5.6245903       110.16052              110.16052
              3       61.059948      0.86367516       1.2616664         13.306584           11.970795      0.62654725     -0.52819152       5.6245903        5.6245903       110.87072              110.87072
              1       60.840472      0.86367516       1.2645707         13.306547            11.97181      0.62528161     -0.52699705       5.6245903        5.6245903       110.43176              110.43176
              2       60.249225      0.86367516       1.2623073          13.30686           11.972376      0.62319289     -0.53223153       5.6245903        5.6245903       109.24927              109.24927
              5       60.281606      0.86367516        1.254434         13.304763           11.970919      0.62642727     -0.53474188       5.6245903        5.6245903       109.31403              109.31403
              2       59.852449      0.85591445        1.254434         13.304763           11.970919      0.62642727     -0.53474188       5.6245903        5.6245903       108.45572              108.45572
              3       58.540026      0.85591445       1.2498761         13.293333           11.967019      0.63229163     -0.55040914       5.6245903        5.6245903       105.83087              105.83087
              1       59.300531      0.85591445       1.2547507         13.298272           11.964022      0.63196435     -0.56374579       5.6245903        5.6245903       107.35188              107.35188
              1       59.637073      0.85591445       1.2543154         13.298281           11.963223      0.63176012     -0.56315418       5.6245903        5.6245903       108.02497              108.02497
              1       59.426971       0.8571835       1.2543154         13.298281           11.963223      0.63176012     -0.56315418       5.6245903        5.6245903       107.60476              107.60476
              9       58.689289       0.8571835       1.2490985         13.296271           11.964569      0.63717737     -0.56792967       5.6245903        5.6245903        106.1294               106.1294
              3       58.927497       0.8571835       1.2471425         13.295363            11.96307       0.6364419     -0.56656539       5.6245903        5.6245903       106.60581              106.60581
              2       60.185527       0.8571835       1.2298824          13.29974           11.964975      0.63612712     -0.56225384       5.6245903        5.6245903       109.12187              109.12187
              6       60.166733       0.8571835       1.2330872         13.307352           11.968244       0.6357229     -0.58622815       5.6245903        5.6245903       109.08429              109.08429
              1       59.207082       0.8571835       1.2445192         13.301287           11.965521      0.63741637     -0.58278043       5.6245903        5.6245903       107.16498              107.16498
              4       59.079708       0.8571835       1.2542541         13.302365           11.969852      0.63402696     -0.58712876       5.6245903        5.6245903       106.91024              106.91024
              2       59.246268       0.8571835       1.2559973          13.30197           11.965492      0.63259716     -0.57603862       5.6245903        5.6245903       107.24335              107.24335
              1       60.082014       0.8571835       1.2648783          13.29433           11.970812      0.63953325     -0.56658052       5.6245903        5.6245903       108.91485              108.91485
              1        58.88116       0.8571835       1.2879307         13.303328           11.970963      0.64219697     -0.56730984       5.6245903        5.6245903       106.51314              106.51314
              1        59.52389       0.8571835       1.2897112         13.306262           11.975642      0.65159607     -0.57359683       5.6245903        5.6245903        107.7986               107.7986
              2       59.445106       0.8571835       1.2861613         13.304799           11.974609       0.6527867     -0.57328903       5.6245903        5.6245903       107.64103              107.64103
              4        59.22552       0.8571835       1.2519298         13.317529           11.981324      0.64827881     -0.56618384       5.6245903        5.6245903       107.20186              107.20186
              3       59.192881       0.8571835       1.2510199         13.315511           11.985038      0.64968291     -0.56271763       5.6245903        5.6245903       107.13658              107.13658
              7       60.494422       0.8571835       1.2623974         13.306106           11.981377      0.64504849     -0.55843309       5.6245903        5.6245903       109.73966              109.73966
              6       59.838395       0.8571835       1.2353756          13.30089           11.976536      0.64875347     -0.54421936       5.6245903        5.6245903       108.42761              108.42761
              4       60.088364       0.8571835        1.242663         13.301941           11.974884      0.64922966     -0.54299108       5.6245903        5.6245903       108.92755              108.92755
              1       60.109933       0.8571835       1.2424907         13.301971           11.974877       0.6494702     -0.54316595       5.6245903        5.6245903       108.97069              108.97069
              1       59.031578       0.8571835       1.2289107         13.300663           11.967485       0.6410712     -0.57572201       5.6245903        5.6245903       106.81397              106.81397
              9       59.149375       0.8571835       1.2310438         13.288647           11.966962      0.64287078     -0.57606252       5.6245903        5.6245903       107.04957              107.04957
              1        60.43926       0.8571835       1.2235043          13.28356           11.951901      0.63738883     -0.57209424       5.6245903        5.6245903       109.62934              109.62934
              6       59.577163       0.8571835       1.2537879         13.271837           11.945338      0.65458696     -0.57926711       5.6245903        5.6245903       107.90514              107.90514
              1       58.704682       0.8571835       1.2411163         13.268682            11.94987      0.64781684     -0.57337539       5.6245903        5.6245903       106.16018              106.16018
              4        58.58774       0.8571835       1.2402656         13.269227             11.9498      0.64746143     -0.57545495       5.6245903        5.6245903        105.9263               105.9263
              1       58.392119       0.8571835       1.2245056         13.271197           11.949295      0.63856501     -0.58042814       5.6245903        5.6245903       105.53506              105.53506
              1       58.531631       0.8571835        1.230924         13.273257            11.94977      0.63670607     -0.58439559       5.6245903        5.6245903       105.81408              105.81408
              5       58.804835       0.8571835        1.245356         13.267066           11.943021      0.62533211     -0.55581267       5.6245903        5.6245903       106.36049              106.36049
              2       59.753051       0.8571835        1.253883         13.268551           11.942439      0.61281324     -0.56511698       5.6245903        5.6245903       108.25692              108.25692
              3       60.811875       0.8571835       1.2566517         13.261417           11.936883      0.61790309     -0.59313789       5.6245903        5.6245903       110.37457              110.37457
              2       61.073325       0.8571835       1.2544507         13.261535           11.937062      0.61648318     -0.59359221       5.6245903        5.6245903       110.89747              110.89747
              6       60.624848       0.8571835       1.2625976         13.267294           11.936845      0.61108213     -0.55989455       5.6245903        5.6245903       110.00052              110.00052
              2       61.833573       0.8571835       1.2674894         13.265057            11.93239      0.60944146      -0.5586438       5.6245903        5.6245903       112.41797              112.41797
              2       61.542331       0.8571835         1.26758         13.261816           11.930808      0.60652272     -0.55735929       5.6245903        5.6245903       111.83548              111.83548
              1       61.378153       0.8571835        1.268622          13.26185           11.931766      0.60756798     -0.54286881       5.6245903        5.6245903       111.50713              111.50713
              1       60.837525       0.8571835       1.2795205         13.263375            11.93354      0.60494088     -0.54337806       5.6245903        5.6245903       110.42587              110.42587
              2       62.209627       0.8571835        1.266527         13.263572           11.944234      0.59880993     -0.54350339       5.6245903        5.6245903       113.17007              113.17007
              1       63.491221       0.8571835       1.2827961         13.261699           11.939332      0.59235413     -0.55179279       5.6245903        5.6245903       115.73326              115.73326
              1       64.256008       0.8571835       1.2798651         13.265558           11.941153      0.59016636     -0.55852596       5.6245903        5.6245903       117.26284              117.26284
              2       63.296613       0.8571835       1.2716947         13.266061            11.93538      0.58945183     -0.55913394       5.6245903        5.6245903       115.34405              115.34405
              1        63.69983       0.8571835       1.2756955         13.268881           11.933839      0.59269718     -0.56029704       5.6245903        5.6245903       116.15048              116.15048
             12       62.960988       0.8571835       1.2739255         13.265807           11.934128      0.59522249     -0.56954245       5.6245903        5.6245903       114.67279              114.67279
              1       62.292116       0.8571835       1.2262339         13.261011           11.930952       0.6149364      -0.5932898       5.6245903        5.6245903       113.33505              113.33505
              2       60.532254       0.8571835        1.210818         13.265704           11.941513      0.62286851     -0.60068288       5.6245903        5.6245903       109.81533              109.81533
              3       61.150933      0.86873522        1.210818         13.265704           11.941513      0.62286851     -0.60068288       5.6245903        5.6245903       111.05269              111.05269
              1       60.455554      0.86873522       1.1903309         13.259689           11.935722      0.62286646     -0.60633764       5.6245903        5.6245903       109.66193              109.66193
              1       59.762187      0.86873522       1.1887887         13.261018           11.934111      0.62309174     -0.60478918       5.6245903        5.6245903       108.27519              108.27519
              3       59.738233      0.86873522       1.1905844         13.261923           11.934437      0.62298738     -0.60468896       5.6245903        5.6245903       108.22729              108.22729
              2        60.58119      0.86873522          1.1864         13.263274           11.934106      0.61441752      -0.6098828       5.6245903        5.6245903        109.9132               109.9132
              1       61.105845      0.86873522       1.1951664         13.266475           11.931955      0.61809634     -0.62056018       5.6245903        5.6245903       110.96251              110.96251
              1       60.791252      0.86873522       1.1960078          13.26545           11.933952      0.61964607      -0.6205714       5.6245903        5.6245903       110.33332              110.33332
              4        60.43998      0.86873522       1.2009245         13.262601           11.931323      0.62048928     -0.61667038       5.6245903        5.6245903       109.63078              109.63078
              4       63.031785      0.86873522       1.2362167         13.261927           11.922087       0.6205684      -0.6435443       5.6245903        5.6245903       114.81439              114.81439
              3        61.42608      0.86873522       1.2329891         13.251598           11.917692      0.63609674      -0.6405208       5.6245903        5.6245903       111.60298              111.60298
              1       62.205218      0.86873522       1.2213902         13.253212           11.924635      0.64584441     -0.65219554       5.6245903        5.6245903       113.16125              113.16125
              1       62.202746      0.86873522       1.2318357         13.263725           11.925827      0.64698496     -0.65011614       5.6245903        5.6245903       113.15631              113.15631
              1       60.871346      0.86873522       1.2118904         13.267983           11.934764      0.63797943     -0.63676118       5.6245903        5.6245903       110.49351              110.49351
              3       60.809907      0.86873522       1.2128908         13.267562           11.935364      0.63832465      -0.6354064       5.6245903        5.6245903       110.37063              110.37063
              1       60.219882      0.86873522       1.2009876         13.265237           11.936973      0.63830598     -0.62198379       5.6245903        5.6245903       109.19058              109.19058
              2       60.920417      0.86873522       1.1984865         13.272676           11.937835      0.64372225     -0.61943029       5.6245903        5.6245903       110.59165              110.59165
              5       60.557271      0.86873522       1.1933137          13.27268           11.939321      0.64350827     -0.62472909       5.6245903        5.6245903       109.86536              109.86536
              3       60.466942      0.86873522       1.2032549         13.273821           11.940757      0.64346824     -0.62966936       5.6245903        5.6245903        109.6847               109.6847
              1       60.701358      0.86873522       1.2031689         13.272646            11.94215      0.64458767     -0.63190832       5.6245903        5.6245903       110.15354              110.15354
              3       60.977475      0.86873522       1.2276512          13.26803           11.937374      0.64518135     -0.63386197       5.6245903        5.6245903       110.70577              110.70577
              2       61.055668      0.86873522       1.2341014         13.271993           11.941511       0.6466848     -0.62912409       5.6245903        5.6245903       110.86216              110.86216
              1       61.468266      0.86873522        1.218008         13.275372           11.937693      0.64982848     -0.63778999       5.6245903        5.6245903       111.68735              111.68735
              1       60.638763      0.86873522       1.2016719         13.281995           11.951376      0.64778244     -0.62420093       5.6245903        5.6245903       110.02835              110.02835
              3       60.504905      0.86873522       1.1929816         13.276006           11.947995      0.65024678     -0.60786884       5.6245903        5.6245903       109.76063              109.76063
              2       59.800833      0.85917807       1.1929816         13.276006           11.947995      0.65024678     -0.60786884       5.6245903        5.6245903       108.35249              108.35249
              1       59.599405      0.85917807       1.1924248         13.276426           11.948665       0.6477343     -0.60706787       5.6245903        5.6245903       107.94963              107.94963
              1       59.717974      0.85917807       1.1926303         13.276849           11.948634      0.64784226     -0.60635458       5.6245903        5.6245903       108.18677              108.18677
              2       59.250946      0.85917807       1.1870982         13.275248           11.949774      0.64859416     -0.60121767       5.6245903        5.6245903       107.25271              107.25271
              3       59.152118      0.85917807       1.1867308         13.275607           11.950528      0.64881613     -0.60196545       5.6245903        5.6245903       107.05505              107.05505
              1       59.282413      0.85917807       1.1638856         13.273017           11.950566      0.64748806     -0.59517361       5.6245903        5.6245903       107.31565              107.31565
              1       59.627781      0.85917807       1.1730392         13.265555           11.953352      0.64492046     -0.57783626       5.6245903        5.6245903       108.00638              108.00638
              2       59.509007      0.85917807       1.1732653         13.269632           11.951867      0.64935551     -0.56735623       5.6245903        5.6245903       107.76883              107.76883
              5       59.056164      0.85917807       1.1677085         13.269096           11.951705      0.64840237     -0.57627363       5.6245903        5.6245903       106.86315              106.86315
              1       59.948016      0.85917807       1.1854289         13.270791            11.95538      0.63372669     -0.58171688       5.6245903        5.6245903       108.64685              108.64685
              4       60.239864      0.85917807       1.1883858         13.285192           11.962271      0.63032096     -0.59861368       5.6245903        5.6245903       109.23055              109.23055
              2       60.182059      0.85917807       1.1727012         13.284739           11.959143      0.63009592     -0.60782124       5.6245903        5.6245903       109.11494              109.11494
              3       60.197401      0.85917807        1.172565         13.284671           11.959094      0.63007614     -0.60798599       5.6245903        5.6245903       109.14562              109.14562
              3        59.91127      0.85917807       1.1395053         13.293742           11.969476      0.64206376      -0.6138179       5.6245903        5.6245903       108.57336              108.57336
              1       59.508668      0.85917807       1.1483199         13.289825            11.96757      0.64749943     -0.61040867       5.6245903        5.6245903       107.76816              107.76816
              4       60.352996      0.85917807       1.1430557         13.287282           11.966396      0.64907049     -0.62112897       5.6245903        5.6245903       109.45681              109.45681
              1       60.193686       0.8563277       1.1430557         13.287282           11.966396      0.64907049     -0.62112897       5.6245903        5.6245903       109.13819              109.13819
              1       60.272298       0.8563277       1.1431852         13.287504           11.966199      0.64889539     -0.62252855       5.6245903        5.6245903       109.29541              109.29541
              4       60.348015       0.8563277       1.1431356         13.287772            11.96652      0.64765171     -0.62192191       5.6245903        5.6245903       109.44685              109.44685
              5       60.093853       0.8563277        1.136529          13.29375            11.97031      0.64996979     -0.62202913       5.6245903        5.6245903       108.93853              108.93853
              1       61.026351       0.8563277       1.1751026         13.292949           11.966275      0.67432839     -0.60137393       5.6245903        5.6245903       110.80352              110.80352
              1       61.264348       0.8563277       1.1652531         13.295714           11.972761      0.67596447     -0.58520011       5.6245903        5.6245903       111.27952              111.27952
              1        60.31923       0.8563277       1.1568737         13.297325           11.980631      0.66231773      -0.6012413       5.6245903        5.6245903       109.38928              109.38928
              1       58.772777       0.8563277       1.1596426         13.303434           11.979649      0.65986521     -0.59381434       5.6245903        5.6245903       106.29637              106.29637
              1       58.912562       0.8563277       1.1820059         13.301456           11.972709       0.6555051     -0.60507315       5.6245903        5.6245903       106.57594              106.57594
              4       58.777995       0.8563277       1.1785788         13.297323           11.970168      0.65161263     -0.59668287       5.6245903        5.6245903       106.30681              106.30681
              2       59.074977       0.8563277       1.1829814         13.299456            11.97011      0.65158463     -0.59549755       5.6245903        5.6245903       106.90077              106.90077
              2       59.164186       0.8563277       1.1810205         13.300632           11.978429      0.65086957     -0.59512159       5.6245903        5.6245903       107.07919              107.07919
              1       60.323699       0.8563277       1.1861588         13.297218           11.979398      0.65378697     -0.58916031       5.6245903        5.6245903       109.39822              109.39822
              2       58.711365       0.8563277       1.2193311         13.301117           11.970089      0.64893161     -0.58445632       5.6245903        5.6245903       106.17355              106.17355
              1       58.667647       0.8563277       1.2168808         13.298669           11.968434      0.64360032     -0.59417236       5.6245903        5.6245903       106.08611              106.08611
              3       59.687629       0.8563277       1.2251233         13.296128           11.970625      0.64855787     -0.60606371       5.6245903        5.6245903       108.12608              108.12608
              3       59.368025       0.8563277       1.2372746          13.31414           11.977053      0.64772729     -0.61168893       5.6245903        5.6245903       107.48687              107.48687
              1       59.363518       0.8563277        1.226094           13.3152           11.979239      0.64754319     -0.61216679       5.6245903        5.6245903       107.47785              107.47785
              4        59.68657       0.8563277       1.2247588         13.316223           11.977233      0.65022134      -0.6127012       5.6245903        5.6245903       108.12396              108.12396
              3       59.438781       0.8563277       1.2229993         13.316257           11.981202      0.64998102      -0.6152276       5.6245903        5.6245903       107.62838              107.62838
              2       59.773227       0.8563277       1.2239416         13.318113           11.982113      0.67384851     -0.61913824       5.6245903        5.6245903       108.29727              108.29727
              2        60.15152       0.8563277       1.2276306         13.315713           11.979771      0.67660237     -0.61634625       5.6245903        5.6245903       109.05386              109.05386
              7       59.818824       0.8563277       1.2181149         13.312536            11.97962      0.67591984     -0.61251435       5.6245903        5.6245903       108.38847              108.38847
              5       60.482374       0.8563277       1.1866592         13.309289           11.974752       0.6696178     -0.62236837       5.6245903        5.6245903       109.71557              109.71557
              3       59.287816       0.8563277       1.1892084         13.307013           11.976951      0.66790226     -0.61439034       5.6245903        5.6245903       107.32645              107.32645
              1       59.645803       0.8563277       1.1884494         13.309816           11.977736      0.66949199      -0.6167927       5.6245903        5.6245903       108.04242              108.04242
              3       59.194713       0.8563277        1.185708         13.310758           11.980818      0.66808922     -0.61121776       5.6245903        5.6245903       107.14024              107.14024
              2       59.219564       0.8563277       1.1853861         13.309878            11.98121      0.66995826     -0.60976613       5.6245903        5.6245903       107.18995              107.18995
              1       59.486851       0.8563277       1.1888594         13.311028           11.981264      0.67337514     -0.61378865       5.6245903        5.6245903       107.72452              107.72452
              3       59.727738       0.8563277       1.1965538         13.309649           11.978805      0.67349078     -0.60846006       5.6245903        5.6245903        108.2063               108.2063
              3       59.822141       0.8563277       1.1967462         13.301017           11.975873      0.67212502     -0.62296458       5.6245903        5.6245903        108.3951               108.3951
              2       59.669308      0.84443764       1.1967462         13.301017           11.975873      0.67212502     -0.62296458       5.6245903        5.6245903       108.08944              108.08944
              1       60.795985      0.84443764       1.2016676         13.291057           11.976136      0.70021045     -0.64572323       5.6245903        5.6245903       110.34279              110.34279
              1       59.353178      0.84443764       1.2463274          13.29211           11.971849      0.70153256     -0.63157991       5.6245903        5.6245903       107.45717              107.45717
              2       59.437722      0.84443764       1.2468467         13.289464           11.969686      0.70000371     -0.63448382       5.6245903        5.6245903       107.62626              107.62626
              3       58.639243      0.84443764       1.2511788          13.27652           11.958963      0.69213994      -0.6112297       5.6245903        5.6245903       106.02931              106.02931
              5       58.463419      0.84443764       1.2572174         13.278109           11.961719      0.69224745     -0.60358682       5.6245903        5.6245903       105.67766              105.67766
              1       58.592399      0.84443764       1.2510468         13.278099           11.962404      0.69140378     -0.61621147       5.6245903        5.6245903       105.93562              105.93562
              4       59.108872      0.84443764       1.2376939         13.273118           11.962521      0.69750813     -0.61127465       5.6245903        5.6245903       106.96856              106.96856
              4         59.3105      0.84443764       1.2333384         13.278824           11.967006      0.69997059     -0.59414866       5.6245903        5.6245903       107.37182              107.37182
              1        59.27581      0.84443764       1.2305719         13.279372           11.968761      0.69952689     -0.59543133       5.6245903        5.6245903       107.30244              107.30244
              7        59.10157      0.84443764       1.2276857         13.279403           11.967729      0.69771272     -0.59228739       5.6245903        5.6245903       106.95396              106.95396
              3       59.289958      0.84443764       1.2328347          13.27883           11.970101      0.69462671     -0.59323869       5.6245903        5.6245903       107.33074              107.33074
              4       58.802452      0.84443764       1.2360471         13.278524            11.96757      0.69395471     -0.59162532       5.6245903        5.6245903       106.35572              106.35572
              2       59.236069      0.84443764       1.2399222         13.276695            11.96708      0.69047999     -0.60429145       5.6245903        5.6245903       107.22296              107.22296
              2       58.826205      0.84443764       1.2124506         13.276667           11.968255      0.67557018     -0.59650165       5.6245903        5.6245903       106.40323              106.40323
              1       57.940626      0.84443764       1.2039883         13.291287           11.973232      0.66152031      -0.5699621       5.6245903        5.6245903       104.63207              104.63207
              6         58.1225      0.84443764       1.2050847         13.290852           11.972166       0.6608935     -0.56918214       5.6245903        5.6245903       104.99582              104.99582
              4       57.545504      0.84443764       1.2096767         13.294942           11.978325      0.66258639     -0.57089985       5.6245903        5.6245903       103.84183              103.84183
              3       57.778202      0.84443764       1.2123898         13.297997           11.980539      0.65756801     -0.57374705       5.6245903        5.6245903       104.30722              104.30722
              3       58.003384      0.84443764       1.2044936         13.297132           11.979935      0.65639974     -0.57862572       5.6245903        5.6245903       104.75759              104.75759
              1       57.956544      0.84443764       1.2039518         13.296613            11.97984      0.65658504     -0.57715051       5.6245903        5.6245903       104.66391              104.66391
              2        58.23937      0.84443764       1.2047529         13.291766           11.972828      0.65605857     -0.58521607       5.6245903        5.6245903       105.22956              105.22956
              2       58.212399      0.84443764       1.2083409         13.290992           11.973295      0.65503525     -0.58435439       5.6245903        5.6245903       105.17562              105.17562
              1       58.007448      0.84443764        1.223865         13.289177           11.974998      0.66996838     -0.58827233       5.6245903        5.6245903       104.76572              104.76572
              1       58.407486      0.84443764       1.2317205         13.282425           11.971979      0.67539809     -0.58396109       5.6245903        5.6245903       105.56579              105.56579
              1       58.243167      0.84443764       1.2457894          13.28429           11.973411      0.66866088     -0.55995983       5.6245903        5.6245903       105.23715              105.23715
              1       58.099453      0.84443764       1.2552478         13.282379           11.961471      0.65883291     -0.57309662       5.6245903        5.6245903       104.94973              104.94973
