#        weight    minuslogpost          sigma8        ygk_Ahmc ygk_LOWZ__4_lM1_0 ygk_LOWZ__4_lMmin_0  ygk_LOWZ__4_wz   ygk_mass_bias       ygk_rhogy   minuslogprior minuslogprior__0            chi2 chi2__ygk_like.ygkLike
              1       423.49728      0.85233006      0.94228856         13.534909           12.064917       1.0112793      0.76471449     -0.52568505       4.7082995        4.7082995       837.57797              837.57797
              5        318.8989      0.85233006      0.92955747         13.518391           12.081516       1.0148129      0.75996233     -0.51641595       4.7082995        4.7082995        628.3812               628.3812
              1       294.53499      0.85233006       0.9407219          13.51617           12.090027       1.0118329      0.76451958     -0.51577836       4.7082995        4.7082995       579.65338              579.65338
              2       291.28738      0.85233006      0.93920338         13.517585           12.091033       1.0118962      0.76475435     -0.52254566       4.7082995        4.7082995       573.15815              573.15815
              1       263.57605      0.85233006      0.97313974         13.509792           12.097349       1.0098952      0.76738587      -0.5086172       4.7082995        4.7082995        517.7355               517.7355
              4       257.73251      0.85233006      0.97684814         13.515729           12.100312       1.0036027      0.76159583     -0.52796373       4.7082995        4.7082995       506.04842              506.04842
              1       256.74316      0.85233006      0.97869886         13.518857           12.102318       1.0041598       0.7616856     -0.52717756       4.7082995        4.7082995       504.06973              504.06973
              4       251.42065      0.85233006      0.98410367         13.518497           12.100406       1.0051767      0.75717383      -0.5306213       4.7082995        4.7082995       493.42469              493.42469
              1        237.3813      0.85233006      0.99200719         13.516847           12.100504       1.0065224      0.74592793     -0.51713479       4.7082995        4.7082995         465.346                465.346
              1       217.77398      0.85233006      0.99598138         13.517268           12.107259       1.0075963      0.74726361     -0.51767708       4.7082995        4.7082995       426.13137              426.13137
              3       217.98523      0.85233006      0.99583751         13.517333           12.107261       1.0076104       0.7472844     -0.51752695       4.7082995        4.7082995       426.55387              426.55387
              1       205.30224      0.85233006       0.9973841         13.519512           12.110447        1.008311      0.73577634     -0.50450436       4.7082995        4.7082995       401.18788              401.18788
              1       204.51549      0.85233006      0.99789666          13.51953           12.110755       1.0081225      0.73572165      -0.5048188       4.7082995        4.7082995       399.61437              399.61437
              3        198.3833      0.85233006      0.98533101         13.522258           12.113096       1.0082923      0.73327051     -0.51633634       4.7082995        4.7082995          387.35                 387.35
              2       168.58396      0.85233006      0.97579585         13.515402           12.125579       1.0095057      0.73842969     -0.50622374       4.7082995        4.7082995       327.75132              327.75132
              1       168.13265      0.85233006      0.97535343         13.515357           12.125697       1.0094362      0.73816333     -0.50623349       4.7082995        4.7082995        326.8487               326.8487
              3       150.68169      0.85233006      0.99424956         13.508435           12.128406       1.0088971      0.73348509     -0.49912165       4.7082995        4.7082995       291.94678              291.94678
              1       123.07255      0.85233006       1.0002479         13.508244           12.146851       1.0076095      0.74153026     -0.52518208       4.7082995        4.7082995        236.7285               236.7285
              2       109.29566       0.8441195       1.0002479         13.508244           12.146851       1.0076095      0.74153026     -0.52518208       4.7082995        4.7082995       209.17473              209.17473
              1       103.98909       0.8441195       1.0037255         13.513634           12.150335        1.008303      0.73728455     -0.52692145       4.7082995        4.7082995       198.56159              198.56159
              2       103.02319       0.8441195        1.003625          13.51329           12.150804       1.0079875      0.73693455     -0.52734864       4.7082995        4.7082995       196.62978              196.62978
              1        100.6878       0.8441195      0.99026185         13.515021           12.161907        1.008992      0.74709133     -0.53282126       4.7082995        4.7082995       191.95901              191.95901
              2       97.281167       0.8441195      0.98697806         13.513017           12.162243       1.0098809      0.74522126     -0.53441187       4.7082995        4.7082995       185.14574              185.14574
              1       85.127589       0.8441195      0.98627762           13.5183           12.164771       1.0119853      0.73288614     -0.54548143       4.7082995        4.7082995       160.83858              160.83858
              1       79.882632       0.8441195      0.98341108         13.509629           12.167629       1.0123257      0.73074317     -0.54807255       4.7082995        4.7082995       150.34867              150.34867
              1        80.55978       0.8441195      0.98368404         13.510738            12.17179        1.013495      0.73457742     -0.55370439       4.7082995        4.7082995       151.70296              151.70296
              2       81.493372       0.8441195      0.96835229         13.509648           12.162722       1.0160772      0.73706731     -0.56192392       4.7082995        4.7082995       153.57014              153.57014
              1       79.556556       0.8441195      0.99297218          13.50665           12.156767         1.01628      0.73789725      -0.5773797       4.7082995        4.7082995       149.69651              149.69651
              1       79.900861       0.8441195      0.97837116          13.50854           12.157748       1.0097982      0.73853632     -0.60560563       4.7082995        4.7082995       150.38512              150.38512
              1       80.686767       0.8441195      0.97467768         13.513052           12.157439       1.0113878      0.73339747     -0.62400877       4.7082995        4.7082995       151.95694              151.95694
              1       75.051416       0.8441195      0.95541111         13.513876           12.169338       1.0094736      0.73291507     -0.62372823       4.7082995        4.7082995       140.68623              140.68623
              1       75.134002       0.8441195      0.96188708         13.514872           12.170739       1.0082247      0.73473732     -0.62887695       4.7082995        4.7082995        140.8514               140.8514
              4       73.993344       0.8441195      0.96034331         13.507543           12.170646       1.0081967      0.73498128     -0.63608025       4.7082995        4.7082995       138.57009              138.57009
              4       74.018228       0.8441195      0.96167481         13.507023           12.170381        1.007884      0.73550735     -0.63630655       4.7082995        4.7082995       138.61986              138.61986
              1       73.404479       0.8441195      0.96964425         13.506929           12.170213       1.0088591      0.73441524     -0.63160412       4.7082995        4.7082995       137.39236              137.39236
              4       74.428713       0.8441195      0.97135405         13.508785           12.167123       1.0092148      0.73438896     -0.63666232       4.7082995        4.7082995       139.44083              139.44083
              1       74.830579       0.8441195      0.97309287         13.509099           12.166768       1.0086912      0.73470206     -0.63963657       4.7082995        4.7082995       140.24456              140.24456
              2       74.326173       0.8441195      0.96437044         13.509427           12.169173        1.007216      0.73003444     -0.64121973       4.7082995        4.7082995       139.23575              139.23575
              1       73.748175       0.8441195      0.96782617         13.506744            12.16669        1.005127      0.73011953      -0.6299139       4.7082995        4.7082995       138.07975              138.07975
              3       72.165881       0.8441195      0.97987578         13.506061           12.166554       1.0060034      0.72265603     -0.63009243       4.7082995        4.7082995       134.91516              134.91516
              4       70.299653       0.8441195      0.96792624         13.501408           12.167657       1.0108902      0.71714764     -0.61548353       4.7082995        4.7082995       131.18271              131.18271
              2       70.164358       0.8441195      0.96379743         13.501786           12.166547       1.0100896      0.71538915     -0.61400172       4.7082995        4.7082995       130.91212              130.91212
              4        70.34303       0.8441195      0.96415378         13.502416           12.167041       1.0100874      0.71552353     -0.61609518       4.7082995        4.7082995       131.26946              131.26946
              2       70.724548       0.8441195      0.96211168         13.499905           12.169702       1.0074889      0.72149692     -0.61534784       4.7082995        4.7082995        132.0325               132.0325
              1       69.888073       0.8441195      0.96306452         13.491684            12.16276       1.0080884      0.72018405     -0.59343551       4.7082995        4.7082995       130.35955              130.35955
              2       69.845125       0.8441195       0.9518167          13.48988           12.167071       1.0097436      0.71338438     -0.59295279       4.7082995        4.7082995       130.27365              130.27365
              3       68.400338       0.8441195      0.96148547         13.502972           12.168259       1.0104277       0.7080418     -0.57396987       4.7082995        4.7082995       127.38408              127.38408
              1       67.150026       0.8441195      0.97768366          13.50022           12.166374       1.0099403      0.69998024     -0.58279189       4.7082995        4.7082995       124.88345              124.88345
              1        68.25796       0.8441195       1.0052894         13.500473           12.162272       1.0078953      0.71165402     -0.59678478       4.7082995        4.7082995       127.09932              127.09932
              5       65.866132       0.8441195       1.0369586         13.489216           12.156337       1.0092358      0.70048027     -0.57034578       4.7082995        4.7082995       122.31567              122.31567
              1       66.071325       0.8441195        1.037603         13.494562           12.153488       1.0060362      0.69631517     -0.56755729       4.7082995        4.7082995       122.72605              122.72605
              2       66.047372       0.8441195       1.0155019         13.483824           12.157143       1.0068531      0.69624722     -0.55305551       4.7082995        4.7082995       122.67815              122.67815
              1       64.896713      0.82704454       1.0155019         13.483824           12.157143       1.0068531      0.69624722     -0.55305551       4.7082995        4.7082995       120.37683              120.37683
              1       62.724221      0.82704454       1.0299195         13.482189           12.160426       1.0079202      0.69345875     -0.54079008       4.7082995        4.7082995       116.03184              116.03184
              1       62.775382      0.82704454       1.0336662         13.478643           12.159279       1.0086365      0.69568154     -0.54539395       4.7082995        4.7082995       116.13417              116.13417
              4       60.799489      0.82704454       1.0393857          13.47627           12.157814       1.0041952      0.70262107     -0.53584281       4.7082995        4.7082995       112.18238              112.18238
              4       61.056238      0.82704454       1.0442875          13.47716           12.158805       1.0058798      0.70082048     -0.53629071       4.7082995        4.7082995       112.69588              112.69588
              1       61.059842      0.82715743       1.0442875          13.47716           12.158805       1.0058798      0.70082048     -0.53629071       4.7082995        4.7082995       112.70309              112.70309
              1       61.124207      0.82715743       1.0392856          13.46475           12.154176       1.0057631      0.70307234     -0.53299272       4.7082995        4.7082995       112.83181              112.83181
              1        61.79705      0.82715743       1.0428011          13.46983           12.145889       1.0080964      0.71491582     -0.52800174       4.7082995        4.7082995        114.1775               114.1775
              5       61.382171      0.82715743       1.0594522         13.467692           12.149281       1.0045894      0.72253141     -0.53979357       4.7082995        4.7082995       113.34774              113.34774
              2       61.981822      0.82715743       1.0488509         13.461463           12.153683       1.0034527      0.71734877       -0.546547       4.7082995        4.7082995       114.54704              114.54704
             12       61.009513      0.82715743       1.0413758         13.464533            12.15173       1.0033894      0.71706467     -0.55009167       4.7082995        4.7082995       112.60243              112.60243
              1       61.017983      0.82715743       1.0525835         13.461129           12.149106       1.0030178      0.72011504     -0.55139187       4.7082995        4.7082995       112.61937              112.61937
              4       62.568076      0.82715743       1.0478917         13.448593           12.145932       1.0066035      0.71063991     -0.54946934       4.7082995        4.7082995       115.71955              115.71955
              4       62.815687      0.82715743       1.0491646         13.448585           12.146411       1.0063207      0.70967012     -0.54935314       4.7082995        4.7082995       116.21478              116.21478
              3       61.932194      0.82715743        1.040819         13.447588           12.143664       1.0076015      0.71773491     -0.53967753       4.7082995        4.7082995       114.44779              114.44779
              5         59.8858      0.82715743       1.0687309         13.447189           12.131806        1.013928      0.71449261     -0.53935964       4.7082995        4.7082995         110.355                110.355
              2       60.043097      0.82715743        1.069733         13.448819           12.132403       1.0141753      0.71523626     -0.53344557       4.7082995        4.7082995        110.6696               110.6696
              1       60.569808      0.82715743       1.0734281         13.445987           12.127918       1.0134083      0.71856676     -0.53001059       4.7082995        4.7082995       111.72302              111.72302
              4       61.145814      0.82715743       1.0637489         13.446298           12.129109       1.0116738      0.72015022     -0.52817707       4.7082995        4.7082995       112.87503              112.87503
              1       60.964142      0.82715743       1.0616247         13.449276           12.130862       1.0115454      0.71810213     -0.52903466       4.7082995        4.7082995       112.51168              112.51168
              4       60.993875      0.82715743       1.0615925         13.449352           12.130832       1.0115606      0.71819479     -0.52909026       4.7082995        4.7082995       112.57115              112.57115
              1       62.346936      0.82715743       1.0878014         13.443938           12.132763       1.0133335      0.72216469     -0.51875264       4.7082995        4.7082995       115.27727              115.27727
              1       61.564591      0.82617593       1.0878014         13.443938           12.132763       1.0133335      0.72216469     -0.51875264       4.7082995        4.7082995       113.71258              113.71258
              3        61.03691      0.82617593       1.1002551         13.447919           12.137249       1.0084112      0.71618895     -0.51505448       4.7082995        4.7082995       112.65722              112.65722
              2       60.809672      0.82617593       1.0974131         13.451084           12.135444       1.0097775      0.71108256      -0.4978864       4.7082995        4.7082995       112.20274              112.20274
              2       60.719772      0.82617593        1.098435          13.45109            12.13509       1.0094209      0.71113489     -0.49879651       4.7082995        4.7082995       112.02295              112.02295
              5       60.833113      0.82617593       1.1101132         13.449565           12.135457       1.0083333      0.70116927     -0.47793422       4.7082995        4.7082995       112.24963              112.24963
              2       61.423631      0.82617593       1.1082312         13.448086            12.13879       1.0080755      0.69805257     -0.47648985       4.7082995        4.7082995       113.43066              113.43066
              1       61.157751      0.82617593        1.112045         13.455259           12.140716       1.0092332      0.69627512     -0.47008754       4.7082995        4.7082995        112.8989               112.8989
              3       60.825049      0.82617593       1.1042967         13.454341           12.137825       1.0103807      0.69482178     -0.46468164       4.7082995        4.7082995        112.2335               112.2335
              4       59.686719      0.82617593       1.0899957          13.45039           12.133025       1.0144414      0.69294174     -0.47201204       4.7082995        4.7082995       109.95684              109.95684
              4       60.212897      0.82617593       1.1185891         13.453849           12.128354       1.0181996      0.69967741      -0.4778806       4.7082995        4.7082995        111.0092               111.0092
              7       60.042086      0.82617593       1.1177983         13.453399           12.128118       1.0182073      0.69820264     -0.47701416       4.7082995        4.7082995       110.66757              110.66757
              1       58.730519      0.82617593       1.1182658         13.449498           12.126932       1.0142148       0.6852705     -0.48244221       4.7082995        4.7082995       108.04444              108.04444
              3       59.268084      0.82617593       1.1252392          13.44445           12.131297       1.0124153      0.69011674     -0.48424047       4.7082995        4.7082995       109.11957              109.11957
              1       61.378238      0.82983433       1.1252392          13.44445           12.131297       1.0124153      0.69011674     -0.48424047       4.7082995        4.7082995       113.33988              113.33988
              3       59.914736      0.82983433       1.1286515         13.443234           12.127225       1.0127153      0.69119979     -0.49273092       4.7082995        4.7082995       110.41287              110.41287
              2       60.740568      0.82983433       1.1150651          13.43461           12.126807       1.0056232      0.68310261     -0.47141752       4.7082995        4.7082995       112.06454              112.06454
              4       59.184396      0.82983433       1.1395944         13.438488           12.126605        1.001533      0.68231579     -0.48474129       4.7082995        4.7082995       108.95219              108.95219
              1       60.064058      0.82983433       1.1428926         13.441972           12.128349       1.0013685      0.68488722     -0.47625948       4.7082995        4.7082995       110.71152              110.71152
              1        60.40952      0.82983433       1.1444177         13.444064           12.124299        1.000052      0.68869742     -0.48221741       4.7082995        4.7082995       111.40244              111.40244
              1       60.253559      0.82983433       1.1489712         13.442882           12.124303        1.000299      0.68927009     -0.48262323       4.7082995        4.7082995       111.09052              111.09052
              2       60.168229      0.82965221       1.1489712         13.442882           12.124303        1.000299      0.68927009     -0.48262323       4.7082995        4.7082995       110.91986              110.91986
              1       59.975397      0.82965221       1.1492577         13.444505           12.124598       1.0011169      0.68936058     -0.48535806       4.7082995        4.7082995       110.53419              110.53419
              2       59.949261      0.82965221       1.1502817         13.444366           12.124621       1.0011583      0.68935248     -0.48514023       4.7082995        4.7082995       110.48192              110.48192
              1       59.245175      0.82965221       1.1483431          13.44593           12.124944       1.0041675       0.6864837     -0.48691491       4.7082995        4.7082995       109.07375              109.07375
              4       59.377926      0.82965221       1.1477278         13.444323           12.126267       1.0047423      0.69023805     -0.49085116       4.7082995        4.7082995       109.33925              109.33925
              1       59.520052      0.82965221       1.1483053         13.443505           12.125049       1.0044815       0.6914425     -0.49103895       4.7082995        4.7082995        109.6235               109.6235
              2       59.576408      0.82965221       1.1474125         13.443859           12.121508       1.0052143      0.68922315     -0.49043229       4.7082995        4.7082995       109.73622              109.73622
              1       59.976365      0.82965221       1.1140181         13.441734           12.121265       1.0039933      0.68958506     -0.49812102       4.7082995        4.7082995       110.53613              110.53613
              2       60.317784      0.82965221       1.1105186         13.433676           12.124222       1.0088208       0.6942713     -0.49267024       4.7082995        4.7082995       111.21897              111.21897
              1       59.458526      0.82965221       1.1147791         13.434472           12.124179       1.0101391      0.69508837     -0.51712966       4.7082995        4.7082995       109.50045              109.50045
              4       58.632625      0.82965221       1.1196968         13.435866            12.12047       1.0087862       0.6900633     -0.51993029       4.7082995        4.7082995       107.84865              107.84865
              1        58.81307      0.82965221       1.1161177         13.439021           12.121697       1.0074021      0.69151053     -0.52010477       4.7082995        4.7082995       108.20954              108.20954
              3        59.73937      0.82965221       1.1421127         13.434788            12.12509       1.0048748      0.69875762     -0.52233902       4.7082995        4.7082995       110.06214              110.06214
              2       58.221699      0.82048215       1.1421127         13.434788            12.12509       1.0048748      0.69875762     -0.52233902       4.7082995        4.7082995        107.0268               107.0268
              1       58.158255      0.82048215       1.1321924         13.439674           12.127052       1.0061202      0.71186958     -0.49586048       4.7082995        4.7082995       106.89991              106.89991
              7        58.98465      0.82048215       1.1144981         13.441994           12.126787       1.0039846       0.7054129     -0.48882254       4.7082995        4.7082995        108.5527               108.5527
              3       59.283097      0.82048215       1.1054248         13.437461           12.121828       1.0067197      0.69628391     -0.47847792       4.7082995        4.7082995        109.1496               109.1496
              1       59.910059      0.82048215       1.1034363          13.44718           12.128167       1.0055628      0.69638192     -0.49745952       4.7082995        4.7082995       110.40352              110.40352
              2       59.339995      0.82048215       1.0971816         13.445997           12.128435       1.0080832      0.69883059     -0.50266083       4.7082995        4.7082995       109.26339              109.26339
              1       57.966739      0.82048215       1.0945175         13.440189           12.133775       1.0057165      0.70860821     -0.50333266       4.7082995        4.7082995       106.51688              106.51688
              3       58.286893      0.82048215        1.100571         13.443441           12.132626       1.0062825      0.71249973     -0.49962302       4.7082995        4.7082995       107.15719              107.15719
              3       57.586734      0.82048215       1.1211815         13.433333           12.127183       1.0042417      0.71014543     -0.51662988       4.7082995        4.7082995       105.75687              105.75687
              3       57.594563      0.82048215       1.1208725         13.433747           12.127216       1.0038192      0.71064378     -0.51704045       4.7082995        4.7082995       105.77253              105.77253
              2       57.609151      0.82048215         1.11923         13.433514           12.126739       1.0038743      0.71069701     -0.51806003       4.7082995        4.7082995        105.8017               105.8017
              6       57.705259      0.82048215       1.1088737         13.414746             12.1158       1.0057756      0.71508641     -0.51434594       4.7082995        4.7082995       105.99392              105.99392
              1       58.355988      0.82048215        1.132946         13.411594           12.114999       1.0084513      0.71155753     -0.51073793       4.7082995        4.7082995       107.29538              107.29538
              1       59.947641      0.82048215       1.1156814         13.411833           12.114588       1.0135951      0.71361032     -0.48241632       4.7082995        4.7082995       110.47868              110.47868
              1       59.907736      0.82048215       1.1153002         13.411769           12.114704       1.0137092      0.71336079      -0.4830854       4.7082995        4.7082995       110.39887              110.39887
              2       59.139612      0.82048215       1.1178279         13.425249           12.110582       1.0143229      0.70928258     -0.48384282       4.7082995        4.7082995       108.86263              108.86263
              1       59.376097      0.82048215        1.114435         13.422685           12.108129       1.0128138      0.70101319     -0.47671756       4.7082995        4.7082995       109.33559              109.33559
              2       57.340674      0.82048215        1.116995         13.425526             12.1193       1.0121363       0.6985979     -0.47082837       4.7082995        4.7082995       105.26475              105.26475
              3       57.499579      0.82048215       1.1058462         13.426298           12.121039       1.0102918      0.69315941     -0.48690501       4.7082995        4.7082995       105.58256              105.58256
              2       57.509766      0.82048215       1.1053758         13.427523           12.120664       1.0103958      0.69311905     -0.48674936       4.7082995        4.7082995       105.60293              105.60293
              3       58.172402      0.82048215       1.1278361         13.430845           12.118015       1.0066576      0.69077793      -0.4889422       4.7082995        4.7082995        106.9282               106.9282
              6       57.468851      0.82048215       1.1305991         13.428825           12.120117       1.0068331      0.68955988     -0.48759285       4.7082995        4.7082995        105.5211               105.5211
              2       57.844855      0.82048215       1.1189438         13.427471           12.121422       1.0055267      0.69891175     -0.47307733       4.7082995        4.7082995       106.27311              106.27311
              1       58.082966      0.82048215       1.1138232         13.425196           12.121571       1.0034263      0.68572739     -0.44884071       4.7082995        4.7082995       106.74933              106.74933
              1       60.284623      0.82048215       1.1330241         13.423917           12.127199       1.0021271       0.6876988     -0.44392825       4.7082995        4.7082995       111.15265              111.15265
              1        59.42361      0.82048215        1.139443         13.428795           12.122559       1.0035653      0.68884783        -0.43501       4.7082995        4.7082995       109.43062              109.43062
              1       59.430599      0.82048215       1.1340214         13.437116           12.130132       1.0040346      0.68764347     -0.43482218       4.7082995        4.7082995        109.4446               109.4446
              2       60.027821      0.82048215       1.1327247         13.435034           12.124296       1.0057619      0.68785586     -0.42674894       4.7082995        4.7082995       110.63904              110.63904
              1       60.037002      0.82048215       1.1326513         13.434734           12.121459       1.0054365      0.68934958     -0.43369033       4.7082995        4.7082995        110.6574               110.6574
              4       60.001111      0.82048215       1.1305034         13.435003           12.121421       1.0055025      0.68883759     -0.43416907       4.7082995        4.7082995       110.58562              110.58562
              1       60.187854      0.82048215       1.1305545         13.435602           12.120459       1.0054135      0.68887219     -0.43686322       4.7082995        4.7082995       110.95911              110.95911
              1       60.443811      0.82048215       1.1436933         13.441259           12.120287       1.0055156      0.67580828      -0.4320918       4.7082995        4.7082995       111.47102              111.47102
              2       60.034276      0.82048215       1.1457883         13.443157           12.122434       1.0052184      0.67701989     -0.43312056       4.7082995        4.7082995       110.65195              110.65195
              2       58.384179      0.82048215        1.146864         13.436925           12.124569       1.0002264      0.67389892      -0.4377258       4.7082995        4.7082995       107.35176              107.35176
              2       60.695529      0.82048215       1.1178063         13.444014           12.126998      0.99901715      0.66985314     -0.43464644       4.7082995        4.7082995       111.97446              111.97446
              1       60.013489      0.82048215       1.1172391         13.445247           12.129011      0.99981417      0.66889115     -0.43955709       4.7082995        4.7082995       110.61038              110.61038
              1       59.280543      0.82048215       1.1247046         13.449281           12.133322       1.0003477      0.66954858     -0.42765215       4.7082995        4.7082995       109.14449              109.14449
              1       59.053564      0.82048215       1.1218468         13.449847           12.135636      0.99886845      0.66840825      -0.4280686       4.7082995        4.7082995       108.69053              108.69053
              1       58.850757      0.82048215       1.1150329         13.448039           12.136825      0.99959882      0.66788097      -0.4237693       4.7082995        4.7082995       108.28491              108.28491
              1       58.948289      0.82048215       1.1147631         13.448438           12.136427      0.99961524      0.66727849     -0.42345074       4.7082995        4.7082995       108.47998              108.47998
              7       59.373735      0.82048215       1.1117845         13.450224           12.135912      0.99960215      0.66910748     -0.42364614       4.7082995        4.7082995       109.33087              109.33087
              3        59.07188      0.82048215       1.1081286         13.441389           12.131686      0.99891643      0.66487834     -0.42476137       4.7082995        4.7082995       108.72716              108.72716
              3       59.098166      0.82048215       1.1069016         13.439664           12.131507      0.99831935      0.66551484     -0.41868389       4.7082995        4.7082995       108.77973              108.77973
              3       59.350598      0.82048215       1.0941324         13.440359           12.132329      0.99755254      0.66520772      -0.4221304       4.7082995        4.7082995        109.2846               109.2846
              1       59.538951      0.82048215       1.0971856         13.443866           12.136656      0.99596072      0.65940963     -0.43522457       4.7082995        4.7082995        109.6613               109.6613
              1       61.891899      0.82048215       1.1103657         13.440748           12.128176       1.0023125      0.65955578     -0.46626319       4.7082995        4.7082995        114.3672               114.3672
              1       59.688952      0.82048215       1.1379943         13.439082           12.130905       1.0021996      0.65942598     -0.45742458       4.7082995        4.7082995       109.96131              109.96131
              2        59.51915      0.82048215       1.1435392           13.4408           12.126461      0.99872921      0.67006167     -0.46845722       4.7082995        4.7082995        109.6217               109.6217
              1       58.877187      0.82048215        1.142978         13.439388           12.127934      0.99876681      0.67077604     -0.46953242       4.7082995        4.7082995       108.33778              108.33778
              1       57.701996      0.82048215       1.1483739          13.43874           12.130657      0.99759076      0.67687493      -0.4612207       4.7082995        4.7082995       105.98739              105.98739
              1       57.700494      0.82048215       1.1484955         13.438823           12.130831       0.9976549      0.67692297     -0.46141607       4.7082995        4.7082995       105.98439              105.98439
              4       57.567848      0.82048215       1.1419658         13.435434           12.128699      0.99931949       0.6809067     -0.46124516       4.7082995        4.7082995        105.7191               105.7191
              6       57.650795      0.82048215       1.1424695         13.433559           12.129274      0.99874914      0.68136926     -0.46628551       4.7082995        4.7082995       105.88499              105.88499
              1        59.91091      0.82048215       1.1238034         13.427477           12.116882      0.99878547      0.67036819     -0.45860447       4.7082995        4.7082995       110.40522              110.40522
              2       58.762659      0.82048215        1.169185         13.422673           12.119191      0.99914657       0.6560204     -0.43088022       4.7082995        4.7082995       108.10872              108.10872
              4       58.343354      0.82048215       1.1617958         13.423693           12.119374      0.99939366      0.65982959     -0.42243248       4.7082995        4.7082995       107.27011              107.27011
              3       57.944225      0.82048215        1.162756         13.423405           12.118189      0.99666252       0.6687872     -0.43551015       4.7082995        4.7082995       106.47185              106.47185
              2       60.515541      0.82048215       1.1597287         13.418823           12.126445      0.99502577      0.66606514      -0.4359877       4.7082995        4.7082995       111.61448              111.61448
              1       59.411669      0.82048215       1.1489437         13.421914           12.126566      0.99519735      0.66357501     -0.43582302       4.7082995        4.7082995       109.40674              109.40674
              1       58.326264      0.82048215       1.1539309         13.439443           12.136731       0.9913488      0.67854863     -0.44893595       4.7082995        4.7082995       107.23593              107.23593
              4       58.773607      0.82048215       1.1521795         13.439146           12.136861      0.99122141      0.68013123     -0.44262885       4.7082995        4.7082995       108.13061              108.13061
              1        58.85915      0.82048215       1.1505923         13.433513           12.134656      0.99054137      0.68266912     -0.45060333       4.7082995        4.7082995        108.3017               108.3017
              4       58.534859      0.82048215       1.1605748         13.434166           12.132575      0.99106586      0.68434944     -0.45111263       4.7082995        4.7082995       107.65312              107.65312
              3       58.954573      0.82048215       1.1602939         13.438613            12.13079      0.99001292      0.68444583     -0.44339923       4.7082995        4.7082995       108.49255              108.49255
              1       58.965516      0.82048215       1.1618365          13.43866           12.130709        0.990253      0.68439427      -0.4427054       4.7082995        4.7082995       108.51443              108.51443
              3          58.396      0.82048215       1.1640495         13.444892           12.134912      0.99076613      0.68566353     -0.45142007       4.7082995        4.7082995        107.3754               107.3754
              3       58.669976      0.82048215        1.186746         13.446327           12.131074      0.98745569      0.69293651     -0.48001436       4.7082995        4.7082995       107.92335              107.92335
              1       59.557412      0.82048215       1.1733263         13.443873           12.129465      0.98615633      0.69609405     -0.48332171       4.7082995        4.7082995       109.69822              109.69822
              1        59.59866      0.82048215       1.1748333         13.442733           12.128959      0.98627117      0.69744363      -0.4810422       4.7082995        4.7082995       109.78072              109.78072
              1       58.999693      0.82048215       1.1749918         13.441857           12.129752       0.9863302      0.69727166     -0.48186347       4.7082995        4.7082995       108.58279              108.58279
              1       59.755282       0.8234182       1.1749918         13.441857           12.129752       0.9863302      0.69727166     -0.48186347       4.7082995        4.7082995       110.09397              110.09397
              1       58.827107       0.8234182       1.1710578         13.434578           12.129167      0.99012787      0.69307008     -0.47666964       4.7082995        4.7082995       108.23762              108.23762
              1       58.794032       0.8234182         1.16649         13.432926           12.133144      0.98880093      0.68673805     -0.48383386       4.7082995        4.7082995       108.17146              108.17146
              1        58.84504       0.8234182       1.1670109         13.432908           12.132688      0.98881004      0.68654675     -0.48452942       4.7082995        4.7082995       108.27348              108.27348
              1       58.099136       0.8234182       1.1636681         13.435536           12.132245      0.98932762      0.68562933     -0.48495919       4.7082995        4.7082995       106.78167              106.78167
             11        57.98088       0.8234182       1.1705276         13.437197           12.132443      0.98905392       0.6821148     -0.47673339       4.7082995        4.7082995       106.54516              106.54516
              1       58.308551       0.8234182       1.1726679         13.434286           12.127395      0.99120383      0.67354128     -0.49064755       4.7082995        4.7082995        107.2005               107.2005
              1       58.301948       0.8234182       1.1717839         13.434639           12.127234      0.99126582      0.67359607     -0.49074157       4.7082995        4.7082995        107.1873               107.1873
              1       58.347726       0.8234182       1.1941084         13.444291           12.125976      0.99501067      0.67491942     -0.48235576       4.7082995        4.7082995       107.27885              107.27885
              4       58.327576       0.8234182       1.1857806         13.440457           12.130487      0.99749009      0.66952743     -0.46410683       4.7082995        4.7082995       107.23855              107.23855
              2       58.063758       0.8234182       1.1821818         13.440513           12.127099      0.99326107      0.67337499     -0.45642678       4.7082995        4.7082995       106.71092              106.71092
              5        58.24557       0.8234182       1.1850377         13.446972           12.131653      0.99309986      0.67547714     -0.45367283       4.7082995        4.7082995       107.07454              107.07454
              3       59.608208       0.8234182       1.1838498         13.451627           12.134258      0.98834048      0.67242381     -0.43663414       4.7082995        4.7082995       109.79982              109.79982
              1       60.114708       0.8234182       1.2006781         13.453636           12.138353       0.9920521      0.66860672     -0.41697706       4.7082995        4.7082995       110.81282              110.81282
              4       59.281046       0.8234182       1.2157115         13.455488           12.140609      0.99085366      0.65400763     -0.43816616       4.7082995        4.7082995       109.14549              109.14549
              4       59.050206       0.8234182       1.2166079         13.455169            12.13956        0.990853       0.6549736     -0.43978579       4.7082995        4.7082995       108.68381              108.68381
              2       59.333344       0.8234182       1.2393703         13.455338           12.132213      0.99493264       0.6490333     -0.42250748       4.7082995        4.7082995       109.25009              109.25009
              2       60.984285       0.8234182       1.2294924         13.453233           12.141983      0.98840743      0.64291554     -0.42101614       4.7082995        4.7082995       112.55197              112.55197
              1        59.42867       0.8234182       1.2432217         13.451764           12.133179      0.98446062      0.65062431     -0.41290214       4.7082995        4.7082995       109.44074              109.44074
              1       59.379438       0.8234182       1.2513373         13.454263           12.136073      0.98454356      0.65065217     -0.41135907       4.7082995        4.7082995       109.34228              109.34228
              5       59.178723       0.8234182       1.2583184         13.454076           12.134767      0.98371694      0.64982732     -0.43589397       4.7082995        4.7082995       108.94085              108.94085
              6       59.816343       0.8234182       1.2626201         13.449605           12.132203      0.98394154      0.64456369     -0.43829165       4.7082995        4.7082995       110.21609              110.21609
              1       59.662565       0.8234182       1.2740952         13.441919           12.129996       0.9817212       0.6443529     -0.43065831       4.7082995        4.7082995       109.90853              109.90853
              2        59.32267       0.8234182       1.2820259         13.444712           12.128192      0.98251751      0.64583755     -0.42746687       4.7082995        4.7082995       109.22874              109.22874
              1       59.316676       0.8234182       1.2820743         13.445455           12.129011      0.98215007      0.64595128     -0.42625895       4.7082995        4.7082995       109.21675              109.21675
              6       59.355137       0.8234182       1.2826299         13.444822           12.130243      0.98248235      0.64650593     -0.42574232       4.7082995        4.7082995       109.29367              109.29367
              2       59.376817      0.82384028       1.2826299         13.444822           12.130243      0.98248235      0.64650593     -0.42574232       4.7082995        4.7082995       109.33703              109.33703
              2       59.879231      0.82384028         1.28512         13.448521           12.132775      0.97963885      0.64029567     -0.42070774       4.7082995        4.7082995       110.34186              110.34186
              1       60.357535      0.82384028       1.2826312         13.450642           12.128903      0.97853725      0.64289563     -0.42064635       4.7082995        4.7082995       111.29847              111.29847
              1       60.309253      0.82384028       1.2900008         13.455779           12.136806      0.97866327      0.65248691     -0.40618826       4.7082995        4.7082995       111.20191              111.20191
              1       60.322584      0.82384028       1.2921972         13.455298            12.13659      0.97851024      0.65268038     -0.40663131       4.7082995        4.7082995       111.22857              111.22857
              3        60.49747       0.8242956       1.2921972         13.455298            12.13659      0.97851024      0.65268038     -0.40663131       4.7082995        4.7082995       111.57834              111.57834
              3       60.458892       0.8242956       1.2906542         13.455762             12.1371       0.9786366      0.65288408     -0.40723409       4.7082995        4.7082995       111.50119              111.50119
              1       60.691546       0.8242956       1.2889526         13.454924           12.138672      0.97833881      0.65075201       -0.404582       4.7082995        4.7082995       111.96649              111.96649
              1       59.543006      0.82047245       1.2889526         13.454924           12.138672      0.97833881      0.65075201       -0.404582       4.7082995        4.7082995       109.66941              109.66941
              1       60.485856      0.82047245       1.2871704          13.45905           12.137017      0.97721411      0.65125109     -0.39813239       4.7082995        4.7082995       111.55511              111.55511
              6       60.449708      0.82047245       1.2853036         13.457315            12.14178      0.97614716       0.6560225     -0.39549102       4.7082995        4.7082995       111.48282              111.48282
              1       60.818916      0.82047245       1.2863508         13.455483           12.138059      0.97557898      0.65853067     -0.39658142       4.7082995        4.7082995       112.22123              112.22123
              1       60.657886      0.82047245        1.290219         13.456697           12.139017      0.97511204      0.65912398     -0.39952332       4.7082995        4.7082995       111.89917              111.89917
              2       62.150196      0.82047245       1.2964928         13.457746           12.136668      0.97481007      0.65975271     -0.39089416       4.7082995        4.7082995       114.88379              114.88379
              2        62.02276      0.82047245       1.3076424         13.445215            12.13589      0.97440526      0.66177617      -0.3947004       4.7082995        4.7082995       114.62892              114.62892
              2       61.721047      0.82047245       1.3119291         13.444412           12.137655      0.97353961      0.65120888     -0.39318197       4.7082995        4.7082995       114.02549              114.02549
              1       60.578447      0.82047245       1.3068332         13.445959            12.13578       0.9729547      0.65038067     -0.39524307       4.7082995        4.7082995        111.7403               111.7403
              1       59.943914      0.82047245       1.3027283          13.43714           12.129934      0.97446383      0.65741314     -0.41230806       4.7082995        4.7082995       110.47123              110.47123
              3       60.078161      0.82047245       1.3036662         13.436498           12.130821      0.97378141      0.65710208     -0.41444327       4.7082995        4.7082995       110.73972              110.73972
              1       59.580586      0.82047245        1.315085         13.437956           12.126508      0.97420948      0.65332729     -0.41957147       4.7082995        4.7082995       109.74457              109.74457
              1       59.512768        0.819529        1.315085         13.437956           12.126508      0.97420948      0.65332729     -0.41957147       4.7082995        4.7082995       109.60894              109.60894
              2       59.874111        0.819529       1.3152576         13.432742            12.12794      0.97217008      0.64912905       -0.431943       4.7082995        4.7082995       110.33162              110.33162
              3       62.551939        0.819529       1.3035929          13.45008           12.128621      0.96861815      0.65746374     -0.45769418       4.7082995        4.7082995       115.68728              115.68728
              2       61.019904        0.819529        1.291938         13.445371           12.128041      0.96887577      0.66304422     -0.45882289       4.7082995        4.7082995       112.62321              112.62321
              2       59.972035        0.819529       1.2953107         13.447821           12.132323      0.96691014      0.66783287     -0.46641943       4.7082995        4.7082995       110.52747              110.52747
              1        59.13235        0.819529       1.2844564          13.44623           12.136348      0.96582855      0.67059962      -0.4502434       4.7082995        4.7082995        108.8481               108.8481
              2       59.110102        0.819529       1.2849161         13.446355           12.136483      0.96601244       0.6709272     -0.44993742       4.7082995        4.7082995       108.80361              108.80361
              2       59.793007        0.819529       1.2527739         13.440029           12.142853      0.96999022      0.67406393     -0.47583116       4.7082995        4.7082995       110.16942              110.16942
              3       60.613364        0.819529       1.2499407         13.449254           12.144665      0.96882251      0.65657827     -0.47163949       4.7082995        4.7082995       111.81013              111.81013
              5       61.284271        0.819529       1.2480497         13.448198           12.144601      0.96908916      0.65571039     -0.47613328       4.7082995        4.7082995       113.15194              113.15194
              1       61.844201        0.819529       1.2477391         13.447617           12.140747      0.97068333      0.65361643      -0.4786606       4.7082995        4.7082995        114.2718               114.2718
              2       62.263496        0.819529       1.2569444         13.450541           12.135665      0.96990827      0.66126775     -0.48906114       4.7082995        4.7082995       115.11039              115.11039
              5       63.074004        0.819529       1.2523681         13.455264           12.136937      0.97073773      0.66195675     -0.48980328       4.7082995        4.7082995       116.73141              116.73141
              2       60.520476        0.819529       1.2572789         13.453881           12.139685      0.97225116      0.66546755     -0.48934001       4.7082995        4.7082995       111.62435              111.62435
              1       59.504533        0.819529       1.2509953         13.456971           12.145428       0.9711148      0.66730976     -0.48514317       4.7082995        4.7082995       109.59247              109.59247
              1       59.459335        0.819529       1.2511548         13.456577           12.145454      0.97096871      0.66747206     -0.48516086       4.7082995        4.7082995       109.50207              109.50207
              1       59.685186        0.819529       1.2173795         13.440929           12.143001      0.97507643       0.6624706     -0.43962911       4.7082995        4.7082995       109.95377              109.95377
              1       59.175949        0.819529       1.2152878          13.43894           12.139961      0.97577485      0.66521413      -0.4348074       4.7082995        4.7082995        108.9353               108.9353
              5       59.755173        0.819529       1.2212765         13.438774           12.140919      0.97622766      0.66630086     -0.43417844       4.7082995        4.7082995       110.09375              110.09375
              3       58.968254        0.819529       1.2253876         13.435582           12.137802      0.97316864      0.67316491     -0.45006832       4.7082995        4.7082995       108.51991              108.51991
              7       58.571915        0.819529       1.2220867         13.432708           12.134009      0.97434247      0.66971649     -0.44582381       4.7082995        4.7082995       107.72723              107.72723
              3       58.326805        0.819529       1.2031272         13.442468            12.13921      0.97363474      0.66966587     -0.45780019       4.7082995        4.7082995       107.23701              107.23701
              2       58.622989        0.819529       1.1812295         13.434105           12.137619      0.97282492      0.67099267     -0.45198442       4.7082995        4.7082995       107.82938              107.82938
              3       58.408647        0.819529       1.1851891         13.433225           12.132526      0.97632636       0.6687154     -0.45559039       4.7082995        4.7082995       107.40069              107.40069
              1        58.25506        0.819529       1.1781427         13.431287           12.132732      0.97684251      0.67176988     -0.45778375       4.7082995        4.7082995       107.09352              107.09352
              1        58.41267        0.819529       1.1764904         13.431834           12.132533      0.97652522      0.67049014     -0.46347666       4.7082995        4.7082995       107.40874              107.40874
              1       58.436712      0.82183618       1.1764904         13.431834           12.132533      0.97652522      0.67049014     -0.46347666       4.7082995        4.7082995       107.45682              107.45682
              1       58.776592      0.82183618       1.1657107         13.433389           12.135643      0.97752262      0.66519304     -0.45681253       4.7082995        4.7082995       108.13658              108.13658
              1       60.888736      0.82183618       1.1717792         13.427467           12.136251      0.97728171      0.66342366     -0.47676136       4.7082995        4.7082995       112.36087              112.36087
              1       60.588523      0.82183618       1.1707514          13.42706           12.136001      0.97717633      0.66553086     -0.47733699       4.7082995        4.7082995       111.76045              111.76045
              1       60.827673      0.82183618       1.1696312         13.425615           12.135795       0.9767914      0.66508149     -0.47571193       4.7082995        4.7082995       112.23875              112.23875
              1       60.713798      0.81956117       1.1696312         13.425615           12.135795       0.9767914      0.66508149     -0.47571193       4.7082995        4.7082995         112.011                112.011
              1       60.686994      0.81956117       1.1768772         13.424928           12.135668      0.97666774      0.66596467     -0.47298255       4.7082995        4.7082995       111.95739              111.95739
              2       60.703439      0.81956117       1.1778521         13.427767           12.138206      0.97426888      0.66604292     -0.47505174       4.7082995        4.7082995       111.99028              111.99028
              4        60.36604      0.81956117       1.1608139         13.431465            12.13761      0.97576618      0.66845745     -0.48993101       4.7082995        4.7082995       111.31548              111.31548
              7       60.547287      0.81956117       1.1519704         13.427796           12.136434      0.97300971       0.6680842     -0.49043925       4.7082995        4.7082995       111.67798              111.67798
              3       60.537768      0.81956117        1.150422         13.428158           12.136074       0.9730163      0.66804205     -0.49089576       4.7082995        4.7082995       111.65894              111.65894
              2       60.935973      0.81956117       1.1532211         13.427178           12.136258       0.9725521       0.6675817     -0.49355544       4.7082995        4.7082995       112.45535              112.45535
              2       59.597055      0.81956117       1.1651476         13.424004           12.135534       0.9707152       0.6684315       -0.469099       4.7082995        4.7082995       109.77751              109.77751
              1       59.250643      0.81956117       1.1671429         13.426382           12.135235      0.97046931      0.66811069     -0.46929011       4.7082995        4.7082995       109.08469              109.08469
              5       60.061298      0.81956117       1.1599863         13.426209           12.134609      0.96933866       0.6613866     -0.46715212       4.7082995        4.7082995         110.706                110.706
              1       59.138978      0.81956117        1.151446         13.422724           12.132487      0.96842603      0.67595588     -0.47336518       4.7082995        4.7082995       108.86136              108.86136
              3       59.182125      0.81956117       1.1578078         13.420538           12.129781      0.96896055      0.67549437     -0.47980001       4.7082995        4.7082995       108.94765              108.94765
              3       59.157712      0.81956117        1.149282         13.426911           12.134387      0.96948583      0.67175392     -0.45967751       4.7082995        4.7082995       108.89882              108.89882
              5       61.322762      0.81956117       1.1521947         13.425277           12.127211      0.96772926      0.66910019     -0.45062979       4.7082995        4.7082995       113.22893              113.22893
              3       60.109468      0.81956117       1.1802443         13.412691           12.128229      0.97081871      0.67824992     -0.45716022       4.7082995        4.7082995       110.80234              110.80234
              2       60.875056      0.81956117       1.1852288         13.415514           12.131547      0.97331551      0.67330978     -0.45360007       4.7082995        4.7082995       112.33351              112.33351
              1       60.210507      0.81956117       1.1901204         13.416153           12.129729      0.97273508      0.67310477     -0.44665812       4.7082995        4.7082995       111.00441              111.00441
              1          58.108      0.81956117       1.1876404         13.426324           12.129112      0.97596311        0.679178     -0.46843363       4.7082995        4.7082995        106.7994               106.7994
              1       58.183123      0.81956117       1.1836465         13.428979           12.130806      0.97544072      0.67703038     -0.46754302       4.7082995        4.7082995       106.94965              106.94965
              1       58.356788      0.81956117       1.1858624         13.429453           12.129577      0.97503613      0.67604279     -0.46937124       4.7082995        4.7082995       107.29698              107.29698
              1       58.373246      0.81956117       1.1868523         13.429945           12.129643      0.97497433      0.67644126     -0.46835723       4.7082995        4.7082995       107.32989              107.32989
              5        58.21951      0.81956117       1.1917574         13.429459           12.132582      0.97539446      0.67505451     -0.47014662       4.7082995        4.7082995       107.02242              107.02242
              1       58.051538      0.81956117        1.202932         13.430231           12.132451      0.97686073       0.6784442     -0.47168851       4.7082995        4.7082995       106.68648              106.68648
              5       57.914008      0.81956117        1.200995          13.43006           12.130573      0.97695071      0.67997929     -0.46979102       4.7082995        4.7082995       106.41142              106.41142
              2       57.820893      0.81956117       1.1980547         13.432829           12.132585      0.97751818      0.68122225     -0.47939264       4.7082995        4.7082995       106.22519              106.22519
              2       62.269858      0.81956117       1.2229444         13.441667              12.123      0.97906782      0.69129059     -0.47735326       4.7082995        4.7082995       115.12312              115.12312
              1       61.840608      0.81956117       1.2214558         13.442956            12.12523      0.97896197      0.69307215     -0.47277492       4.7082995        4.7082995       114.26462              114.26462
              3       60.305329      0.81956117        1.227732          13.44454           12.127704      0.97933964      0.68975351      -0.4719552       4.7082995        4.7082995       111.19406              111.19406
              1       59.912232      0.81956117       1.2289413         13.451741           12.132695      0.97978117      0.69585037     -0.48512578       4.7082995        4.7082995       110.40787              110.40787
              1       57.511459      0.81956117       1.1913361         13.450014           12.142749      0.98237259      0.68933029     -0.48701661       4.7082995        4.7082995       105.60632              105.60632
              2       58.248876      0.81956117        1.198583         13.450325           12.145882      0.98309439      0.68545764     -0.48748675       4.7082995        4.7082995       107.08115              107.08115
              1       57.889189      0.81956117        1.195491         13.458477           12.145157      0.98142278       0.6818763     -0.47907331       4.7082995        4.7082995       106.36178              106.36178
              1       57.813151      0.81956117       1.2013193         13.458325           12.144716      0.98112115      0.68253508      -0.4753229       4.7082995        4.7082995        106.2097               106.2097
              1       57.777679      0.81956117       1.1943895         13.446452           12.140375      0.97771399      0.68406071     -0.47644342       4.7082995        4.7082995       106.13876              106.13876
              4       57.808364      0.81956117       1.1981974         13.448246           12.141307      0.97651345      0.68652171     -0.48577505       4.7082995        4.7082995       106.20013              106.20013
              1       61.576239      0.81956117       1.1789994         13.452625           12.144149      0.97618512      0.70558139     -0.46794495       4.7082995        4.7082995       113.73588              113.73588
              3       59.771447      0.81956117       1.1962129         13.447035           12.147827      0.97814472      0.69861295     -0.48073725       4.7082995        4.7082995       110.12629              110.12629
              1       59.784353      0.81956117       1.1937067         13.443039           12.144689      0.97853055      0.69483377     -0.47101971       4.7082995        4.7082995       110.15211              110.15211
              1       57.001533      0.81068172       1.1937067         13.443039           12.144689      0.97853055      0.69483377     -0.47101971       4.7082995        4.7082995       104.58647              104.58647
              3        58.46826      0.81068172       1.1922132         13.445495           12.151702      0.98207002      0.69647202      -0.4592735       4.7082995        4.7082995       107.51992              107.51992
              1       57.467043      0.81068172       1.1892069         13.448874             12.1446      0.98194355      0.68969044     -0.46630838       4.7082995        4.7082995       105.51749              105.51749
              2       57.241853      0.81068172       1.2062302         13.443278           12.140694      0.98189342      0.68864459     -0.46450474       4.7082995        4.7082995       105.06711              105.06711
              4       57.560389      0.81068172        1.215532         13.449779           12.143531      0.97866953      0.68593788     -0.45555898       4.7082995        4.7082995       105.70418              105.70418
              3       57.778205      0.81068172       1.2133859         13.449566           12.142747      0.97817428      0.68576123     -0.45336077       4.7082995        4.7082995       106.13981              106.13981
              1       57.868826      0.81068172       1.2128864         13.447419           12.141463      0.98106288      0.69770701      -0.4364033       4.7082995        4.7082995       106.32105              106.32105
              4       57.527429      0.81068172       1.2031332         13.449371           12.143451      0.98325771       0.6930952     -0.43145159       4.7082995        4.7082995       105.63826              105.63826
              2       58.472831      0.81068172        1.197169         13.451331           12.148213      0.98192943      0.68727935     -0.40948239       4.7082995        4.7082995       107.52906              107.52906
              8       58.410098      0.81068172       1.2016356         13.451154           12.149893      0.97978714      0.68702309     -0.41317255       4.7082995        4.7082995        107.4036               107.4036
              1       58.028447      0.81068172       1.2137939         13.456496           12.153084      0.97574767      0.68537036     -0.41956188       4.7082995        4.7082995       106.64029              106.64029
              5       58.056044      0.81068172       1.2146223         13.455773           12.153064      0.97569934      0.68606964      -0.4204033       4.7082995        4.7082995       106.69549              106.69549
              3       57.684628      0.81068172       1.2213612          13.45463             12.1488      0.97675075      0.67833316     -0.42935028       4.7082995        4.7082995       105.95266              105.95266
              1       57.674051      0.81068172       1.2213157         13.454776           12.149033      0.97661383      0.67846748      -0.4299986       4.7082995        4.7082995        105.9315               105.9315
              1       58.570046      0.81068172       1.2155766         13.457776           12.152116      0.97320426      0.66845375      -0.4127436       4.7082995        4.7082995       107.72349              107.72349
              2        58.57967      0.81068172       1.2064958         13.452066           12.149516      0.97178152      0.67077408     -0.41157726       4.7082995        4.7082995       107.74274              107.74274
              2       58.654012      0.81068172       1.2069571         13.449278           12.152467      0.97216168      0.66931957     -0.41309297       4.7082995        4.7082995       107.89142              107.89142
              3       58.670534      0.81068172       1.2091967         13.448864           12.152214      0.97194916      0.66936123     -0.41283232       4.7082995        4.7082995       107.92447              107.92447
              1       58.628169      0.81068172       1.2090403         13.451623           12.149249       0.9741144      0.66751279     -0.41817806       4.7082995        4.7082995       107.83974              107.83974
              3       58.514586      0.81068172       1.2066712         13.448559           12.144374       0.9743102       0.6744115     -0.42118059       4.7082995        4.7082995       107.61257              107.61257
              1       58.731715      0.81068172       1.2047327          13.45075            12.14507      0.97440711      0.67590498     -0.41922926       4.7082995        4.7082995       108.04683              108.04683
              1       58.522765      0.81068172       1.2141588         13.451824            12.15181      0.97424659      0.67826323     -0.40733306       4.7082995        4.7082995       107.62893              107.62893
              2       58.596305      0.81068172       1.2089105          13.45289           12.152702      0.97455087      0.67765058       -0.404992       4.7082995        4.7082995       107.77601              107.77601
              2       59.326146      0.81068172       1.2080262         13.449341           12.153917      0.97459281      0.67588297     -0.40434625       4.7082995        4.7082995       109.23569              109.23569
              2       59.081594      0.81068172       1.2108752         13.449332           12.152138      0.97609776      0.67482938     -0.40122738       4.7082995        4.7082995       108.74659              108.74659
              1       59.410928      0.81068172       1.2119594           13.4479           12.143839      0.97523379      0.66085108     -0.40694484       4.7082995        4.7082995       109.40526              109.40526
              2       58.747647      0.81068172       1.2388478         13.441868           12.143382      0.97014394      0.66591957     -0.42348875       4.7082995        4.7082995        108.0787               108.0787
              1       58.620241      0.81068172       1.2357273         13.440489           12.141276      0.97045763      0.66747104     -0.42682693       4.7082995        4.7082995       107.82388              107.82388
              2       59.094232      0.81068172       1.2410882         13.442803           12.138761      0.97120409      0.66843497     -0.42577148       4.7082995        4.7082995       108.77186              108.77186
              1        59.31971      0.81068172        1.251368         13.430863           12.138914       0.9736951      0.66740531     -0.41208816       4.7082995        4.7082995       109.22282              109.22282
              3        59.23502      0.81068172       1.2502614         13.429409           12.126506      0.97772525      0.66235742     -0.39801113       4.7082995        4.7082995       109.05344              109.05344
              2        59.66738      0.81068172       1.2559881         13.424689           12.131813      0.97956555      0.66037996     -0.39681099       4.7082995        4.7082995       109.91816              109.91816
              2       59.736306      0.81068172       1.2585809          13.42678           12.133113      0.97962581      0.66232242     -0.38880344       4.7082995        4.7082995       110.05601              110.05601
              2       63.863881      0.81068172        1.270087         13.434275           12.143275      0.97642981      0.66292973     -0.36261149       4.7082995        4.7082995       118.31116              118.31116
              1       64.361809      0.81130736        1.270087         13.434275           12.143275      0.97642981      0.66292973     -0.36261149       4.7082995        4.7082995       119.30702              119.30702
              2       62.762395      0.81130736       1.2751107         13.440834           12.146143      0.97734381      0.66076906      -0.3737889       4.7082995        4.7082995       116.10819              116.10819
              1       62.174839      0.81130736       1.2743627         13.441338            12.14564      0.97717127      0.66073035     -0.37377984       4.7082995        4.7082995       114.93308              114.93308
              3       61.089606      0.81130736       1.2729248         13.443376           12.143012      0.97981285      0.65544548     -0.36285423       4.7082995        4.7082995       112.76261              112.76261
              2       62.004269      0.81130736       1.2774711         13.445656           12.144179      0.97963438       0.6624461     -0.35674675       4.7082995        4.7082995       114.59194              114.59194
              1       61.910867      0.81130736        1.282523         13.448186           12.147417      0.98156852      0.66476461     -0.37597777       4.7082995        4.7082995       114.40513              114.40513
              1       62.735595      0.81130736       1.2898744         13.459971           12.134747      0.98106392      0.66237926     -0.37879924       4.7082995        4.7082995       116.05459              116.05459
              1       62.956153      0.81130736       1.2910606         13.457814           12.132676      0.98138393        0.663478     -0.37968252       4.7082995        4.7082995       116.49571              116.49571
              2       62.937557      0.81130736       1.2910588         13.456521            12.13135       0.9824918      0.66256423     -0.37871057       4.7082995        4.7082995       116.45851              116.45851
              1       59.981729      0.81130736       1.2503351         13.452176            12.14003      0.98294833      0.65405333     -0.39955928       4.7082995        4.7082995       110.54686              110.54686
              1       60.176881      0.81130736        1.249554         13.452987           12.139344      0.98311356      0.65478331     -0.40095261       4.7082995        4.7082995       110.93716              110.93716
              1       59.468747      0.81130736        1.254284         13.451879           12.143861      0.98430705      0.65758409     -0.40566524       4.7082995        4.7082995       109.52089              109.52089
              3       58.794983      0.81130736       1.2566937         13.433581           12.134553      0.98082403      0.66537952     -0.42525578       4.7082995        4.7082995       108.17337              108.17337
              1        59.03308      0.81130736       1.2650988         13.434237           12.136411      0.97951548      0.66503378     -0.41624026       4.7082995        4.7082995       108.64956              108.64956
              3       59.088418      0.81130736       1.2646885         13.434203           12.136029      0.97889159      0.66332748     -0.41805859       4.7082995        4.7082995       108.76024              108.76024
              9       58.856314      0.81130736       1.2647632         13.434802           12.135853      0.97865885      0.66410213     -0.41888283       4.7082995        4.7082995       108.29603              108.29603
              2       58.626672      0.81130736       1.2680414         13.441201           12.136149      0.97800942      0.66586389      -0.4308151       4.7082995        4.7082995       107.83675              107.83675
              1       60.640542      0.81130736       1.2675926         13.436954           12.136235      0.97973162        0.661439     -0.44499743       4.7082995        4.7082995       111.86448              111.86448
              2        60.75872      0.81130736       1.2681447         13.436339           12.136928      0.97957884      0.66207134     -0.44551455       4.7082995        4.7082995       112.10084              112.10084
              1         60.8739      0.81130736       1.2322101         13.437524           12.141295      0.97909707      0.66457652     -0.45027852       4.7082995        4.7082995        112.3312               112.3312
              1       60.736661      0.81130736       1.2319282         13.437127           12.140473      0.97871399       0.6644621     -0.45083474       4.7082995        4.7082995       112.05672              112.05672
              6        59.60707      0.81130736       1.2184044         13.443016           12.147303      0.98363338      0.67517405     -0.42959855       4.7082995        4.7082995       109.79754              109.79754
              1       57.782953      0.81130736       1.2160467         13.448589           12.143354      0.98569318      0.68109169     -0.45607058       4.7082995        4.7082995       106.14931              106.14931
              1       57.379488      0.81130736       1.1970307         13.440838            12.14122      0.98225822        0.682779      -0.4494179       4.7082995        4.7082995       105.34238              105.34238
              4       57.521417      0.81130736       1.1900159         13.442015           12.144459      0.98328328      0.68511197     -0.44896849       4.7082995        4.7082995       105.62623              105.62623
              1       57.107301      0.81130736       1.1933729         13.440848           12.143016      0.98307041      0.69112618     -0.45550797       4.7082995        4.7082995         104.798                104.798
              1         57.1613      0.81130736       1.1924815         13.442894           12.144598      0.98195953      0.69050509     -0.46020227       4.7082995        4.7082995         104.906                104.906
              6       57.658499      0.81130736        1.204027         13.440099           12.144456      0.98023837      0.70239569     -0.45801278       4.7082995        4.7082995        105.9004               105.9004
              3       57.665436      0.81130736        1.203846         13.440178           12.144509      0.98026427      0.70247923     -0.45794872       4.7082995        4.7082995       105.91427              105.91427
              2       57.671267      0.81130736       1.2066827          13.45481            12.14245      0.98345672      0.70346227       -0.465937       4.7082995        4.7082995       105.92593              105.92593
              1       58.405796      0.81130736       1.2091655           13.4569           12.142275       0.9825078      0.69799434     -0.46173233       4.7082995        4.7082995       107.39499              107.39499
