#        weight    minuslogpost          sigma8        ygk_Ahmc ygk_LOWZ__5_lM1_0 ygk_LOWZ__5_lMmin_0   ygk_mass_bias       ygk_rhogy   minuslogprior minuslogprior__0            chi2 chi2__ygk_like.ygkLike
              1       130.10973       0.7880657       1.0218625         13.092605           12.076051      0.76223065     -0.50137624       5.6245903        5.6245903       248.97028              248.97028
              2       128.89415       0.7880657        1.023295         13.093968           12.078806      0.75267825     -0.50474874       5.6245903        5.6245903       246.53912              246.53912
              3       118.62871       0.7880657       1.0282131         13.088936           12.083458      0.74568729     -0.52180514       5.6245903        5.6245903       226.00823              226.00823
              3       90.437869       0.7880657       1.0350669         13.073204            12.09018      0.75322352     -0.50628651       5.6245903        5.6245903       169.62656              169.62656
              1       90.809933      0.78780902       1.0350669         13.073204            12.09018      0.75322352     -0.50628651       5.6245903        5.6245903       170.37069              170.37069
              2       82.234118      0.78780902       1.0411741         13.077101           12.100296      0.75851353      -0.5190785       5.6245903        5.6245903       153.21905              153.21905
              1       71.620589      0.78780902       1.0214851         13.071216           12.110632      0.75386107     -0.51065027       5.6245903        5.6245903         131.992                131.992
              3       71.792148      0.78780902       1.0168667         13.063702           12.108181      0.75500954     -0.52786562       5.6245903        5.6245903       132.33512              132.33512
              2       71.200157      0.78780902       1.0137546         13.063075           12.108312      0.75672805     -0.52855052       5.6245903        5.6245903       131.15113              131.15113
              2       70.519858      0.78780902       1.0147078           13.0677           12.116274      0.75690709     -0.54194548       5.6245903        5.6245903       129.79054              129.79054
              1        64.50573      0.83121712       1.0147078           13.0677           12.116274      0.75690709     -0.54194548       5.6245903        5.6245903       117.76228              117.76228
              1       64.289315      0.83121712       1.0128977         13.068653           12.117328      0.75619102     -0.54239764       5.6245903        5.6245903       117.32945              117.32945
              1       64.948028      0.83121712       1.0200339         13.076461           12.114047      0.75373197     -0.52016575       5.6245903        5.6245903       118.64688              118.64688
              3        62.22367      0.83121712       1.0554639         13.085608           12.119489      0.75477182     -0.54071635       5.6245903        5.6245903       113.19816              113.19816
              4       61.392491      0.83121712       1.0445927         13.094591           12.107996      0.75890001      -0.5548043       5.6245903        5.6245903        111.5358               111.5358
              2       60.158181      0.82173068       1.0445927         13.094591           12.107996      0.75890001      -0.5548043       5.6245903        5.6245903       109.06718              109.06718
              2       56.285603      0.82173068       1.0605877         13.096583            12.11901      0.76515007     -0.56844237       5.6245903        5.6245903       101.32202              101.32202
              1       55.131537      0.82173068       1.0491212         13.093419           12.122788        0.763036     -0.57844419       5.6245903        5.6245903       99.013893              99.013893
              2       55.235458      0.82173068       1.0590462         13.096081           12.126259      0.76687957     -0.59119707       5.6245903        5.6245903       99.221735              99.221735
              1        55.23203      0.82173068       1.0588252         13.096232           12.126306      0.76694266      -0.5911154       5.6245903        5.6245903       99.214879              99.214879
              5       55.367722      0.82173068       1.0593774         13.098783           12.124814      0.76350443     -0.59432442       5.6245903        5.6245903       99.486264              99.486264
              1        55.52696      0.82038292       1.0593774         13.098783           12.124814      0.76350443     -0.59432442       5.6245903        5.6245903        99.80474               99.80474
              1       56.186043      0.82038292       1.0770654         13.093877            12.12073      0.75161053      -0.5915488       5.6245903        5.6245903       101.12291              101.12291
              1       56.145396      0.82038292       1.0761796         13.090357           12.118071      0.74870598     -0.58643495       5.6245903        5.6245903       101.04161              101.04161
              1       56.590086      0.82038292       1.0722169         13.089378           12.116839      0.74863808     -0.59253388       5.6245903        5.6245903       101.93099              101.93099
              9       56.420728      0.82038292       1.0693685         13.088925           12.118444      0.74831374     -0.59167432       5.6245903        5.6245903       101.59228              101.59228
              4       56.608068      0.82038292       1.0687355         13.091186           12.125469      0.74721936     -0.58960373       5.6245903        5.6245903       101.96696              101.96696
              3       56.167863      0.82038292       1.0607749         13.098956           12.129791      0.75091338     -0.59117648       5.6245903        5.6245903       101.08655              101.08655
              2       56.131844      0.82038292       1.0604098         13.098851           12.130072      0.75093588     -0.59034359       5.6245903        5.6245903       101.01451              101.01451
              1       56.553687      0.82038292       1.0580907         13.104469           12.133267      0.74831965     -0.59253405       5.6245903        5.6245903       101.85819              101.85819
              1       56.742749      0.82038292        1.057167         13.103897           12.132452      0.74616841     -0.59189805       5.6245903        5.6245903       102.23632              102.23632
              1       57.262933      0.82038292       1.0483531         13.102105           12.133435      0.74676304     -0.59806121       5.6245903        5.6245903       103.27669              103.27669
              5       56.835567      0.82038292       1.0410831         13.105341           12.128823      0.74875958     -0.59360286       5.6245903        5.6245903       102.42195              102.42195
              2       56.629225      0.82038292        1.047239         13.103265           12.140306      0.75703427     -0.58985172       5.6245903        5.6245903       102.00927              102.00927
              2       56.349281      0.82038292       1.0402315         13.109057           12.144258      0.75807943     -0.58864163       5.6245903        5.6245903       101.44938              101.44938
              4       55.695484      0.82038292       1.0497072         13.111651            12.14359      0.75981482     -0.58069283       5.6245903        5.6245903       100.14179              100.14179
              1       56.075552      0.82038292        1.046296         13.110197           12.144429      0.75649923     -0.57871481       5.6245903        5.6245903       100.90192              100.90192
              6       56.012578      0.82038292       1.0466521         13.110326            12.14409      0.75617566     -0.57931543       5.6245903        5.6245903       100.77598              100.77598
              2       55.441694      0.82038292       1.0474457         13.111832           12.133154      0.76030795     -0.57683484       5.6245903        5.6245903       99.634207              99.634207
              1        55.67617      0.82038292       1.0385334         13.105862            12.12897       0.7516399     -0.57550255       5.6245903        5.6245903       100.10316              100.10316
              1       55.648743      0.82038292       1.0362368         13.106118           12.129156      0.75200169     -0.57453121       5.6245903        5.6245903        100.0483               100.0483
              1       56.134414      0.82038292       1.0296983         13.087166            12.13056      0.76542078     -0.59106584       5.6245903        5.6245903       101.01965              101.01965
              1       55.315464      0.82038292        1.047811         13.093636           12.128739      0.76043407     -0.58561248       5.6245903        5.6245903       99.381747              99.381747
              3       55.206888      0.82038292       1.0566094         13.090334           12.120193      0.76771202     -0.58396816       5.6245903        5.6245903       99.164595              99.164595
              1       55.775473      0.82038292       1.0573619         13.097821           12.125559      0.77700467     -0.58083569       5.6245903        5.6245903       100.30177              100.30177
              1       55.563539      0.81890746       1.0573619         13.097821           12.125559      0.77700467     -0.58083569       5.6245903        5.6245903       99.877897              99.877897
              2       56.736861      0.81890746       1.0518655          13.10899            12.12934      0.77870572     -0.57255059       5.6245903        5.6245903       102.22454              102.22454
              2       55.530511      0.81890746       1.0277806         13.106339           12.134186      0.78368507     -0.58716813       5.6245903        5.6245903       99.811841              99.811841
              3        56.17539      0.81890746       1.0330485         13.104448           12.137284      0.78883162     -0.58335583       5.6245903        5.6245903        101.1016               101.1016
              8         56.3899      0.81890746       1.0370133         13.097924           12.134075       0.7949128     -0.59576933       5.6245903        5.6245903       101.53062              101.53062
              2        56.29921      0.81890746       1.0291665         13.096064           12.134628      0.78716116     -0.58270873       5.6245903        5.6245903       101.34924              101.34924
              1       56.779572      0.81890746       1.0288004         13.094746           12.135785      0.78781087     -0.58233281       5.6245903        5.6245903       102.30996              102.30996
              2       56.304072      0.81890746       1.0369839         13.092248           12.132209      0.78469299     -0.58194693       5.6245903        5.6245903       101.35896              101.35896
              1       55.140345      0.81890746       1.0156667         13.092109            12.13172      0.77108022     -0.59156269       5.6245903        5.6245903        99.03151               99.03151
              3       55.238156      0.81890746        1.016968         13.092646           12.132588      0.77051125     -0.59143326       5.6245903        5.6245903       99.227131              99.227131
              2       55.473432      0.81890746       1.0134294           13.0908           12.131841       0.7708597     -0.59856721       5.6245903        5.6245903       99.697684              99.697684
              2       55.410044      0.81890746       1.0238575         13.092232           12.128049      0.77036218     -0.60372958       5.6245903        5.6245903       99.570908              99.570908
              6       55.224137      0.81890746       1.0253525         13.086409           12.124944      0.76881309     -0.59744585       5.6245903        5.6245903       99.199094              99.199094
              1       54.902981      0.81890746       1.0253097         13.083022           12.119987      0.76524474     -0.58555625       5.6245903        5.6245903       98.556781              98.556781
              4       55.032432      0.81890746       1.0281288         13.082069           12.117263      0.76729171     -0.58871581       5.6245903        5.6245903       98.815683              98.815683
              6       54.967523      0.81890746       1.0242662         13.084197           12.123306      0.77407393     -0.58227236       5.6245903        5.6245903       98.685866              98.685866
              1       54.923864      0.81890746       1.0381952         13.080158           12.118007      0.76914465     -0.57997322       5.6245903        5.6245903       98.598547              98.598547
              2        54.93164      0.81890746       1.0386467         13.080216           12.118076      0.76933854     -0.57999675       5.6245903        5.6245903       98.614099              98.614099
              1       55.695177      0.81890746       1.0476931         13.078392           12.122347      0.76472113     -0.56969205       5.6245903        5.6245903       100.14117              100.14117
              2       55.639395      0.81890746       1.0500054         13.078541           12.121923      0.76498827     -0.57043436       5.6245903        5.6245903       100.02961              100.02961
              1       57.674723      0.81890746        1.047939         13.091033           12.112654      0.76146035     -0.55073093       5.6245903        5.6245903       104.10027              104.10027
              4         57.3293      0.81890746       1.0486441         13.094947           12.116635      0.76339799       -0.551704       5.6245903        5.6245903       103.40942              103.40942
              1       55.667386      0.81890746       1.0562089         13.091202           12.119028      0.75760411      -0.5525947       5.6245903        5.6245903       100.08559              100.08559
              1       55.235726      0.81890746       1.0694489         13.086804           12.121064      0.76694059     -0.58723683       5.6245903        5.6245903       99.222272              99.222272
              1       55.939753      0.81890746       1.0688142         13.084274           12.125174      0.76986828     -0.58207222       5.6245903        5.6245903       100.63033              100.63033
              2       56.448132      0.80886508       1.0688142         13.084274           12.125174      0.76986828     -0.58207222       5.6245903        5.6245903       101.64708              101.64708
              1       56.554882      0.80886508       1.0689533         13.083237           12.124699      0.76958967     -0.58309509       5.6245903        5.6245903       101.86058              101.86058
              1       56.546026      0.80886508       1.0754125         13.081657             12.1265      0.76864198     -0.57812203       5.6245903        5.6245903       101.84287              101.84287
              1       56.109048      0.80886508       1.0888464         13.083838           12.120075      0.77420065     -0.57925753       5.6245903        5.6245903       100.96892              100.96892
