#        weight    minuslogpost          sigma8        ygk_Ahmc ygk_LOWZ__5_lM1_0 ygk_LOWZ__5_lMmin_0   ygk_mass_bias       ygk_rhogy   minuslogprior minuslogprior__0            chi2 chi2__ygk_like.ygkLike
              2        177.6255      0.72907053       1.0525746         13.017225           12.176266      0.75896123     -0.48575363       5.6245903        5.6245903       344.00183              344.00183
              5       165.64975      0.76049078       1.0525746         13.017225           12.176266      0.75896123     -0.48575363       5.6245903        5.6245903       320.05032              320.05032
              5        164.4853      0.76049078       1.0527161         13.017229           12.175579      0.75879291      -0.4880225       5.6245903        5.6245903       317.72142              317.72142
              3        152.7491      0.76049078        1.064225         13.039382           12.186447      0.75695153     -0.46793214       5.6245903        5.6245903       294.24901              294.24901
              3       153.67717      0.76049078       1.0638084         13.039297           12.187347      0.75870943     -0.46571157       5.6245903        5.6245903       296.10515              296.10515
              1       113.08233      0.76049078        1.028268          13.03939           12.172251      0.76261768     -0.46029106       5.6245903        5.6245903       214.91547              214.91547
              2       108.96532      0.76049078       1.0367759         13.036414           12.167883      0.76574082     -0.46196629       5.6245903        5.6245903       206.68145              206.68145
              1       106.18904      0.76049078       1.0204735         13.043091            12.17576      0.77514282     -0.44728564       5.6245903        5.6245903       201.12891              201.12891
              1       100.70663      0.76049078       1.0203662         13.045013             12.1737      0.77466454     -0.44525662       5.6245903        5.6245903       190.16408              190.16408
              1       98.718966      0.76049078       1.0261121         13.044746             12.1727      0.77801924     -0.44483752       5.6245903        5.6245903       186.18875              186.18875
              2       92.828232      0.76049078       1.0195336         13.056033           12.172414      0.78288956     -0.48453607       5.6245903        5.6245903       174.40728              174.40728
              1       90.021017      0.76049078       1.0288206         13.052611           12.168407      0.78108817     -0.47261384       5.6245903        5.6245903       168.79285              168.79285
              1       80.542142      0.76049078       1.0376016           13.0565            12.16256      0.78886422     -0.47814976       5.6245903        5.6245903        149.8351               149.8351
              3       78.868515      0.76049078       1.0420384         13.063686           12.162125      0.78390659     -0.47693775       5.6245903        5.6245903       146.48785              146.48785
              1       71.672751      0.76049078       1.0266607         13.068692           12.161671       0.7889966     -0.45674514       5.6245903        5.6245903       132.09632              132.09632
              2       72.647146      0.76049078       1.0297142          13.06726           12.162982       0.7893645      -0.4566276       5.6245903        5.6245903       134.04511              134.04511
              2       69.726481      0.76049078       1.0419355         13.071414            12.15947      0.79292265      -0.4593974       5.6245903        5.6245903       128.20378              128.20378
