#        weight    minuslogpost          sigma8        ygk_Ahmc ygk_LOWZ__1_lM1_0 ygk_LOWZ__1_lMmin_0   ygk_mass_bias       ygk_rhogy   minuslogprior minuslogprior__0            chi2 chi2__ygk_like.ygkLike
              1       57.252926      0.79094552       1.2549652         12.867777           11.566992      0.67373462     -0.76790823       5.6245903        5.6245903       103.25667              103.25667
              1       56.828315      0.79094552       1.2487203         12.857265           11.557849      0.68413934     -0.77768077       5.6245903        5.6245903       102.40745              102.40745
              2       56.829485      0.79781157       1.2487203         12.857265           11.557849      0.68413934     -0.77768077       5.6245903        5.6245903       102.40979              102.40979
              1       56.312675      0.79781157       1.2353283         12.859809           11.557109       0.6878438     -0.78631026       5.6245903        5.6245903       101.37617              101.37617
              1       56.316019      0.79793988       1.2353283         12.859809           11.557109       0.6878438     -0.78631026       5.6245903        5.6245903       101.38286              101.38286
              2       56.412161      0.79793988       1.2373353          12.86234           11.555986       0.6791957     -0.79229474       5.6245903        5.6245903       101.57514              101.57514
              2       56.626411      0.79793988       1.2362786         12.859218           11.549368      0.67827823     -0.79140146       5.6245903        5.6245903       102.00364              102.00364
              1       56.552607      0.79793988       1.2307528         12.844542           11.539654      0.67617926      -0.7918756       5.6245903        5.6245903       101.85603              101.85603
              1       56.581593      0.79793988       1.2344391         12.842588           11.540736      0.67554006     -0.79369536       5.6245903        5.6245903         101.914                101.914
              4        56.54835      0.79793988       1.2311563         12.843218           11.541557      0.67768938     -0.80128901       5.6245903        5.6245903       101.84752              101.84752
              1        57.34475      0.79793988        1.228849         12.856661           11.543473      0.67392714     -0.80165244       5.6245903        5.6245903       103.44032              103.44032
              1       57.607108      0.79793988       1.2296549         12.860045           11.543357      0.68658638     -0.81326098       5.6245903        5.6245903       103.96504              103.96504
              1       57.731813      0.79793988       1.2278805         12.860136           11.542928      0.68767569     -0.81216545       5.6245903        5.6245903       104.21444              104.21444
              1       57.587492      0.79793988       1.2262801         12.859501           11.543164      0.68664512      -0.8135879       5.6245903        5.6245903        103.9258               103.9258
              1        57.86752      0.79793988       1.2252159         12.857471           11.563558      0.69014461     -0.81064128       5.6245903        5.6245903       104.48586              104.48586
              1       56.482647      0.79793988       1.2252764         12.854422           11.544579       0.6922734     -0.81326317       5.6245903        5.6245903       101.71611              101.71611
              1       56.803938      0.79793988       1.2304849         12.858519           11.545096      0.69649869     -0.81821613       5.6245903        5.6245903        102.3587               102.3587
              1       56.904614      0.79793988       1.2300437         12.858973           11.545042      0.69523699     -0.81938683       5.6245903        5.6245903       102.56005              102.56005
              2       57.033216      0.79793988       1.2313249         12.859435           11.544742      0.69420705     -0.81856657       5.6245903        5.6245903       102.81725              102.81725
              1       61.286995      0.78748903       1.2313249         12.859435           11.544742      0.69420705     -0.81856657       5.6245903        5.6245903       111.32481              111.32481
              2       58.049798      0.78748903        1.233989         12.852132           11.550182      0.68388025     -0.80978838       5.6245903        5.6245903       104.85042              104.85042
              1       57.036311      0.78748903       1.2339431         12.852879           11.559765      0.69038584     -0.80743783       5.6245903        5.6245903       102.82344              102.82344
              2       57.050418      0.78748903       1.2386852         12.854383           11.556162      0.69349449       -0.801737       5.6245903        5.6245903       102.85166              102.85166
              2       56.804217      0.78748903       1.2250373         12.844151           11.550654      0.70018859     -0.79481863       5.6245903        5.6245903       102.35925              102.35925
              1       56.602137      0.78748903       1.2250042         12.846115           11.554041      0.70676459     -0.78646256       5.6245903        5.6245903       101.95509              101.95509
              2         56.7123      0.78748903       1.2217124         12.842244           11.550607      0.70391122     -0.78192823       5.6245903        5.6245903       102.17542              102.17542
              4       56.688518      0.78748903       1.2241485         12.840422           11.547297      0.70678792     -0.78241226       5.6245903        5.6245903       102.12786              102.12786
              1         56.7197      0.78748903       1.2226058         12.839954           11.548792      0.70441098     -0.79153622       5.6245903        5.6245903       102.19022              102.19022
              1       56.440705      0.78748903       1.2293189         12.843516            11.54925      0.72342651     -0.79773284       5.6245903        5.6245903       101.63223              101.63223
              1       56.654715      0.79462087       1.2293189         12.843516            11.54925      0.72342651     -0.79773284       5.6245903        5.6245903       102.06025              102.06025
              3       56.132508      0.79462087       1.2273076         12.857053           11.554169       0.7217705     -0.79684908       5.6245903        5.6245903       101.01583              101.01583
              1       56.183325      0.79462087       1.2259912         12.857673           11.553432      0.72207931      -0.7975681       5.6245903        5.6245903       101.11747              101.11747
              1       56.253519      0.79369596       1.2259912         12.857673           11.553432      0.72207931      -0.7975681       5.6245903        5.6245903       101.25786              101.25786
              1        56.30832      0.79369596       1.2238767         12.861447           11.555811      0.71960457     -0.79394282       5.6245903        5.6245903       101.36746              101.36746
              1       56.639862      0.79369596       1.2197049         12.860944           11.561592      0.74718149      -0.7808213       5.6245903        5.6245903       102.03054              102.03054
              1       56.642662      0.79369596       1.2186016         12.860933           11.561147      0.74771964     -0.78070193       5.6245903        5.6245903       102.03614              102.03614
              2       56.904932      0.79369596        1.217395         12.860438           11.564292      0.74750518     -0.77921309       5.6245903        5.6245903       102.56068              102.56068
              1         58.6308      0.79369596       1.2250927         12.849148           11.560599      0.75741357     -0.76749913       5.6245903        5.6245903       106.01242              106.01242
              3       57.570961      0.79030644       1.2250927         12.849148           11.560599      0.75741357     -0.76749913       5.6245903        5.6245903       103.89274              103.89274
              2       56.790023      0.79030644       1.2250987         12.856484           11.555889      0.74948076     -0.75588422       5.6245903        5.6245903       102.33087              102.33087
              2       56.802859      0.79030644       1.2195665         12.852277              11.553      0.74843288     -0.75511173       5.6245903        5.6245903       102.35654              102.35654
              3       57.451419       0.7984641       1.2195665         12.852277              11.553      0.74843288     -0.75511173       5.6245903        5.6245903       103.65366              103.65366
              1         59.3903       0.7984641       1.2332932         12.840028            11.55126      0.73719334     -0.74491335       5.6245903        5.6245903       107.53142              107.53142
              1       59.051938       0.7984641       1.2339868         12.840354           11.550467      0.73802375     -0.74467525       5.6245903        5.6245903       106.85469              106.85469
              1       58.216931       0.7984641         1.24669         12.852591           11.558514      0.73236965     -0.75193387       5.6245903        5.6245903       105.18468              105.18468
              1       58.198541      0.79841464         1.24669         12.852591           11.558514      0.73236965     -0.75193387       5.6245903        5.6245903        105.1479               105.1479
              1       58.440979      0.79841464       1.2488037         12.852003           11.558661      0.73222074     -0.75579233       5.6245903        5.6245903       105.63278              105.63278
              3       57.662483      0.79841464       1.2644611         12.842473           11.547139      0.72733078     -0.74601439       5.6245903        5.6245903       104.07579              104.07579
              2       56.164501      0.79841464       1.2607374         12.848424           11.544339       0.7059515     -0.74824298       5.6245903        5.6245903       101.07982              101.07982
              1       56.752099      0.79841464        1.259791         12.859589           11.544525      0.71656535     -0.76217298       5.6245903        5.6245903       102.25502              102.25502
              1       56.183532      0.79841464       1.2581386         12.856269           11.546707      0.71681572     -0.76450153       5.6245903        5.6245903       101.11788              101.11788
              1       56.131234      0.79841464       1.2607202         12.856422           11.547489      0.71486933     -0.76602726       5.6245903        5.6245903       101.01329              101.01329
              1        57.24092      0.79841464       1.2691611         12.854441           11.555643      0.72484013     -0.76048212       5.6245903        5.6245903       103.23266              103.23266
              1       57.772753      0.79841464       1.2660463         12.858719           11.561936      0.72221962     -0.75875493       5.6245903        5.6245903       104.29633              104.29633
              2       56.218569      0.78859346       1.2660463         12.858719           11.561936      0.72221962     -0.75875493       5.6245903        5.6245903       101.18796              101.18796
              1       56.214637      0.78859346       1.2684532         12.861466           11.563241      0.72036717     -0.76087403       5.6245903        5.6245903       101.18009              101.18009
              2       56.395407      0.78859346       1.2672862         12.865189           11.562162      0.72772464      -0.7644682       5.6245903        5.6245903       101.54163              101.54163
              1       56.408456      0.78849019       1.2672862         12.865189           11.562162      0.72772464      -0.7644682       5.6245903        5.6245903       101.56773              101.56773
              3       56.268527      0.78849019       1.2557703         12.868947           11.573692      0.72591717     -0.76399652       5.6245903        5.6245903       101.28787              101.28787
              1       56.447411      0.78849019       1.2597689         12.872307           11.569161      0.74174882     -0.75479336       5.6245903        5.6245903       101.64564              101.64564
              1        56.35261      0.78849019       1.2678835         12.871648           11.569202      0.74046728     -0.75585344       5.6245903        5.6245903       101.45604              101.45604
              1       56.550226      0.78849019       1.2682351         12.873736           11.578391      0.74410925     -0.75850979       5.6245903        5.6245903       101.85127              101.85127
              2       56.425339      0.78090069       1.2682351         12.873736           11.578391      0.74410925     -0.75850979       5.6245903        5.6245903        101.6015               101.6015
              2       56.424497      0.78090069       1.2734113         12.867765           11.578962      0.73890257     -0.75046129       5.6245903        5.6245903       101.59981              101.59981
              4        56.48734      0.78090069       1.2642496         12.871606           11.583234       0.7366415     -0.74348429       5.6245903        5.6245903        101.7255               101.7255
              3       56.420454      0.78090069       1.2644571         12.871496           11.581937      0.73732082     -0.74381796       5.6245903        5.6245903       101.59173              101.59173
              4       56.425657      0.78035113       1.2644571         12.871496           11.581937      0.73732082     -0.74381796       5.6245903        5.6245903       101.60213              101.60213
              1       57.264934      0.78035113       1.2679521         12.867978           11.586136      0.73858399     -0.74809368       5.6245903        5.6245903       103.28069              103.28069
              1       57.006125      0.78035113       1.2695662           12.8673            11.58409      0.73737225     -0.74858374       5.6245903        5.6245903       102.76307              102.76307
              2       57.501909      0.78035113        1.266717         12.872195           11.590034      0.72275869     -0.75342099       5.6245903        5.6245903       103.75464              103.75464
              2       57.248118      0.77829742        1.266717         12.872195           11.590034      0.72275869     -0.75342099       5.6245903        5.6245903       103.24705              103.24705
              1       56.930287      0.77829742       1.2553045         12.868007            11.58525      0.72708871     -0.75519245       5.6245903        5.6245903       102.61139              102.61139
              3       57.664305      0.77829742       1.2542523         12.868466           11.590222      0.72956667     -0.75686872       5.6245903        5.6245903       104.07943              104.07943
              1       58.453881      0.77829742       1.2416807         12.862549           11.588569      0.72934547     -0.74944486       5.6245903        5.6245903       105.65858              105.65858
              2       58.548607      0.77829742        1.241641         12.862343           11.588715      0.72955136     -0.74963817       5.6245903        5.6245903       105.84803              105.84803
              1       58.062517      0.77829742       1.2405445         12.865263           11.589735      0.73227721     -0.74885906       5.6245903        5.6245903       104.87585              104.87585
              1       56.685256      0.77829742        1.235526         12.868201           11.583087       0.7317845     -0.75651018       5.6245903        5.6245903       102.12133              102.12133
              1       57.037177      0.77829742       1.2407561         12.864681           11.572407      0.74052991     -0.75257611       5.6245903        5.6245903       102.82517              102.82517
              1       56.626588      0.77829742       1.2443816         12.859946           11.575462      0.74107857     -0.74624513       5.6245903        5.6245903         102.004                102.004
              1       56.836954      0.77829742       1.2320376         12.871546           11.588952      0.74098559     -0.73700204       5.6245903        5.6245903       102.42473              102.42473
              1       56.763884      0.77829742       1.2393714         12.878793           11.587842       0.7351597     -0.73474088       5.6245903        5.6245903       102.27859              102.27859
              1       56.599152      0.77829742        1.243209         12.881545           11.590388      0.74216346     -0.73671496       5.6245903        5.6245903       101.94912              101.94912
              1       56.588745      0.77829742       1.2440565         12.880404           11.594163      0.73993909     -0.73968302       5.6245903        5.6245903       101.92831              101.92831
              1       56.611231      0.77930236       1.2440565         12.880404           11.594163      0.73993909     -0.73968302       5.6245903        5.6245903       101.97328              101.97328
              1       56.613079      0.77930236       1.2545206         12.877218             11.5874      0.74212227     -0.71933893       5.6245903        5.6245903       101.97698              101.97698
              3       56.710835      0.77930236       1.2555392         12.891076           11.600468      0.73385563     -0.71246157       5.6245903        5.6245903       102.17249              102.17249
              1         56.8003      0.77930236       1.2589159         12.891035           11.597735      0.72818215     -0.71450463       5.6245903        5.6245903       102.35142              102.35142
              1       56.676563      0.77930236       1.2733988         12.893108           11.602983      0.73651821     -0.72077942       5.6245903        5.6245903       102.10395              102.10395
              1       57.484012      0.77109099       1.2733988         12.893108           11.602983      0.73651821     -0.72077942       5.6245903        5.6245903       103.71884              103.71884
              1       57.137498      0.77109099       1.2674391         12.890253           11.607297      0.73609408     -0.72107429       5.6245903        5.6245903       103.02581              103.02581
              1        58.17638      0.77109099       1.2644854          12.89058           11.601606      0.71704355     -0.72040426       5.6245903        5.6245903       105.10358              105.10358
              1        58.41818      0.77109099       1.2640089         12.895151           11.603943      0.71650913     -0.72008358       5.6245903        5.6245903       105.58718              105.58718
              1       57.962049      0.77109099       1.2676942         12.892844           11.607856      0.71498584     -0.71278025       5.6245903        5.6245903       104.67492              104.67492
              2       58.407045      0.77109099       1.2638959         12.894272            11.60407      0.71689919     -0.70798451       5.6245903        5.6245903       105.56491              105.56491
              2       58.043394      0.77109099       1.2631264          12.89989           11.610346        0.720597      -0.7073507       5.6245903        5.6245903       104.83761              104.83761
              2       57.776962      0.77109099       1.2679443         12.899598           11.611132      0.72190081     -0.71431321       5.6245903        5.6245903       104.30474              104.30474
              2        57.78473      0.77109099       1.2671786         12.899624           11.610994      0.72202746     -0.71483611       5.6245903        5.6245903       104.32028              104.32028
              1       57.258653      0.77109099       1.2675188         12.892617           11.611041      0.73934482     -0.70539322       5.6245903        5.6245903       103.26813              103.26813
              2        57.30569       0.7699562       1.2675188         12.892617           11.611041      0.73934482     -0.70539322       5.6245903        5.6245903        103.3622               103.3622
              1       57.422122       0.7699562       1.2519224         12.883255           11.601483      0.73808669     -0.70942275       5.6245903        5.6245903       103.59506              103.59506
              3       57.403908       0.7699562       1.2527559          12.88172           11.601886      0.73772047     -0.70992259       5.6245903        5.6245903       103.55864              103.55864
              1       57.158518       0.7699562       1.2710183         12.887419           11.599653      0.75707109     -0.72045629       5.6245903        5.6245903       103.06786              103.06786
              1       56.939073       0.7699562       1.2712991          12.89018           11.603981      0.75679313     -0.71990402       5.6245903        5.6245903       102.62897              102.62897
              1       56.779336       0.7699562       1.2664707         12.888221           11.605803      0.76262668     -0.71900472       5.6245903        5.6245903       102.30949              102.30949
              2       56.744609      0.77194462       1.2664707         12.888221           11.605803      0.76262668     -0.71900472       5.6245903        5.6245903       102.24004              102.24004
              4       56.977141      0.77194462       1.2651747         12.891629           11.601389      0.77030874     -0.72325864       5.6245903        5.6245903        102.7051               102.7051
              1       56.773644      0.77360698       1.2651747         12.891629           11.601389      0.77030874     -0.72325864       5.6245903        5.6245903       102.29811              102.29811
              1       56.681892      0.77360698       1.2630211         12.883508           11.599823      0.76646419      -0.7232283       5.6245903        5.6245903        102.1146               102.1146
              1       56.685177      0.77360698       1.2610616         12.883524           11.599042      0.76785663     -0.72186907       5.6245903        5.6245903       102.12117              102.12117
              1       56.902853      0.77722914       1.2610616         12.883524           11.599042      0.76785663     -0.72186907       5.6245903        5.6245903       102.55653              102.55653
              2       57.530352      0.77722914        1.267276         12.883892           11.586098      0.76887653     -0.72139425       5.6245903        5.6245903       103.81152              103.81152
              4        57.97737      0.77722914       1.2699958         12.887325           11.587292      0.75972536     -0.70745347       5.6245903        5.6245903       104.70556              104.70556
              1         57.0457      0.77722914       1.2704258         12.881028           11.595127      0.76352291      -0.6935011       5.6245903        5.6245903       102.84222              102.84222
              2       57.185948      0.77722914       1.2531653         12.882335           11.598638       0.7618821     -0.69390441       5.6245903        5.6245903       103.12272              103.12272
              1       57.530859      0.77722914       1.2412372          12.88531            11.60082      0.78089973     -0.69249418       5.6245903        5.6245903       103.81254              103.81254
              1       57.586983      0.77722914       1.2463669         12.887958           11.602978      0.78340032     -0.69175345       5.6245903        5.6245903       103.92478              103.92478
              5       57.850739      0.77722914       1.2473847         12.885172            11.60244      0.78447243     -0.69089234       5.6245903        5.6245903        104.4523               104.4523
              1       57.995972      0.77722914       1.2442968         12.885929           11.604034      0.78608474     -0.69300636       5.6245903        5.6245903       104.74276              104.74276
              1        58.10653      0.76425902       1.2442968         12.885929           11.604034      0.78608474     -0.69300636       5.6245903        5.6245903       104.96388              104.96388
              1       58.708453      0.76425902       1.2474916         12.891346            11.60482      0.78340303     -0.69718603       5.6245903        5.6245903       106.16773              106.16773
              1       58.309034      0.76425902       1.2469542         12.892407           11.607601      0.78213951     -0.69488823       5.6245903        5.6245903       105.36889              105.36889
              2       57.404813      0.76425902        1.250792         12.890107           11.611552      0.78509088     -0.69608664       5.6245903        5.6245903       103.56045              103.56045
              1       57.613348      0.76425902        1.264171         12.892635           11.610296      0.77859573     -0.69352562       5.6245903        5.6245903       103.97752              103.97752
              1       57.337892      0.76425902       1.2631974         12.888663           11.612297      0.77611588     -0.68982627       5.6245903        5.6245903        103.4266               103.4266
              3       57.753025      0.76425902       1.2654313         12.882268           11.601921      0.78135537     -0.68698233       5.6245903        5.6245903       104.25687              104.25687
              3       57.960966      0.76425902       1.2623389          12.88061           11.599644      0.78161062     -0.68602324       5.6245903        5.6245903       104.67275              104.67275
              3       57.791316      0.76425902        1.258985         12.879913           11.609243      0.78747614     -0.67680817       5.6245903        5.6245903       104.33345              104.33345
              1       57.431638      0.76425902       1.2646531         12.891305           11.617485      0.76850947     -0.69195922       5.6245903        5.6245903        103.6141               103.6141
              1       57.319976      0.76425902       1.2564446         12.891567           11.616944      0.77064791     -0.69780491       5.6245903        5.6245903       103.39077              103.39077
              1       57.622336      0.76425902       1.2482922         12.906109           11.623886      0.77077496     -0.68630282       5.6245903        5.6245903       103.99549              103.99549
              1        57.37063      0.76609135       1.2482922         12.906109           11.623886      0.77077496     -0.68630282       5.6245903        5.6245903       103.49208              103.49208
              2       57.594908      0.76609135       1.2444324         12.903051           11.620776      0.76397138     -0.68322064       5.6245903        5.6245903       103.94064              103.94064
              2       57.530525      0.76609135       1.2450499         12.903017           11.621476      0.76437715     -0.68332939       5.6245903        5.6245903       103.81187              103.81187
              1        57.53936      0.76609135       1.2423728         12.902442           11.621573       0.7691758     -0.67982299       5.6245903        5.6245903       103.82954              103.82954
              1       57.612728      0.76609135       1.2414761         12.903754           11.620663       0.7713169     -0.68319778       5.6245903        5.6245903       103.97628              103.97628
              3       57.565014      0.76609135       1.2412765         12.893549           11.619357      0.77220182     -0.68619811       5.6245903        5.6245903       103.88085              103.88085
              2       58.554147      0.76609135       1.2399393         12.888996           11.602456      0.77560688     -0.69358518       5.6245903        5.6245903       105.85911              105.85911
              1       58.643987      0.76609135       1.2258579         12.886848            11.60214      0.77152885      -0.6908692       5.6245903        5.6245903       106.03879              106.03879
              1       57.342675      0.77368685       1.2258579         12.886848            11.60214      0.77152885      -0.6908692       5.6245903        5.6245903       103.43617              103.43617
              1       57.399613      0.77368685       1.2259857         12.886607           11.601586      0.77247557     -0.68904014       5.6245903        5.6245903       103.55005              103.55005
              1        58.35995      0.78316324       1.2259857         12.886607           11.601586      0.77247557     -0.68904014       5.6245903        5.6245903       105.47072              105.47072
              4        57.94779      0.78316324       1.2221657         12.895406           11.605845      0.77478967     -0.68451011       5.6245903        5.6245903        104.6464               104.6464
              3       57.798886      0.78316324       1.2206666          12.89454           11.604119      0.77146886     -0.68077299       5.6245903        5.6245903       104.34859              104.34859
              1       57.933732      0.78316324       1.2112809         12.911473           11.612889      0.78233972     -0.68832219       5.6245903        5.6245903       104.61828              104.61828
              1       58.783435      0.78316324       1.2118176         12.904964           11.617055       0.7872278     -0.69170909       5.6245903        5.6245903       106.31769              106.31769
              2       58.250396      0.76827975       1.2118176         12.904964           11.617055       0.7872278     -0.69170909       5.6245903        5.6245903       105.25161              105.25161
              1       58.514354      0.76827975       1.2139203         12.904229           11.615099      0.78606408     -0.68950578       5.6245903        5.6245903       105.77953              105.77953
              1       57.452494      0.76827975       1.2142339         12.902707           11.621684      0.77259692      -0.6915787       5.6245903        5.6245903       103.65581              103.65581
              2       58.041732      0.76827975       1.2183697         12.904325           11.630872      0.77599545     -0.68503223       5.6245903        5.6245903       104.83428              104.83428
              2       57.775135      0.76827975       1.2053515         12.910551           11.629095      0.77242121     -0.67399652       5.6245903        5.6245903       104.30109              104.30109
              1       57.870729      0.76827975        1.207951         12.918055           11.632183      0.77314523      -0.6738292       5.6245903        5.6245903       104.49228              104.49228
              1       57.617845      0.76827975        1.216859         12.914971            11.63383      0.76619595     -0.67419365       5.6245903        5.6245903       103.98651              103.98651
              2       57.584396      0.76827975       1.2176111         12.915641            11.63169      0.76655543     -0.67801168       5.6245903        5.6245903       103.91961              103.91961
              2        57.72632      0.76827975        1.217791         12.916159            11.63032      0.76618611     -0.67715196       5.6245903        5.6245903       104.20346              104.20346
              1       57.450851      0.77078545        1.217791         12.916159            11.63032      0.76618611     -0.67715196       5.6245903        5.6245903       103.65252              103.65252
              2       57.435099      0.77078545       1.2195235          12.91669           11.633612      0.76674055     -0.67764597       5.6245903        5.6245903       103.62102              103.62102
              2        57.50019      0.77078545       1.2179046         12.917446           11.632315      0.77994308     -0.67634182       5.6245903        5.6245903        103.7512               103.7512
              2       57.655004      0.77078545       1.2294218         12.915539           11.627346      0.78040763     -0.67058686       5.6245903        5.6245903       104.06083              104.06083
              1       59.094328      0.77078545       1.2149328         12.902955           11.630863      0.78428773      -0.6712206       5.6245903        5.6245903       106.93948              106.93948
              1       59.063773      0.77078545       1.2142526         12.904217           11.631785      0.78502694     -0.67108006       5.6245903        5.6245903       106.87837              106.87837
              2       60.639505      0.77078545       1.2115532          12.90532           11.638146      0.77274292     -0.67116767       5.6245903        5.6245903       110.02983              110.02983
              2       60.103129      0.76925827       1.2115532          12.90532           11.638146      0.77274292     -0.67116767       5.6245903        5.6245903       108.95708              108.95708
              1       60.340897      0.76925827        1.210887         12.904464           11.638166      0.77282384     -0.67340081       5.6245903        5.6245903       109.43261              109.43261
              2       58.799661      0.76925827       1.2082404         12.917813           11.644891       0.7744822     -0.67760208       5.6245903        5.6245903       106.35014              106.35014
              1       60.255949      0.75015965       1.2082404         12.917813           11.644891       0.7744822     -0.67760208       5.6245903        5.6245903       109.26272              109.26272
              1       60.617511      0.75015965         1.22547            12.915           11.659349      0.75416625     -0.68226996       5.6245903        5.6245903       109.98584              109.98584
              1       60.226357      0.75015965       1.2242584         12.916918           11.656418       0.7463871     -0.68605546       5.6245903        5.6245903       109.20353              109.20353
              1       60.319806      0.75015965       1.2257734         12.915895           11.656596      0.74645765     -0.68734118       5.6245903        5.6245903       109.39043              109.39043
              2       60.198029      0.75015965       1.2310124         12.918933           11.656971      0.74444971     -0.68364344       5.6245903        5.6245903       109.14688              109.14688
              1       60.108562      0.75015965       1.2320779         12.920649           11.651068      0.74730614     -0.68441345       5.6245903        5.6245903       108.96794              108.96794
              1        60.07641      0.75015965       1.2321378         12.928526           11.655484      0.75021415     -0.68983907       5.6245903        5.6245903       108.90364              108.90364
              1        58.62048      0.75700733       1.2321378         12.928526           11.655484      0.75021415     -0.68983907       5.6245903        5.6245903       105.99178              105.99178
              2       58.605258      0.75700733       1.2322189         12.928152           11.655642      0.75074541     -0.69038163       5.6245903        5.6245903       105.96133              105.96133
              2       58.350158      0.75700733        1.237844           12.9263           11.651371      0.76115309     -0.67931837       5.6245903        5.6245903       105.45114              105.45114
              3       58.624503      0.75700733       1.2510103         12.925044           11.655213      0.75626942     -0.68014558       5.6245903        5.6245903       105.99983              105.99983
              3       58.858021      0.75700733       1.2497103         12.915892           11.651507      0.77483758     -0.67162681       5.6245903        5.6245903       106.46686              106.46686
              4       58.371618      0.75700733       1.2411403         12.912643            11.64578      0.77319862     -0.67534424       5.6245903        5.6245903       105.49406              105.49406
              2       58.583546      0.75700733       1.2642923         12.917299           11.642254      0.75711843     -0.66511348       5.6245903        5.6245903       105.91791              105.91791
              2       58.594663      0.75700733       1.2637091         12.917352           11.642775       0.7570516     -0.66374308       5.6245903        5.6245903       105.94014              105.94014
              1       58.807498      0.75573825       1.2637091         12.917352           11.642775       0.7570516     -0.66374308       5.6245903        5.6245903       106.36582              106.36582
              1       58.589244      0.75573825       1.2682645         12.927561           11.651029      0.76131503      -0.6637195       5.6245903        5.6245903       105.92931              105.92931
              1       59.017021      0.75573825       1.2573218         12.924995           11.658966      0.76382505     -0.67137089       5.6245903        5.6245903       106.78486              106.78486
              1       58.460244      0.75573825       1.2535749         12.930294           11.655796      0.76128115     -0.67191131       5.6245903        5.6245903       105.67131              105.67131
              1       58.629021      0.75573825        1.258053         12.930119           11.657424      0.75380295     -0.67902174       5.6245903        5.6245903       106.00886              106.00886
              1       59.279921      0.76587071        1.258053         12.930119           11.657424      0.75380295     -0.67902174       5.6245903        5.6245903       107.31066              107.31066
              1       59.076106      0.76587071       1.2624167         12.927719           11.654628      0.75363835     -0.68154011       5.6245903        5.6245903       106.90303              106.90303
              1       57.132001      0.76587071       1.2641084         12.941417           11.653699      0.76650582     -0.69147369       5.6245903        5.6245903       103.01482              103.01482
              1       57.136861      0.76587071       1.2639539         12.941288           11.653332      0.76682224     -0.69123258       5.6245903        5.6245903       103.02454              103.02454
              3       57.363509      0.76587071       1.2689331         12.944727           11.653364      0.76662293     -0.68590482       5.6245903        5.6245903       103.47784              103.47784
              1       57.445745      0.76587071       1.2678726         12.943216           11.651158      0.76792362     -0.68591103       5.6245903        5.6245903       103.64231              103.64231
              2       57.227654      0.76587071       1.2690315         12.941156           11.653332      0.77018539     -0.68165549       5.6245903        5.6245903       103.20613              103.20613
              2         57.1617      0.76587071       1.2684058         12.942779            11.65479      0.77402458     -0.68348489       5.6245903        5.6245903       103.07422              103.07422
              1       57.145641      0.76587071       1.2674315         12.942901           11.654974      0.77507903     -0.68399173       5.6245903        5.6245903        103.0421               103.0421
              3       57.135935      0.76587071       1.2671695          12.94261           11.654886      0.77450721     -0.68477967       5.6245903        5.6245903       103.02269              103.02269
              1       57.646002       0.7731613       1.2671695          12.94261           11.654886      0.77450721     -0.68477967       5.6245903        5.6245903       104.04282              104.04282
              1       59.028863       0.7731613       1.2705589         12.942007           11.659786      0.77573113     -0.68711919       5.6245903        5.6245903       106.80855              106.80855
              3       58.545775       0.7731613       1.2658978          12.93668           11.654359      0.77523631      -0.6926495       5.6245903        5.6245903       105.84237              105.84237
              1       57.239174       0.7731613       1.2717029         12.936988           11.647679      0.77640918      -0.6913897       5.6245903        5.6245903       103.22917              103.22917
              1       57.051825       0.7731613       1.2676381         12.941366           11.644738      0.77637149     -0.68929155       5.6245903        5.6245903       102.85447              102.85447
              1        57.10764       0.7731613       1.2665779         12.940238           11.645138      0.78314015     -0.68831022       5.6245903        5.6245903        102.9661               102.9661
              1       57.082399       0.7731613       1.2621734         12.932594           11.644875       0.7728597     -0.70305495       5.6245903        5.6245903       102.91562              102.91562
              1       57.990115       0.7731613       1.2728986         12.933655           11.649936      0.76451976     -0.70108448       5.6245903        5.6245903       104.73105              104.73105
              1       58.466894      0.75610035       1.2728986         12.933655           11.649936      0.76451976     -0.70108448       5.6245903        5.6245903       105.68461              105.68461
              1       57.865199      0.75610035       1.2703598         12.932524           11.655097      0.76453664     -0.69984361       5.6245903        5.6245903       104.48122              104.48122
              2       57.959615      0.75610035       1.2694669         12.932383           11.654324      0.76320388     -0.69856103       5.6245903        5.6245903       104.67005              104.67005
              1        59.66189      0.75610035       1.2917562         12.930796           11.667414       0.7944104      -0.6896295       5.6245903        5.6245903        108.0746               108.0746
              1       58.803572      0.75270018       1.2917562         12.930796           11.667414       0.7944104      -0.6896295       5.6245903        5.6245903       106.35796              106.35796
              1       59.258611      0.75270018       1.2899908         12.931973           11.669921      0.79380873     -0.68658696       5.6245903        5.6245903       107.26804              107.26804
              1       57.946133      0.75270018       1.2852648         12.927642           11.660511      0.79871942     -0.67892854       5.6245903        5.6245903       104.64308              104.64308
              2       58.068949      0.75270018       1.2896089         12.926384           11.659529      0.79507849     -0.67583177       5.6245903        5.6245903       104.88872              104.88872
              1       57.843888      0.75270018       1.2858484          12.92603             11.6526      0.78768745     -0.67604006       5.6245903        5.6245903        104.4386               104.4386
              2       58.276412      0.75270018       1.2948795         12.910018           11.646074      0.78985316     -0.67166975       5.6245903        5.6245903       105.30364              105.30364
              2       58.652721      0.75270018       1.2960612          12.91655           11.637444      0.79688559     -0.66654978       5.6245903        5.6245903       106.05626              106.05626
              2       58.510616      0.75270018       1.2984334         12.918587           11.641653      0.79130747     -0.65493828       5.6245903        5.6245903       105.77205              105.77205
              1       58.226868      0.75270018       1.2981518         12.922574            11.64588       0.7917816      -0.6619733       5.6245903        5.6245903       105.20455              105.20455
              1       57.846946      0.75270018       1.3049429         12.919776            11.64727      0.79810866     -0.66256925       5.6245903        5.6245903       104.44471              104.44471
              2       57.839311      0.75270018       1.3065214         12.917466           11.645821      0.79548312     -0.66498973       5.6245903        5.6245903       104.42944              104.42944
              2       57.666319      0.75270018       1.2915356         12.907046           11.638647      0.80770837     -0.67378166       5.6245903        5.6245903       104.08346              104.08346
              2       57.628091      0.75270018       1.2925625         12.907762           11.638275      0.80768413     -0.67535664       5.6245903        5.6245903         104.007                104.007
              3       57.647069      0.75270018       1.2954587          12.90804           11.639609      0.80884193     -0.67367434       5.6245903        5.6245903       104.04496              104.04496
              1       57.996081      0.75270018       1.2966649         12.908808           11.640879      0.80229636     -0.65676534       5.6245903        5.6245903       104.74298              104.74298
              1       58.061261      0.75270018       1.2966114         12.913727           11.640436      0.80522135     -0.65581957       5.6245903        5.6245903       104.87334              104.87334
              2       58.051234      0.75270018       1.2956944         12.911842           11.644664      0.80864167      -0.6546618       5.6245903        5.6245903       104.85329              104.85329
              2       58.404174      0.75270018       1.2886316         12.918124           11.653544      0.80045923     -0.65827742       5.6245903        5.6245903       105.55917              105.55917
              2       58.588622      0.74485086       1.2886316         12.918124           11.653544      0.80045923     -0.65827742       5.6245903        5.6245903       105.92806              105.92806
              1       58.590959      0.74485086       1.2877322         12.914695           11.650757      0.80235001     -0.65728803       5.6245903        5.6245903       105.93274              105.93274
              3       58.739515      0.74485086        1.267978         12.921678            11.65663      0.81019123     -0.64948187       5.6245903        5.6245903       106.22985              106.22985
              1       58.347092      0.75000011        1.267978         12.921678            11.65663      0.81019123     -0.64948187       5.6245903        5.6245903         105.445                105.445
              1       59.598207      0.75000011       1.2711068         12.929901           11.649723      0.82492787     -0.65079142       5.6245903        5.6245903       107.94723              107.94723
              1       58.266254      0.75000011       1.2803637         12.930566             11.6575      0.82643292     -0.64858336       5.6245903        5.6245903       105.28333              105.28333
              1       61.130357      0.75000011       1.2876779         12.938167            11.65036       0.8171603     -0.65006922       5.6245903        5.6245903       111.01153              111.01153
              1       61.025515      0.75000011       1.2867404         12.939907           11.651952      0.81695148     -0.65212863       5.6245903        5.6245903       110.80185              110.80185
              2       59.118531      0.75000011       1.2929062          12.93031           11.648953      0.81840236     -0.66551206       5.6245903        5.6245903       106.98788              106.98788
              4       59.181333      0.75000011       1.2939594         12.930526             11.6482      0.81861813     -0.67288488       5.6245903        5.6245903       107.11349              107.11349
              1       60.266083      0.75000011       1.2956955         12.925682           11.640734      0.82882549      -0.6717173       5.6245903        5.6245903       109.28299              109.28299
              1       59.430279      0.75259027       1.2956955         12.925682           11.640734      0.82882549      -0.6717173       5.6245903        5.6245903       107.61138              107.61138
              2       57.969946      0.75259027       1.2991428         12.922096           11.642791      0.81389429     -0.68423461       5.6245903        5.6245903       104.69071              104.69071
              2       57.889507      0.75259027       1.2964637         12.916907           11.639337      0.81451802     -0.68479793       5.6245903        5.6245903       104.52983              104.52983
              1       57.405796      0.75259027       1.3077316         12.914533           11.639153      0.82944915     -0.69885519       5.6245903        5.6245903       103.56241              103.56241
              1       57.292355      0.75259027       1.3080332         12.914766           11.643612      0.82923676     -0.69514824       5.6245903        5.6245903       103.33553              103.33553
              1       59.273866      0.75259027       1.3175352         12.902618           11.644902      0.82958181     -0.69668829       5.6245903        5.6245903       107.29855              107.29855
              1        58.53795      0.75259027       1.3167413         12.900882           11.640788       0.8282089     -0.69164433       5.6245903        5.6245903       105.82672              105.82672
              1       57.757952      0.74819055       1.3167413         12.900882           11.640788       0.8282089     -0.69164433       5.6245903        5.6245903       104.26672              104.26672
              1       58.124255      0.74819055       1.3172659         12.901399           11.642964      0.80620572      -0.6955977       5.6245903        5.6245903       104.99933              104.99933
              1       57.600959      0.74819055       1.3283059         12.909456           11.640055      0.80599683     -0.69351641       5.6245903        5.6245903       103.95274              103.95274
              1       57.924176      0.74819055       1.3245175         12.911459           11.639835      0.79904877     -0.69144294       5.6245903        5.6245903       104.59917              104.59917
              3       57.711298      0.74819055       1.3239859         12.907969           11.642496      0.79663617     -0.69684585       5.6245903        5.6245903       104.17342              104.17342
              2       57.705231      0.74819055       1.3306822         12.922147            11.65422      0.79562794     -0.70043599       5.6245903        5.6245903       104.16128              104.16128
              1       57.704879      0.74819055       1.3307826         12.921939           11.653413       0.7936086     -0.70305929       5.6245903        5.6245903       104.16058              104.16058
              4       57.863758      0.74819055       1.3274978         12.923776           11.652835       0.7888769     -0.69951043       5.6245903        5.6245903       104.47834              104.47834
              2       57.858867      0.74819055       1.3199345         12.915658           11.644916      0.79214587     -0.69923788       5.6245903        5.6245903       104.46855              104.46855
              3       57.804485      0.74819055       1.3184959         12.914102           11.644869      0.79128121     -0.70080863       5.6245903        5.6245903       104.35979              104.35979
              1       58.061636      0.74657665       1.3184959         12.914102           11.644869      0.79128121     -0.70080863       5.6245903        5.6245903       104.87409              104.87409
              1       57.973458      0.74657665       1.3259136          12.92908           11.657772      0.78552323     -0.71965932       5.6245903        5.6245903       104.69774              104.69774
              2       57.950906      0.74672581       1.3259136          12.92908           11.657772      0.78552323     -0.71965932       5.6245903        5.6245903       104.65263              104.65263
              2       58.192662      0.74672581       1.3301701         12.932489           11.659334      0.78101539     -0.71882303       5.6245903        5.6245903       105.13614              105.13614
              1        58.37019      0.74672581       1.3259842         12.936335           11.660833      0.78039573     -0.71933559       5.6245903        5.6245903        105.4912               105.4912
              1       58.603597      0.74672581       1.3266496         12.937583           11.659734       0.7814777     -0.71992412       5.6245903        5.6245903       105.95801              105.95801
              3       57.338543      0.75584829       1.3266496         12.937583           11.659734       0.7814777     -0.71992412       5.6245903        5.6245903       103.42791              103.42791
              1       57.343387      0.75584829       1.3238177         12.935811           11.658975      0.78145118     -0.72147061       5.6245903        5.6245903       103.43759              103.43759
              2       57.378232      0.75584829       1.3290993          12.93809           11.657905      0.77408882     -0.73310432       5.6245903        5.6245903       103.50728              103.50728
              2       57.495715      0.75584829       1.3216731         12.937948           11.661491      0.77433493     -0.73634323       5.6245903        5.6245903       103.74225              103.74225
              1        57.33194      0.75584829       1.3184219         12.935019           11.657267      0.77455462     -0.73342036       5.6245903        5.6245903        103.4147               103.4147
              2       58.125358      0.75584829       1.3156738         12.940311           11.659015      0.75317335     -0.72704185       5.6245903        5.6245903       105.00154              105.00154
              1       58.205277      0.75584829       1.3150683         12.942482           11.658817      0.75411407     -0.72589639       5.6245903        5.6245903       105.16137              105.16137
              1        58.52908      0.75584829       1.3131304          12.94007           11.653031      0.75768598     -0.72460776       5.6245903        5.6245903       105.80898              105.80898
              1        58.36829      0.75584829        1.331151         12.927432           11.646772      0.74911937      -0.7255235       5.6245903        5.6245903        105.4874               105.4874
              1        61.28852      0.75584829       1.3397461          12.93918           11.641821      0.75339669     -0.72468861       5.6245903        5.6245903       111.32786              111.32786
              1       59.705223      0.75584829       1.3416214          12.93752           11.644944       0.7571528     -0.72136551       5.6245903        5.6245903       108.16127              108.16127
              1       57.405982      0.76559802       1.3416214          12.93752           11.644944       0.7571528     -0.72136551       5.6245903        5.6245903       103.56278              103.56278
              2       57.230258      0.76559802       1.3438807         12.934805           11.647356      0.76570607     -0.73593108       5.6245903        5.6245903       103.21134              103.21134
              2       57.131926      0.76559802       1.3417494         12.933426           11.645751      0.76623987     -0.73878558       5.6245903        5.6245903       103.01467              103.01467
              1       57.161248      0.76559802       1.3399332         12.934919           11.641091      0.76717119     -0.73535645       5.6245903        5.6245903       103.07331              103.07331
              1       56.986553      0.77093113       1.3399332         12.934919           11.641091      0.76717119     -0.73535645       5.6245903        5.6245903       102.72393              102.72393
              1       57.716767      0.77093113       1.3400054         12.946248            11.64046      0.76590165     -0.74076521       5.6245903        5.6245903       104.18435              104.18435
              2       57.067013      0.77093113        1.337928         12.945094           11.644163      0.76675682     -0.74442395       5.6245903        5.6245903       102.88485              102.88485
              1       57.112203      0.77040643        1.337928         12.945094           11.644163      0.76675682     -0.74442395       5.6245903        5.6245903       102.97523              102.97523
              2       57.042993      0.77040643       1.3190422         12.942682            11.64342      0.75938819      -0.7328683       5.6245903        5.6245903       102.83681              102.83681
              2       56.923288      0.77040643       1.3252307         12.941081           11.644395      0.77722351     -0.72040919       5.6245903        5.6245903        102.5974               102.5974
              3       57.345823      0.77040643       1.3061773         12.945035           11.644609      0.76956728     -0.70280168       5.6245903        5.6245903       103.44247              103.44247
              3       58.169443      0.77040643       1.3156329         12.969431           11.660679      0.79272069     -0.70852218       5.6245903        5.6245903       105.08971              105.08971
              2       58.029736      0.77040643       1.3141241         12.960811           11.653359      0.79257157     -0.71775412       5.6245903        5.6245903       104.81029              104.81029
              2       57.821754      0.77040643       1.3424567          12.94408           11.653591      0.79117074     -0.71574507       5.6245903        5.6245903       104.39433              104.39433
              4        58.24461      0.77842783        1.336565         12.944434           11.646437      0.78461267     -0.71341123       5.6245903        5.6245903       105.24004              105.24004
              1       58.547271      0.77842783       1.2763299         12.953451           11.662771      0.76439938     -0.72024356       5.6245903        5.6245903       105.84536              105.84536
              2       58.492889      0.77842783       1.2899684         12.959556           11.666559      0.75470927     -0.76613258       5.6245903        5.6245903        105.7366               105.7366
              1       58.960729      0.77842783       1.2719543         12.954721           11.651175      0.82691957     -0.74402882       5.6245903        5.6245903       106.67228              106.67228
              2       58.270587      0.77277376       1.2761071         12.954471           11.656218      0.83154217     -0.74567388       5.6245903        5.6245903       105.29199              105.29199
              4        58.63418      0.77277376        1.278364          12.97488           11.670466      0.83624665     -0.75070793       5.6245903        5.6245903       106.01918              106.01918
              1       57.983227      0.77277376       1.2684888         12.974038           11.674052      0.82436838     -0.73343953       5.6245903        5.6245903       104.71727              104.71727
              4       57.731022      0.77277376       1.2999343          12.92617           11.626809      0.80335369     -0.71032425       5.6245903        5.6245903       104.21286              104.21286
              1       57.479256      0.77277376       1.2647391         12.927346           11.627322      0.78784313     -0.72192852       5.6245903        5.6245903       103.70933              103.70933
              1       57.324504      0.77277376       1.2676946         12.929823           11.629824      0.79210319      -0.7316058       5.6245903        5.6245903       103.39983              103.39983
              1       57.254888      0.76452031       1.2737567         12.929459           11.637185      0.79885098     -0.73400715       5.6245903        5.6245903       103.26059              103.26059
              1       57.242496      0.76452031       1.2660436         12.875794           11.603816      0.80656206     -0.73238382       5.6245903        5.6245903       103.23581              103.23581
              2       57.552296      0.76452031       1.2595905         12.880084           11.609656      0.81029752     -0.72766256       5.6245903        5.6245903       103.85541              103.85541
              1       57.868897      0.77373907       1.2528194          12.88049           11.601434      0.80276053     -0.72498035       5.6245903        5.6245903       104.48861              104.48861
              3       58.630018      0.77373907       1.2597801         12.874034           11.599178      0.80455255     -0.72472295       5.6245903        5.6245903       106.01086              106.01086
              2       60.310356      0.77373907       1.2448264         12.910918            11.63862      0.78101311     -0.72601676       5.6245903        5.6245903       109.37153              109.37153
              2       58.704587      0.77373907       1.2501618         12.875094           11.603181      0.77683903     -0.69892701       5.6245903        5.6245903       106.15999              106.15999
              1       58.683436      0.77226678       1.2512432         12.875029           11.604494      0.77804274     -0.69935537       5.6245903        5.6245903       106.11769              106.11769
              2       58.012364      0.77226678        1.226536         12.873565           11.601544      0.77839993     -0.71478698       5.6245903        5.6245903       104.77555              104.77555
              2       57.510686      0.77226678       1.2244759         12.877658           11.602932      0.76820406     -0.71471799       5.6245903        5.6245903       103.77219              103.77219
              1       57.425414      0.77226678       1.2561379         12.890393           11.605431      0.80350034     -0.71527201       5.6245903        5.6245903       103.60165              103.60165
              5       57.244816      0.77226678       1.2763268         12.869219           11.586496      0.80589001     -0.76379701       5.6245903        5.6245903       103.24045              103.24045
              1       57.609251      0.77226678       1.2760377         12.827437           11.556026      0.79161801     -0.78458462       5.6245903        5.6245903       103.96932              103.96932
              2       57.725484      0.77668428        1.272793         12.827632           11.552086      0.78800638     -0.78329935       5.6245903        5.6245903       104.20179              104.20179
              1       58.156615      0.77668428       1.3476578         12.825174           11.537173      0.80472795     -0.80209999       5.6245903        5.6245903       105.06405              105.06405
              1       57.440819      0.77668428       1.3740785         12.802747           11.525235      0.76360418     -0.73762605       5.6245903        5.6245903       103.63246              103.63246
              2       57.337206      0.77668428       1.3296058         12.804637            11.52355      0.71919595     -0.74684369       5.6245903        5.6245903       103.42523              103.42523
              1       56.746435      0.81261843       1.3032123          12.80622           11.491501      0.68981721      -0.7363886       5.6245903        5.6245903       102.24369              102.24369
              2       56.741096      0.81261843       1.3016668         12.809823            11.49439       0.6910419     -0.73530326       5.6245903        5.6245903       102.23301              102.23301
              1       57.046759      0.81261843       1.3168619         12.811266           11.488659      0.69357182     -0.73203688       5.6245903        5.6245903       102.84434              102.84434
              2       57.968325      0.81261843       1.3054612         12.797175           11.473539      0.70721271     -0.71246601       5.6245903        5.6245903       104.68747              104.68747
              2        58.03243       0.7880843       1.3234814         12.796094            11.49542      0.72727112     -0.71960424       5.6245903        5.6245903       104.81568              104.81568
              2       57.974304       0.7880843       1.3241486         12.796743           11.496344      0.72794849     -0.71687113       5.6245903        5.6245903       104.69943              104.69943
              3       57.173456       0.7880843       1.3817442          12.76385           11.473407      0.71931621     -0.74492692       5.6245903        5.6245903       103.09773              103.09773
              1       57.251618       0.7880843       1.3783121         12.759786            11.47144      0.71218898     -0.73635326       5.6245903        5.6245903       103.25406              103.25406
              4       57.256256       0.7880843       1.3765618         12.759138           11.470679      0.71013567     -0.73785356       5.6245903        5.6245903       103.26333              103.26333
              1       57.115506      0.79954551       1.3681436         12.759643           11.460457      0.70076531      -0.7345189       5.6245903        5.6245903       102.98183              102.98183
              4         57.1369      0.79954551       1.3580729         12.750252           11.454077      0.69364707     -0.73253079       5.6245903        5.6245903       103.02462              103.02462
              1       57.140865      0.80248258       1.3559157         12.750381           11.451458       0.6912458     -0.73167625       5.6245903        5.6245903       103.03255              103.03255
              1       57.352103      0.80248258        1.355886         12.748434           11.451478      0.69867637      -0.7345878       5.6245903        5.6245903       103.45503              103.45503
              3       57.523893      0.80248258       1.3553984         12.748129           11.452617      0.69445329      -0.7354362       5.6245903        5.6245903       103.79861              103.79861
              1       57.113384      0.80248258       1.2996318         12.780677           11.484147      0.70806285     -0.76397434       5.6245903        5.6245903       102.97759              102.97759
              2       57.293858      0.80248258       1.3005595         12.779357           11.483702      0.70957704     -0.76468004       5.6245903        5.6245903       103.33853              103.33853
              2       57.411196      0.80248258       1.2756992         12.765179           11.473656      0.70423111     -0.74739358       5.6245903        5.6245903       103.57321              103.57321
              2       56.880424      0.80248258       1.2772366         12.756466           11.461963      0.70693995     -0.76486083       5.6245903        5.6245903       102.51167              102.51167
              1       57.161709      0.80248258       1.2421795         12.749701           11.451858      0.66131307     -0.77149033       5.6245903        5.6245903       103.07424              103.07424
              1       57.275688      0.80248258       1.2514382         12.752935           11.454545      0.65539953     -0.77841229       5.6245903        5.6245903        103.3022               103.3022
              2       56.368807      0.84570233       1.2196935         12.754839           11.415998      0.62006429     -0.76583746       5.6245903        5.6245903       101.48843              101.48843
              1       56.725801      0.84570233       1.1778708         12.811895           11.470399      0.59644751     -0.70889923       5.6245903        5.6245903       102.20242              102.20242
              2       58.317424      0.84570233       1.1445663         12.819759           11.481533      0.56150494     -0.72672831       5.6245903        5.6245903       105.38567              105.38567
              1       58.421776      0.84095443       1.1480536          12.81955           11.485767      0.56538669     -0.72810971       5.6245903        5.6245903       105.59437              105.59437
              1       58.424605      0.84095443       1.1482986          12.81976           11.486085      0.56566476     -0.72822028       5.6245903        5.6245903       105.60003              105.60003
              1        59.41894      0.84095443       1.1557629         12.790062           11.464808      0.56676445     -0.75121445       5.6245903        5.6245903        107.5887               107.5887
              1       60.496441      0.84095443       1.1198077         12.781301           11.463791      0.57635547     -0.72729654       5.6245903        5.6245903        109.7437               109.7437
              1        60.51374      0.83951727       1.1208633         12.781238           11.465073      0.57753045     -0.72771468       5.6245903        5.6245903        109.7783               109.7783
              3       58.490566      0.83951727       1.0918624         12.783852           11.463874      0.59872583     -0.68057305       5.6245903        5.6245903       105.73195              105.73195
              2       57.649808      0.83951727       1.0825078         12.807717           11.477011      0.58434596     -0.68860457       5.6245903        5.6245903       104.05044              104.05044
              2       58.239763      0.83951727       1.0602201         12.798328           11.472892      0.58269908     -0.68797789       5.6245903        5.6245903       105.23035              105.23035
              2       57.069865      0.83951727       1.0619953         12.803949           11.475179      0.60040224     -0.70676128       5.6245903        5.6245903       102.89055              102.89055
              2       56.706977      0.85049615       1.0539313         12.804432           11.465387      0.59142622     -0.70356696       5.6245903        5.6245903       102.16477              102.16477
              2       57.433331      0.85049615       1.0694746         12.804489           11.467247      0.57488443     -0.69699495       5.6245903        5.6245903       103.61748              103.61748
              2       57.637874      0.85049615       1.0637645         12.812665           11.476306      0.58207219     -0.68339242       5.6245903        5.6245903       104.02657              104.02657
              1       57.821286      0.84225873       1.0698149         12.812302           11.483653      0.58880687      -0.6857891       5.6245903        5.6245903       104.39339              104.39339
              1       58.804605      0.84225873       1.0629314         12.794026           11.470216      0.58419902     -0.66934547       5.6245903        5.6245903       106.36003              106.36003
              1       59.207883      0.84225873       1.0389121         12.787502           11.465987      0.57883841     -0.68664956       5.6245903        5.6245903       107.16659              107.16659
              1       58.749105      0.85599551       1.0288225         12.788107           11.453735       0.5676076     -0.68265282       5.6245903        5.6245903       106.24903              106.24903
              3       58.255877      0.85599551       1.0375613         12.784215           11.448939      0.57258733      -0.6873486       5.6245903        5.6245903       105.26257              105.26257
              1       57.752103      0.85599551       1.0408712         12.794749           11.456524      0.57068675     -0.69916282       5.6245903        5.6245903       104.25503              104.25503
              3       57.709272      0.86360013       1.0352857         12.795084           11.449742      0.56446943     -0.69695025       5.6245903        5.6245903       104.16936              104.16936
              3       56.844791      0.86360013       1.0596487          12.79787           11.446455      0.56776356     -0.69541857       5.6245903        5.6245903        102.4404               102.4404
              1       56.439594      0.86360013       1.0690095         12.814551           11.455891      0.57049295     -0.70544769       5.6245903        5.6245903       101.63001              101.63001
              2       56.216053      0.86360013       1.0929674         12.806775           11.449656      0.58417157     -0.71786943       5.6245903        5.6245903       101.18293              101.18293
              1       57.592301      0.88511128       1.0771675         12.807723           11.430471      0.56658466     -0.71161073       5.6245903        5.6245903       103.93542              103.93542
              1        57.81077      0.88511128       1.0791297         12.809926           11.433861      0.56506807     -0.71018224       5.6245903        5.6245903       104.37236              104.37236
              2        58.69756      0.88511128       1.0372639         12.809964           11.441289      0.52465443     -0.77872988       5.6245903        5.6245903       106.14594              106.14594
              2       58.253065       0.8596529        1.055963         12.808842           11.463995      0.54546848     -0.78613702       5.6245903        5.6245903       105.25695              105.25695
              1       57.636538       0.8596529       1.0449358         12.833238           11.487976      0.58633663     -0.83466175       5.6245903        5.6245903        104.0239               104.0239
              1       56.104774       0.8596529        1.026134         12.848548           11.495195      0.59093382     -0.82432119       5.6245903        5.6245903       100.96037              100.96037
              1       56.112401       0.8596529        1.026326         12.848951           11.495651      0.59111197     -0.82385942       5.6245903        5.6245903       100.97562              100.97562
              1       56.126839      0.86116188       1.0252177         12.849018           11.494305      0.58987827     -0.82342038       5.6245903        5.6245903        101.0045               101.0045
