#        weight    minuslogpost          sigma8        ygk_Ahmc ygk_LOWZ__0_lM1_0 ygk_LOWZ__0_lMmin_0   ygk_mass_bias       ygk_rhogy   minuslogprior minuslogprior__0            chi2 chi2__ygk_like_bak.ygkLike
              1       19.379168      0.83487691        1.491169         13.497798           12.161649      0.65295545     -0.22732916       5.6245903        5.6245903       27.509156                  27.509156
              2       19.472018      0.83487691       1.4898212          13.49448           12.161437      0.65019488     -0.22884934       5.6245903        5.6245903       27.694855                  27.694855
              2       20.062095      0.83487691       1.4893804         13.498775           12.155806      0.64475867     -0.22717513       5.6245903        5.6245903       28.875009                  28.875009
              2       20.194028      0.83354475       1.4893804         13.498775           12.155806      0.64475867     -0.22717513       5.6245903        5.6245903       29.138875                  29.138875
              1       20.291321      0.83258337       1.4893804         13.498775           12.155806      0.64475867     -0.22717513       5.6245903        5.6245903       29.333462                  29.333462
              1       20.261843      0.83258337        1.479975         13.494965            12.15363      0.64404762      -0.2244231       5.6245903        5.6245903       29.274505                  29.274505
              2       20.011537      0.83258337       1.4791967         13.497727           12.157654      0.64720879     -0.21925933       5.6245903        5.6245903       28.773893                  28.773893
              1       20.044282      0.83258337       1.4921185         13.476745           12.158541      0.64338317     -0.20443496       5.6245903        5.6245903       28.839383                  28.839383
              1        19.17258      0.83258337       1.4923402         13.471166           12.157215      0.65724336     -0.20886873       5.6245903        5.6245903        27.09598                   27.09598
              1       19.692479      0.83258337       1.4891612         13.470298           12.160028      0.65374565     -0.20072337       5.6245903        5.6245903       28.135778                  28.135778
              1        18.56445      0.83258337       1.4863916         13.468831            12.15445      0.65761108     -0.19837458       5.6245903        5.6245903        25.87972                   25.87972
              1       17.880407      0.84327171       1.4863916         13.468831            12.15445      0.65761108     -0.19837458       5.6245903        5.6245903       24.511633                  24.511633
              1       17.915785      0.84327171       1.4886657         13.467398           12.155179      0.65907336     -0.19726362       5.6245903        5.6245903       24.582389                  24.582389
              2       18.227115      0.84327171       1.4938878         13.460756           12.147037      0.64872912     -0.19756397       5.6245903        5.6245903       25.205049                  25.205049
              1       18.613572      0.84327171       1.4966257         13.457441           12.146097      0.64676937     -0.19903533       5.6245903        5.6245903       25.977963                  25.977963
              1       18.910442      0.84327171       1.4938029         13.456988           12.146201      0.64422213     -0.19994113       5.6245903        5.6245903       26.571704                  26.571704
              1       19.706342      0.84327171       1.4925279         13.454624           12.149229      0.64725234     -0.20295962       5.6245903        5.6245903       28.163504                  28.163504
              1       19.803367      0.84327171       1.4916755         13.452669           12.149101      0.64773871     -0.20070803       5.6245903        5.6245903       28.357554                  28.357554
              1       18.572389      0.84327171       1.4847738          13.45075           12.127266      0.65755268     -0.20834254       5.6245903        5.6245903       25.895597                  25.895597
              1       18.421131      0.84733898       1.4847738          13.45075           12.127266      0.65755268     -0.20834254       5.6245903        5.6245903       25.593082                  25.593082
              2       18.533177      0.84733898       1.4875725         13.450486           12.125758      0.65609055     -0.20906368       5.6245903        5.6245903       25.817174                  25.817174
              1       20.095665      0.84733898        1.478944          13.44575            12.11528      0.64903754     -0.20460235       5.6245903        5.6245903       28.942149                  28.942149
              1       18.679127      0.84733898        1.486945         13.439904           12.119467      0.65051736     -0.18316235       5.6245903        5.6245903       26.109074                  26.109074
              1       18.623398      0.84733898       1.4880456         13.430103           12.115209         0.66023     -0.18608422       5.6245903        5.6245903       25.997616                  25.997616
              3       18.668083      0.85225678       1.4880456         13.430103           12.115209         0.66023     -0.18608422       5.6245903        5.6245903       26.086986                  26.086986
              1       18.720691      0.85225678       1.4899108         13.429018           12.113341      0.66023966     -0.18981146       5.6245903        5.6245903       26.192201                  26.192201
              2       18.781033      0.85496522       1.4899108         13.429018           12.113341      0.66023966     -0.18981146       5.6245903        5.6245903       26.312886                  26.312886
              5       18.312494      0.85496522       1.4872357         13.426307           12.112205      0.65655942      -0.1898011       5.6245903        5.6245903       25.375807                  25.375807
              2       17.328919      0.85496522       1.4736088         13.421482           12.125989      0.65729101     -0.18915766       5.6245903        5.6245903       23.408657                  23.408657
              1       17.200856      0.85496522       1.4769776         13.421645           12.123052      0.65531176      -0.1906498       5.6245903        5.6245903       23.152532                  23.152532
              1       17.449348      0.85496522       1.4784618         13.429939           12.122349      0.66111031     -0.19270232       5.6245903        5.6245903       23.649515                  23.649515
              1       17.178806      0.85496522        1.479336         13.433317           12.127803      0.65609805      -0.1944474       5.6245903        5.6245903       23.108431                  23.108431
              1       17.616303      0.83901356        1.479336         13.433317           12.127803      0.65609805      -0.1944474       5.6245903        5.6245903       23.983425                  23.983425
              1        17.81389      0.83901356       1.4687594         13.430744           12.124968       0.6557356     -0.21254607       5.6245903        5.6245903       24.378599                  24.378599
              1       18.008851      0.83901356       1.4715037         13.428504           12.127383      0.65792627     -0.21425334       5.6245903        5.6245903       24.768521                  24.768521
              1       19.555139      0.83901356       1.4719841         13.426658           12.130869      0.65305562     -0.21897161       5.6245903        5.6245903       27.861097                  27.861097
              1         18.9362       0.8532104       1.4719841         13.426658           12.130869      0.65305562     -0.21897161       5.6245903        5.6245903       26.623219                  26.623219
              1       18.056714       0.8532104       1.4681195         13.430125           12.128727      0.65229421     -0.22151824       5.6245903        5.6245903       24.864246                  24.864246
              1       17.384469       0.8532104       1.4794581         13.435075           12.128896      0.66586526     -0.23618483       5.6245903        5.6245903       23.519758                  23.519758
              3       17.851628       0.8532104       1.4791449         13.444734           12.140277      0.66660448     -0.23235159       5.6245903        5.6245903       24.454076                  24.454076
              1       17.664833       0.8532104       1.4939185         13.452925           12.130122      0.66715285     -0.24278832       5.6245903        5.6245903       24.080486                  24.080486
              2       17.340179       0.8532104       1.4991798         13.440419           12.124721      0.66935085     -0.23978511       5.6245903        5.6245903       23.431178                  23.431178
              2       17.344842       0.8532104       1.4971778         13.439585           12.124231      0.67211079     -0.24265126       5.6245903        5.6245903       23.440503                  23.440503
              1       18.291772       0.8532104       1.5006228         13.443171           12.133917      0.66933669     -0.26352356       5.6245903        5.6245903       25.334363                  25.334363
              1       17.957553       0.8532104       1.5005101         13.443976           12.133095      0.67095071     -0.26399966       5.6245903        5.6245903       24.665926                  24.665926
              3       18.400421       0.8532104       1.4941066         13.443359           12.136812      0.67279663     -0.26368315       5.6245903        5.6245903       25.551662                  25.551662
              1       18.207512      0.86485688       1.4941066         13.443359           12.136812      0.67279663     -0.26368315       5.6245903        5.6245903       25.165843                  25.165843
              2       18.198523      0.86485688       1.5077983         13.440537           12.132605      0.66695262     -0.25691428       5.6245903        5.6245903       25.147866                  25.147866
              1       18.149109      0.86485688        1.499876         13.446804           12.132294      0.65236924     -0.25106066       5.6245903        5.6245903       25.049037                  25.049037
              1       18.196275      0.86280251        1.499876         13.446804           12.132294      0.65236924     -0.25106066       5.6245903        5.6245903       25.143369                  25.143369
              1       17.372492      0.86280251       1.4961659         13.444407           12.122077      0.65430484     -0.24923505       5.6245903        5.6245903       23.495803                  23.495803
              2       17.461992      0.86280251       1.4952119         13.446804            12.12434      0.65926372     -0.24061818       5.6245903        5.6245903       23.674803                  23.674803
              1       17.814287      0.86280251       1.4917396         13.444699           12.123855       0.6686703     -0.23864389       5.6245903        5.6245903       24.379393                  24.379393
              1       17.574831      0.86280251        1.490001         13.445538            12.12718      0.66706084     -0.23232309       5.6245903        5.6245903       23.900481                  23.900481
              1       19.570393      0.88736714        1.490001         13.445538            12.12718      0.66706084     -0.23232309       5.6245903        5.6245903       27.891605                  27.891605
              2       19.395132      0.88736714       1.4921861         13.447334           12.130544      0.66865282     -0.23332481       5.6245903        5.6245903       27.541084                  27.541084
              1       19.598936      0.88736714       1.4894699         13.448055           12.133779      0.67261706     -0.23315132       5.6245903        5.6245903       27.948691                  27.948691
              1       19.438518      0.88736714       1.4926817         13.452579           12.139204      0.66920247     -0.22478792       5.6245903        5.6245903       27.627856                  27.627856
              1       17.661112      0.87050251       1.4926817         13.452579           12.139204      0.66920247     -0.22478792       5.6245903        5.6245903       24.073043                  24.073043
              1       18.391801      0.87050251       1.4950783         13.439085           12.140671      0.67181734     -0.21829278       5.6245903        5.6245903       25.534421                  25.534421
              1       18.295637      0.87050251       1.4934036         13.438981           12.140076      0.67113881     -0.21748431       5.6245903        5.6245903       25.342093                  25.342093
              1       18.272262      0.87050251       1.4951865         13.441724           12.133831      0.67677412     -0.21330151       5.6245903        5.6245903       25.295343                  25.295343
              2       18.809582      0.87509091       1.4951865         13.441724           12.133831      0.67677412     -0.21330151       5.6245903        5.6245903       26.369983                  26.369983
              1       18.566491      0.87509091       1.4945427         13.438886           12.138633      0.68100692     -0.22571236       5.6245903        5.6245903       25.883802                  25.883802
              2       18.201105      0.87509091       1.4934089         13.446436           12.141128      0.67447136     -0.22864317       5.6245903        5.6245903       25.153029                  25.153029
              1       18.078687      0.87509091        1.487949         13.441677           12.137101      0.66926318     -0.23060613       5.6245903        5.6245903       24.908193                  24.908193
              1       18.892616      0.87509091       1.4913081         13.445254           12.125668      0.67302459     -0.23400538       5.6245903        5.6245903       26.536051                  26.536051
              1       17.957534      0.84845072       1.4913081         13.445254           12.125668      0.67302459     -0.23400538       5.6245903        5.6245903       24.665888                  24.665888
              1       17.936386      0.84845072       1.4925055         13.448376           12.128685      0.67647378     -0.23586827       5.6245903        5.6245903       24.623592                  24.623592
              2       17.543344      0.84845072       1.4881481          13.44386           12.128552      0.67912306     -0.24154896       5.6245903        5.6245903       23.837508                  23.837508
              2       17.259385      0.84845072       1.4933368         13.440182           12.129316      0.67949726     -0.24244828       5.6245903        5.6245903        23.26959                   23.26959
              1       17.774106      0.84845072       1.5041145         13.453108           12.129889      0.66607615     -0.24595996       5.6245903        5.6245903       24.299032                  24.299032
              1       17.761483      0.84845072       1.5044719         13.452732           12.129802      0.66545193     -0.24387728       5.6245903        5.6245903       24.273785                  24.273785
              2       18.492438      0.84845072       1.4980823         13.444985           12.131094      0.65388717      -0.2475932       5.6245903        5.6245903       25.735696                  25.735696
              1       18.420459      0.84845072       1.4820276         13.458021           12.128078      0.65224511     -0.24309961       5.6245903        5.6245903       25.591737                  25.591737
              2       18.265985      0.84845072       1.4817291         13.456957            12.12886      0.65514976     -0.24245147       5.6245903        5.6245903       25.282789                  25.282789
              1       18.013965      0.84845072       1.4955987         13.455538           12.131848      0.65769736      -0.2534172       5.6245903        5.6245903        24.77875                   24.77875
              3       18.137428      0.84845072       1.4946894         13.450252           12.130719      0.65622164     -0.25453387       5.6245903        5.6245903       25.025676                  25.025676
              1       18.325081      0.84550248       1.4946894         13.450252           12.130719      0.65622164     -0.25453387       5.6245903        5.6245903       25.400981                  25.400981
              1       17.994649      0.84550248       1.4910236         13.445713             12.1239      0.66054986      -0.2434363       5.6245903        5.6245903       24.740117                  24.740117
              1       17.903658      0.84550248       1.4908777         13.444829            12.12481      0.65963218     -0.24292873       5.6245903        5.6245903       24.558136                  24.558136
              1       17.885619      0.84550248       1.4929754         13.446938           12.126559      0.66031136     -0.24056355       5.6245903        5.6245903       24.522058                  24.522058
              1       17.980016      0.84550248       1.4828088          13.45255           12.130351      0.66086647     -0.23951313       5.6245903        5.6245903       24.710851                  24.710851
              1       17.662543      0.84550248       1.4826226         13.449613           12.133757      0.66637379      -0.2408305       5.6245903        5.6245903       24.075906                  24.075906
              4       17.631178      0.84550248       1.4806355         13.456414           12.138763      0.67555433     -0.23579105       5.6245903        5.6245903       24.013176                  24.013176
              1       17.594364      0.84550248       1.4740454         13.459699           12.143357      0.67340857     -0.24347647       5.6245903        5.6245903       23.939548                  23.939548
              1       17.735872      0.84550248       1.4723715         13.461808           12.141851      0.67117437     -0.24141663       5.6245903        5.6245903       24.222564                  24.222564
              1       17.878868      0.84550248       1.4677798         13.460451           12.139605      0.68163259     -0.25366706       5.6245903        5.6245903       24.508556                  24.508556
              1       17.798183       0.8621586       1.4677798         13.460451           12.139605      0.68163259     -0.25366706       5.6245903        5.6245903       24.347186                  24.347186
              1       17.767791       0.8621586       1.4670471         13.461735           12.140658      0.68137068     -0.25395123       5.6245903        5.6245903       24.286402                  24.286402
              1       17.369505       0.8621586        1.473826         13.459941           12.149264      0.68712669      -0.2529571       5.6245903        5.6245903        23.48983                   23.48983
              3       17.371061       0.8621586       1.4841234         13.465806           12.146144      0.68280797     -0.26058151       5.6245903        5.6245903       23.492942                  23.492942
              1       17.408946       0.8621586       1.4832029         13.465508           12.144914      0.68212504     -0.26024016       5.6245903        5.6245903       23.568711                  23.568711
              1       17.449438      0.86425546       1.4832029         13.465508           12.144914      0.68212504     -0.26024016       5.6245903        5.6245903       23.649695                  23.649695
              2       17.472376      0.86425546       1.4830858         13.465862           12.144785      0.68221166     -0.26053918       5.6245903        5.6245903       23.695571                  23.695571
              1       17.523338      0.86425546        1.462353         13.467577            12.15746      0.69005259     -0.25359219       5.6245903        5.6245903       23.797496                  23.797496
              1       17.458004      0.84663792        1.462353         13.467577            12.15746      0.69005259     -0.25359219       5.6245903        5.6245903       23.666827                  23.666827
              1       17.311743      0.84663792       1.4592666          13.46751           12.157908       0.6960407     -0.25517193       5.6245903        5.6245903       23.374306                  23.374306
              3       17.434496      0.84663792       1.4595564         13.459379           12.149524        0.699905       -0.243129       5.6245903        5.6245903       23.619812                  23.619812
              2       17.266794      0.84663792       1.4573017         13.463463            12.16236      0.70084612     -0.23168339       5.6245903        5.6245903       23.284408                  23.284408
              3       17.278425      0.84176134       1.4573017         13.463463            12.16236      0.70084612     -0.23168339       5.6245903        5.6245903        23.30767                   23.30767
              2       17.195516      0.84176134       1.4566048         13.461291           12.158254       0.7029826     -0.22963118       5.6245903        5.6245903        23.14185                   23.14185
              1       17.186433      0.84176134       1.4589213         13.460964           12.159516      0.70271479      -0.2299332       5.6245903        5.6245903       23.123686                  23.123686
              2       17.300846      0.84176134       1.4574406         13.472147           12.163504         0.69883     -0.23330929       5.6245903        5.6245903       23.352511                  23.352511
              1        17.38788      0.84176134        1.454552         13.471362           12.169802      0.70293882     -0.23193275       5.6245903        5.6245903        23.52658                   23.52658
              4       17.769418      0.84176134       1.4537162          13.47086           12.171957       0.6957703     -0.22243533       5.6245903        5.6245903       24.289655                  24.289655
              1       17.733292      0.84176134       1.4533464         13.463027           12.168758      0.69923541     -0.21903332       5.6245903        5.6245903       24.217403                  24.217403
              3        18.33134      0.84176134       1.4638118         13.462786           12.167646      0.68369166     -0.20366419       5.6245903        5.6245903       25.413499                  25.413499
              2       20.333323      0.84176134       1.4682742         13.467019           12.171658      0.67562519       -0.214567       5.6245903        5.6245903       29.417465                  29.417465
              1       19.479353      0.84176134        1.486688         13.489582           12.158922      0.68645875     -0.21097072       5.6245903        5.6245903       27.709525                  27.709525
              1       18.278699      0.84176134        1.483716         13.496575           12.171582      0.69086749     -0.20807544       5.6245903        5.6245903       25.308217                  25.308217
              2       17.545764      0.84176134       1.4936896          13.49307           12.176199      0.68332336      -0.1980738       5.6245903        5.6245903       23.842347                  23.842347
              1       17.853797      0.84176134       1.4870679         13.496499           12.172477       0.6716175     -0.19021365       5.6245903        5.6245903       24.458414                  24.458414
              1       18.080437      0.84176134       1.4937388         13.485316           12.181471      0.67641863     -0.16830643       5.6245903        5.6245903       24.911693                  24.911693
              2       17.476187      0.84176134       1.4997754         13.481544           12.169344      0.67655143     -0.16712052       5.6245903        5.6245903       23.703194                  23.703194
              1       17.438678      0.84176134       1.4978192         13.479483           12.168978      0.67691199     -0.16750572       5.6245903        5.6245903       23.628175                  23.628175
              2       17.433842      0.84176134       1.4981949          13.47902            12.16927      0.67625236     -0.16783158       5.6245903        5.6245903       23.618504                  23.618504
              1       17.495229      0.84176134       1.5007757         13.475507           12.162738      0.67580078        -0.17234       5.6245903        5.6245903       23.741277                  23.741277
              2       17.464951      0.84176134       1.5171435         13.474951           12.164379      0.67169904     -0.16450291       5.6245903        5.6245903       23.680722                  23.680722
              2       17.431738      0.84176134       1.5171722         13.473742            12.16338      0.67545651     -0.16247274       5.6245903        5.6245903       23.614295                  23.614295
              2       17.460308      0.84176134       1.5167522         13.473902           12.164806      0.68039174     -0.15991632       5.6245903        5.6245903       23.671435                  23.671435
              1       17.764425      0.84176134       1.5259415         13.468941           12.168644      0.67941035     -0.15834371       5.6245903        5.6245903        24.27967                   24.27967
              3       18.043889      0.83119121       1.5259415         13.468941           12.168644      0.67941035     -0.15834371       5.6245903        5.6245903       24.838598                  24.838598
              1       17.970646      0.83119121       1.5205939         13.459324           12.159822      0.67330604     -0.15783009       5.6245903        5.6245903       24.692111                  24.692111
              1       18.058269      0.83119121       1.5312845         13.468642           12.151967      0.66204805     -0.14078941       5.6245903        5.6245903       24.867358                  24.867358
              1       17.862589      0.83119121       1.5110651         13.474485           12.161806      0.65724966     -0.12993427       5.6245903        5.6245903       24.475997                  24.475997
              4       17.891872      0.83119121       1.5110024         13.474963           12.161819      0.65647044     -0.13066506       5.6245903        5.6245903       24.534564                  24.534564
              1       19.820563      0.83119121       1.5224464          13.48857           12.159336      0.66492877     -0.13261217       5.6245903        5.6245903       28.391945                  28.391945
              1       20.139181      0.84603274       1.5224464          13.48857           12.159336      0.66492877     -0.13261217       5.6245903        5.6245903       29.029181                  29.029181
              2       20.016372      0.84603274       1.5169319         13.497925           12.162973      0.65744082     -0.13681002       5.6245903        5.6245903       28.783563                  28.783563
              1       18.172369      0.84603274       1.5106512         13.498358            12.17723      0.66945783     -0.13668137       5.6245903        5.6245903       25.095557                  25.095557
              1       18.774842      0.84603274       1.5276248         13.501119            12.17644        0.677453     -0.14288715       5.6245903        5.6245903       26.300503                  26.300503
              1       19.936666      0.84603274       1.5346391         13.495527           12.196866      0.67312462      -0.1343672       5.6245903        5.6245903       28.624152                  28.624152
              3       19.350433      0.84603274       1.5335308         13.497939           12.197831      0.67602342     -0.13271393       5.6245903        5.6245903       27.451685                  27.451685
              1       19.389182       0.8430445       1.5335308         13.497939           12.197831      0.67602342     -0.13271393       5.6245903        5.6245903       27.529183                  27.529183
              1       17.972875       0.8430445       1.5266849         13.509395            12.20089      0.68594099     -0.12038044       5.6245903        5.6245903       24.696569                  24.696569
              2       18.522319       0.8430445       1.5273974         13.520352            12.19672       0.6836342     -0.12727376       5.6245903        5.6245903       25.795457                  25.795457
              1       18.089098       0.8430445       1.5269531         13.522963           12.208796      0.67838311     -0.12871809       5.6245903        5.6245903       24.929016                  24.929016
              1        18.48688       0.8430445         1.52833         13.521448           12.213769      0.69161919     -0.13842289       5.6245903        5.6245903       25.724579                  25.724579
              1       18.508924       0.8430445       1.5046174         13.517378           12.211893      0.68920835     -0.14540099       5.6245903        5.6245903       25.768667                  25.768667
              1       18.671606      0.83425442       1.5046174         13.517378           12.211893      0.68920835     -0.14540099       5.6245903        5.6245903       26.094032                  26.094032
              1       17.977593      0.83425442       1.5075054         13.517191           12.208855       0.6884496     -0.13248425       5.6245903        5.6245903       24.706005                  24.706005
              2       18.323808      0.83425442        1.504209         13.517779           12.210673      0.68437087     -0.13155068       5.6245903        5.6245903       25.398436                  25.398436
              2       17.776088      0.83425442       1.4971707         13.524983           12.210718      0.69160187     -0.12943741       5.6245903        5.6245903       24.302995                  24.302995
              1       17.941578      0.83425442       1.4841906         13.524775            12.20848      0.69242331      -0.1302117       5.6245903        5.6245903       24.633976                  24.633976
              1       18.073777      0.83425442         1.48398         13.510985           12.215036      0.71002875     -0.12325075       5.6245903        5.6245903       24.898373                  24.898373
              2       18.533022      0.80996143         1.48398         13.510985           12.215036      0.71002875     -0.12325075       5.6245903        5.6245903       25.816864                  25.816864
              1       18.152515      0.80996143       1.4856987         13.505029           12.207577      0.71028706     -0.12862611       5.6245903        5.6245903        25.05585                   25.05585
              1       17.885105      0.80996143         1.48578         13.501871            12.20164      0.70546645     -0.11709436       5.6245903        5.6245903       24.521029                  24.521029
              2       17.948198      0.80996143        1.490267         13.498441           12.200617       0.7059368     -0.12008535       5.6245903        5.6245903       24.647215                  24.647215
              2       17.543987      0.82244716        1.490267         13.498441           12.200617       0.7059368     -0.12008535       5.6245903        5.6245903       23.838793                  23.838793
              2       17.727484      0.82244716       1.4916101         13.501704           12.195673      0.70060868     -0.12096001       5.6245903        5.6245903       24.205788                  24.205788
              1       17.523114      0.82244716       1.4775045         13.492941           12.200508      0.71245966     -0.12749146       5.6245903        5.6245903       23.797048                  23.797048
              2       17.686717      0.82244716       1.4755114         13.489845           12.197753      0.70579862     -0.13315873       5.6245903        5.6245903       24.124254                  24.124254
              1       17.616172      0.82244716       1.4777177          13.48697           12.195688      0.70721491     -0.13302435       5.6245903        5.6245903       23.983163                  23.983163
              2       17.583137      0.82569058       1.4777177          13.48697           12.195688      0.70721491     -0.13302435       5.6245903        5.6245903       23.917094                  23.917094
              1       17.602047      0.82334412       1.4777177          13.48697           12.195688      0.70721491     -0.13302435       5.6245903        5.6245903       23.954914                  23.954914
              3       17.448409      0.82334412       1.4753087         13.490743           12.195213      0.70798107     -0.13279453       5.6245903        5.6245903       23.647638                  23.647638
              1       17.532064      0.82334412       1.4780932         13.492715           12.191995       0.7051284     -0.13312429       5.6245903        5.6245903       23.814947                  23.814947
              2       17.515477      0.82334412       1.4745373         13.490888           12.192375      0.69794564     -0.11565963       5.6245903        5.6245903       23.781774                  23.781774
              1       17.833285      0.82334412       1.4779773         13.483604           12.183214      0.70031175     -0.11640334       5.6245903        5.6245903        24.41739                   24.41739
              1       17.773199      0.82334412       1.4756394         13.475519           12.185231      0.68705533     -0.11506185       5.6245903        5.6245903       24.297218                  24.297218
              1       17.717196      0.82334412       1.4693176         13.473044           12.185418       0.6898793     -0.11337213       5.6245903        5.6245903       24.185212                  24.185212
              3       17.849207      0.81955156       1.4693176         13.473044           12.185418       0.6898793     -0.11337213       5.6245903        5.6245903       24.449234                  24.449234
              1        17.68313      0.81955156       1.4701814         13.488389           12.187057      0.69223052     -0.11357996       5.6245903        5.6245903       24.117079                  24.117079
              2       17.754694       0.8299765       1.4701814         13.488389           12.187057      0.69223052     -0.11357996       5.6245903        5.6245903       24.260207                  24.260207
              1       17.843554       0.8299765       1.4747899         13.487835           12.186291      0.69461545      -0.1144282       5.6245903        5.6245903       24.437927                  24.437927
              1       18.582262       0.8299765       1.4734244         13.487542            12.18458      0.69874556     -0.10849909       5.6245903        5.6245903       25.915343                  25.915343
              1       18.853316       0.8299765       1.4754687         13.497307           12.188968      0.69991074     -0.11486379       5.6245903        5.6245903       26.457451                  26.457451
              2       18.288041       0.8299765       1.4733055         13.495051           12.192025      0.70367115     -0.11622232       5.6245903        5.6245903         25.3269                    25.3269
              1       18.308549       0.8299765       1.4738011         13.495416           12.192608      0.70413657      -0.1150166       5.6245903        5.6245903       25.367918                  25.367918
              1       18.256463       0.8299765       1.4765943         13.494294           12.192158      0.70508998     -0.11597588       5.6245903        5.6245903       25.263745                  25.263745
              1       18.011288      0.82570911       1.4765943         13.494294           12.192158      0.70508998     -0.11597588       5.6245903        5.6245903       24.773395                  24.773395
              1       18.264024      0.82570911       1.4774284         13.491804           12.187474      0.70281485     -0.11732061       5.6245903        5.6245903       25.278868                  25.278868
              3        17.64139      0.82570911       1.4854656         13.487473           12.194296      0.69693647     -0.11813054       5.6245903        5.6245903         24.0336                    24.0336
              1       17.661319      0.83148075       1.4854656         13.487473           12.194296      0.69693647     -0.11813054       5.6245903        5.6245903       24.073458                  24.073458
              1       17.941761      0.83148075       1.4914085         13.481041           12.195034      0.71248606      -0.1314087       5.6245903        5.6245903       24.634341                  24.634341
              1       17.885485      0.82096466       1.4914085         13.481041           12.195034      0.71248606      -0.1314087       5.6245903        5.6245903       24.521789                  24.521789
              1       17.704296      0.82096466       1.4947345         13.493934           12.190357      0.71195069     -0.13748358       5.6245903        5.6245903       24.159412                  24.159412
              2       18.567371      0.82096466       1.4785144         13.495737           12.183241      0.69842203     -0.13586664       5.6245903        5.6245903       25.885561                  25.885561
              1       18.042862      0.82096466        1.486179         13.492069           12.188328      0.68530932     -0.14221451       5.6245903        5.6245903       24.836544                  24.836544
              1       18.349853      0.82096466       1.4867948         13.497797           12.194812      0.68284594      -0.1344956       5.6245903        5.6245903       25.450526                  25.450526
              1       18.326263      0.82096466        1.486857         13.498893           12.196085      0.68503595     -0.13615793       5.6245903        5.6245903       25.403346                  25.403346
              1       18.332342      0.82096466       1.4776569         13.498225           12.186239       0.6952051     -0.13108193       5.6245903        5.6245903       25.415504                  25.415504
              1       18.347355      0.81959994       1.4776569         13.498225           12.186239       0.6952051     -0.13108193       5.6245903        5.6245903        25.44553                   25.44553
              1       18.592871      0.81959994       1.4756773         13.505135           12.190708      0.69462986      -0.1239395       5.6245903        5.6245903       25.936561                  25.936561
              1       17.598923      0.81959994       1.4866019         13.495896           12.195414      0.70360081     -0.11419702       5.6245903        5.6245903       23.948664                  23.948664
              1       17.871531      0.81959994       1.4889127         13.497841           12.193361      0.70380116     -0.11413686       5.6245903        5.6245903       24.493882                  24.493882
              2       17.804634      0.81959994       1.4903952         13.488139           12.187299      0.70564552     -0.11449618       5.6245903        5.6245903       24.360088                  24.360088
              2        17.64205      0.81959994       1.4911533         13.487162           12.188279      0.70386737     -0.11066226       5.6245903        5.6245903       24.034919                  24.034919
              1       19.189418      0.81959994       1.4979667         13.492113           12.181558      0.70253984     -0.10964695       5.6245903        5.6245903       27.129655                  27.129655
              5       18.140971      0.81959994       1.4951072         13.489844           12.179399      0.68426402     -0.11758371       5.6245903        5.6245903       25.032762                  25.032762
              2       17.370066      0.81959994       1.4936412          13.45595           12.164743      0.69115313     -0.12001435       5.6245903        5.6245903       23.490951                  23.490951
              5       17.454435      0.81959994       1.4933388         13.456176           12.161982      0.69011913     -0.12299513       5.6245903        5.6245903       23.659689                  23.659689
              2       17.440617      0.81959994       1.4923195         13.462212            12.16791      0.70186059     -0.13199709       5.6245903        5.6245903       23.632054                  23.632054
              1       17.406899      0.81959994       1.4827513         13.469085           12.175637      0.69662478     -0.12385784       5.6245903        5.6245903       23.564617                  23.564617
              2       17.651931      0.81959994       1.4778719         13.459198           12.172387      0.71148374     -0.10860062       5.6245903        5.6245903       24.054681                  24.054681
              1       20.236613      0.84189315       1.4778719         13.459198           12.172387      0.71148374     -0.10860062       5.6245903        5.6245903       29.224046                  29.224046
              1       20.121886      0.84189315       1.4923321         13.461715           12.191567      0.71994066     -0.10649519       5.6245903        5.6245903       28.994591                  28.994591
              2        20.31642      0.84189315       1.4742677         13.457936           12.188683      0.69515509     -0.10839931       5.6245903        5.6245903       29.383659                  29.383659
              1       19.003893      0.84189315        1.468221         13.455739           12.182744      0.70101679     -0.11397888       5.6245903        5.6245903       26.758605                  26.758605
              1       20.121229      0.84189315       1.4665936         13.454327           12.187084      0.70200983     -0.11523606       5.6245903        5.6245903       28.993278                  28.993278
              1       19.715074      0.84189315       1.4656316         13.456977           12.187482      0.70227193      -0.1153857       5.6245903        5.6245903       28.180967                  28.180967
              3        19.40985      0.83648196       1.4656316         13.456977           12.187482      0.70227193      -0.1153857       5.6245903        5.6245903        27.57052                   27.57052
              1       19.112158      0.83648196       1.4633867         13.457622           12.180389      0.72227861     -0.11427655       5.6245903        5.6245903       26.975136                  26.975136
              1       18.965844      0.83648196       1.4609749         13.454748            12.18157      0.72251609     -0.11421837       5.6245903        5.6245903       26.682508                  26.682508
              1       18.896968      0.83648196       1.4607165          13.45561           12.183146      0.72317395     -0.11702506       5.6245903        5.6245903       26.544756                  26.544756
              2       18.890435      0.83648196       1.4579497         13.455458           12.177702      0.72112285     -0.12035596       5.6245903        5.6245903        26.53169                   26.53169
              2       18.907656      0.83648196       1.4582704         13.455625           12.177564      0.72106209     -0.12030486       5.6245903        5.6245903       26.566132                  26.566132
              1        18.45532      0.83648196       1.4578522         13.457249           12.180252      0.71682004     -0.12076404       5.6245903        5.6245903        25.66146                   25.66146
              3       18.730278      0.83855662       1.4578522         13.457249           12.180252      0.71682004     -0.12076404       5.6245903        5.6245903       26.211375                  26.211375
              2        18.99532      0.83855662       1.4502514         13.468619           12.183059      0.70452804    -0.099005614       5.6245903        5.6245903        26.74146                   26.74146
              1       17.605664      0.83855662       1.4637449         13.474763            12.18069      0.68148913      -0.1102122       5.6245903        5.6245903       23.962147                  23.962147
              1       17.596675      0.83855662       1.4649271         13.471607           12.179278      0.68062959     -0.10845334       5.6245903        5.6245903        23.94417                   23.94417
              1       17.504735      0.83855662       1.4557352         13.468492           12.176602      0.67644342     -0.11205662       5.6245903        5.6245903       23.760289                  23.760289
              2       17.500075      0.83855662       1.4477613         13.471348           12.178654      0.67602446     -0.11160414       5.6245903        5.6245903       23.750969                  23.750969
              1       17.590913      0.83855662       1.4508673         13.476695           12.183577      0.67526606     -0.11362877       5.6245903        5.6245903       23.932645                  23.932645
              1       17.503195      0.83855662        1.449988         13.477972            12.18048        0.678352     -0.12029073       5.6245903        5.6245903       23.757209                  23.757209
              1       17.616632      0.83855662       1.4501853         13.478069            12.18177      0.68348884     -0.11851872       5.6245903        5.6245903       23.984084                  23.984084
              1       17.419975      0.82879529       1.4501853         13.478069            12.18177      0.68348884     -0.11851872       5.6245903        5.6245903       23.590769                  23.590769
              2        17.42684      0.82879529       1.4506321         13.479214           12.182698      0.68290676     -0.11827097       5.6245903        5.6245903         23.6045                    23.6045
              1       17.760953      0.82879529       1.4501151         13.483123           12.180875      0.68623328     -0.12077034       5.6245903        5.6245903       24.272726                  24.272726
              1       18.012901      0.82879529       1.4545896         13.477375           12.196103      0.70339889      -0.1189401       5.6245903        5.6245903       24.776621                  24.776621
              2       18.187464      0.83524097       1.4545896         13.477375           12.196103      0.70339889      -0.1189401       5.6245903        5.6245903       25.125747                  25.125747
              1       17.933241      0.83524097       1.4701722         13.477607            12.18917      0.68708422     -0.11768357       5.6245903        5.6245903       24.617301                  24.617301
              3       17.907753      0.83524097        1.481982         13.477906           12.190476      0.69864495     -0.10689002       5.6245903        5.6245903       24.566326                  24.566326
              2       18.002775      0.83524097       1.4911644         13.472623           12.188051      0.70694593     -0.12538832       5.6245903        5.6245903       24.756369                  24.756369
              1       19.053262      0.83524097       1.4902381         13.471956            12.19267      0.70165099     -0.12634423       5.6245903        5.6245903       26.857344                  26.857344
              1       19.175736      0.83965061       1.4902381         13.471956            12.19267      0.70165099     -0.12634423       5.6245903        5.6245903       27.102291                  27.102291
              1       18.132293      0.83965061       1.4902735         13.467893           12.182558      0.69228314     -0.12051487       5.6245903        5.6245903       25.015406                  25.015406
              1       17.636171      0.83965061       1.4877195         13.472027           12.178333      0.68998927     -0.12863259       5.6245903        5.6245903       24.023162                  24.023162
              1       17.783013      0.83965061       1.5074328          13.47129           12.177944      0.68730794     -0.13425032       5.6245903        5.6245903       24.316846                  24.316846
              1        17.80533      0.83965061        1.509685          13.48619           12.178781      0.68446016     -0.12700126       5.6245903        5.6245903        24.36148                   24.36148
              3       17.556673      0.83965061       1.5092467         13.487555            12.18256      0.68234608     -0.13805889       5.6245903        5.6245903       23.864165                  23.864165
              6       17.587413      0.83204545       1.5092467         13.487555            12.18256      0.68234608     -0.13805889       5.6245903        5.6245903       23.925645                  23.925645
              1       18.056599      0.83204545       1.5164133         13.486132           12.185253       0.6808191     -0.13730828       5.6245903        5.6245903       24.864017                  24.864017
              1        18.05665      0.83204545       1.5163719         13.486521           12.185483      0.68073317     -0.13717649       5.6245903        5.6245903       24.864119                  24.864119
              1       18.037164      0.83204545       1.5165758         13.486943           12.185257      0.68040868     -0.13817315       5.6245903        5.6245903       24.825147                  24.825147
              1       17.781036      0.83204545        1.523421          13.48271           12.178849      0.67813632     -0.13783341       5.6245903        5.6245903       24.312891                  24.312891
              1       17.496042      0.83204545       1.5254916         13.482928           12.178081      0.68615325     -0.13771234       5.6245903        5.6245903       23.742902                  23.742902
              1       18.523762      0.83204545       1.5240867         13.473503            12.18288      0.68711349     -0.12990159       5.6245903        5.6245903       25.798344                  25.798344
              2        18.46287      0.83559158       1.5240867         13.473503            12.18288      0.68711349     -0.12990159       5.6245903        5.6245903       25.676559                  25.676559
              1       19.199909      0.83559158       1.5304397         13.477276           12.187791      0.68579804     -0.12706085       5.6245903        5.6245903       27.150638                  27.150638
              1       18.163818      0.83559158       1.5337708         13.479522             12.1856      0.68882222     -0.12470353       5.6245903        5.6245903       25.078456                  25.078456
              1       17.851511      0.83559158       1.5278868         13.496168           12.192942      0.68171654     -0.11630977       5.6245903        5.6245903       24.453842                  24.453842
              1       17.652636      0.83559158       1.5234634         13.493893           12.189392      0.68199978     -0.11155406       5.6245903        5.6245903       24.056091                  24.056091
              1       18.461157      0.83559158       1.5245577         13.490361           12.196319      0.68507295     -0.10723907       5.6245903        5.6245903       25.673133                  25.673133
              1       17.933139      0.83559158       1.5117472         13.496489           12.198733      0.70280197     -0.11547617       5.6245903        5.6245903       24.617098                  24.617098
              2       18.332925      0.84066162       1.5117472         13.496489           12.198733      0.70280197     -0.11547617       5.6245903        5.6245903        25.41667                   25.41667
              1        18.34086      0.84066162       1.5127131         13.489053           12.194667      0.70335206     -0.11572547       5.6245903        5.6245903       25.432539                  25.432539
              1       18.649412      0.84066162       1.5171063         13.490801           12.192176      0.70339816     -0.11011308       5.6245903        5.6245903       26.049643                  26.049643
              1       18.454495      0.84066162       1.5289038         13.495294            12.18668      0.69689163      -0.1231326       5.6245903        5.6245903        25.65981                   25.65981
              1       17.685079      0.84066162       1.5234449         13.493712           12.185473      0.67814766     -0.11874844       5.6245903        5.6245903       24.120978                  24.120978
              1       18.301286        0.851034       1.5234449         13.493712           12.185473      0.67814766     -0.11874844       5.6245903        5.6245903       25.353392                  25.353392
              1       18.012037        0.851034       1.5220934          13.49586           12.182686      0.67251539     -0.12823402       5.6245903        5.6245903       24.774894                  24.774894
              1       18.015615       0.8510889       1.5220934          13.49586           12.182686      0.67251539     -0.12823402       5.6245903        5.6245903        24.78205                   24.78205
              2       18.039358       0.8510889       1.5216879         13.496027            12.18288      0.67325313     -0.12863326       5.6245903        5.6245903       24.829536                  24.829536
              1       18.025944       0.8510889       1.5252202         13.502622           12.187241      0.67260291     -0.12853802       5.6245903        5.6245903       24.802707                  24.802707
              1       18.067963       0.8510889       1.5253878         13.502845           12.186795      0.67278758     -0.12849013       5.6245903        5.6245903       24.886745                  24.886745
              1       17.881054       0.8510889       1.5227535         13.500756           12.188189      0.66843584     -0.13323819       5.6245903        5.6245903       24.512928                  24.512928
              1       18.234489       0.8510889       1.5214517         13.498546           12.180488      0.67614051     -0.14086739       5.6245903        5.6245903       25.219797                  25.219797
              1       18.616489       0.8510889       1.5110954         13.499014           12.181406      0.67879042     -0.13748651       5.6245903        5.6245903       25.983797                  25.983797
              1       17.911031      0.83567918       1.5110954         13.499014           12.181406      0.67879042     -0.13748651       5.6245903        5.6245903       24.572881                  24.572881
              1       17.651529      0.83567918       1.5115528         13.497341           12.183837      0.68047407     -0.13783342       5.6245903        5.6245903       24.053877                  24.053877
              1       17.740211      0.83567918       1.5114586         13.501908           12.185922      0.68154671     -0.14016115       5.6245903        5.6245903       24.231241                  24.231241
              1       17.665759      0.83567918        1.511848          13.50134           12.186276      0.67958678     -0.14046432       5.6245903        5.6245903       24.082338                  24.082338
              1       17.630477      0.83567918       1.5096447         13.500388           12.186448      0.67972264     -0.14218661       5.6245903        5.6245903       24.011774                  24.011774
              1       18.013861      0.83567918       1.5074219         13.507543           12.198139      0.67931922     -0.14216323       5.6245903        5.6245903        24.77854                   24.77854
              1       18.089395      0.83567918        1.502258         13.505112           12.198579      0.67785926     -0.13428472       5.6245903        5.6245903        24.92961                   24.92961
              3       19.607582      0.81320371        1.502258         13.505112           12.198579      0.67785926     -0.13428472       5.6245903        5.6245903       27.965984                  27.965984
              1       20.230034      0.81320371        1.535737         13.524297           12.210946      0.68756323     -0.15015748       5.6245903        5.6245903       29.210888                  29.210888
              1       18.844874      0.81320371       1.5316196         13.530733           12.205401      0.69349793     -0.15175513       5.6245903        5.6245903       26.440567                  26.440567
              1        18.83333      0.81320371       1.5317655         13.530619            12.20532      0.69371207     -0.15151663       5.6245903        5.6245903       26.417479                  26.417479
              2       18.162984      0.82421874       1.5317655         13.530619            12.20532      0.69371207     -0.15151663       5.6245903        5.6245903       25.076787                  25.076787
              1       18.202008      0.82421874        1.531143         13.532685           12.206245      0.69577603     -0.15226115       5.6245903        5.6245903       25.154835                  25.154835
              2        18.16569      0.82421874       1.5293845         13.529323            12.20897      0.69548991     -0.15752868       5.6245903        5.6245903         25.0822                    25.0822
              1       19.758991      0.82421874       1.5280982         13.527128           12.219355      0.69525054     -0.15031337       5.6245903        5.6245903       28.268802                  28.268802
              1         19.2979      0.83085684       1.5280982         13.527128           12.219355      0.69525054     -0.15031337       5.6245903        5.6245903        27.34662                   27.34662
              1       19.447963      0.83085684       1.5202156         13.534953           12.220562      0.68409015     -0.15144495       5.6245903        5.6245903       27.646746                  27.646746
