#        weight    minuslogpost          sigma8        ygk_Ahmc ygk_LOWZ__0_lM1_0 ygk_LOWZ__0_lMmin_0   ygk_mass_bias       ygk_rhogy   minuslogprior minuslogprior__0            chi2 chi2__ygk_like_bak.ygkLike
              1       17.638151      0.86212362        1.513213         13.437197           12.135582      0.71701295     -0.29077805       5.6245903        5.6245903       24.027121                  24.027121
              1       17.400013      0.85625846        1.513213         13.437197           12.135582      0.71701295     -0.29077805       5.6245903        5.6245903       23.550845                  23.550845
              1       17.592463      0.85625846       1.5101472         13.430373           12.133371      0.71709992     -0.28966851       5.6245903        5.6245903       23.935745                  23.935745
              1       18.995153      0.85625846       1.4963483         13.425077           12.135912      0.70189067     -0.27398695       5.6245903        5.6245903       26.741125                  26.741125
              2       17.536433      0.85625846       1.5002196         13.420998           12.122737      0.69431895      -0.2771663       5.6245903        5.6245903       23.823686                  23.823686
              2       17.090836      0.85625846       1.4959103         13.424254           12.118582      0.69724728     -0.27634526       5.6245903        5.6245903       22.932491                  22.932491
              1       17.122413      0.85625846       1.4972619         13.420973           12.117432      0.70033665     -0.27308107       5.6245903        5.6245903       22.995645                  22.995645
              1       17.276642      0.85625846       1.4965991         13.422177           12.118658      0.70361736     -0.26892272       5.6245903        5.6245903       23.304104                  23.304104
              2        17.15966      0.85625846        1.497101         13.411951           12.116955      0.70031472     -0.26277393       5.6245903        5.6245903       23.070139                  23.070139
              1       17.180017      0.85625846       1.4953288         13.411647           12.117366       0.7002634     -0.26304904       5.6245903        5.6245903       23.110853                  23.110853
              1       17.175097      0.85625846       1.4952007         13.409144           12.114031      0.70536443     -0.26538553       5.6245903        5.6245903       23.101013                  23.101013
              2       16.949505      0.84736671       1.4952007         13.409144           12.114031      0.70536443     -0.26538553       5.6245903        5.6245903        22.64983                   22.64983
              1       16.947245      0.84736671       1.4966741         13.400359           12.110665      0.70886013     -0.26331069       5.6245903        5.6245903       22.645308                  22.645308
              3        16.96627      0.84736671       1.4896026         13.399297           12.104932      0.70047792     -0.25796291       5.6245903        5.6245903       22.683359                  22.683359
              1       17.013346      0.84736671       1.4970771         13.397034           12.104996      0.69300919     -0.26016706       5.6245903        5.6245903       22.777511                  22.777511
              2       16.992553      0.84736671        1.495414         13.393851           12.099596      0.68842225     -0.26381563       5.6245903        5.6245903       22.735925                  22.735925
              1        19.07522      0.84736671       1.4929098         13.389302           12.107576       0.6889791     -0.27121455       5.6245903        5.6245903        26.90126                   26.90126
              2       17.598198      0.84736671       1.5002016         13.387617           12.102125      0.69912749     -0.27776069       5.6245903        5.6245903       23.947215                  23.947215
              2       18.037514      0.83243271       1.5002016         13.387617           12.102125      0.69912749     -0.27776069       5.6245903        5.6245903       24.825847                  24.825847
              1       17.644444      0.83243271       1.4998531         13.388746            12.10046      0.69926791     -0.27649904       5.6245903        5.6245903       24.039707                  24.039707
              1       17.807263      0.82940814       1.4998531         13.388746            12.10046      0.69926791     -0.27649904       5.6245903        5.6245903       24.365346                  24.365346
              1       17.339086      0.82940814       1.4976424         13.379913           12.092956        0.706338     -0.27989272       5.6245903        5.6245903       23.428991                  23.428991
              1       17.354654      0.82940814       1.4960979         13.379189           12.093933       0.7066932     -0.27842134       5.6245903        5.6245903       23.460127                  23.460127
              2       17.319622      0.82940814       1.5003072         13.378049           12.094644      0.70872928     -0.27552749       5.6245903        5.6245903       23.390064                  23.390064
              1       17.242434      0.82940814       1.5003279         13.378493              12.089      0.70776971     -0.27715728       5.6245903        5.6245903       23.235687                  23.235687
              1       16.989913      0.85358949       1.5003279         13.378493              12.089      0.70776971     -0.27715728       5.6245903        5.6245903       22.730646                  22.730646
              1       16.889689      0.85358949       1.4960472         13.380646           12.090451      0.69848757     -0.27618318       5.6245903        5.6245903       22.530198                  22.530198
              1        17.00621      0.85358949        1.511063         13.378866            12.08562      0.69248975      -0.2562195       5.6245903        5.6245903       22.763239                  22.763239
              1       17.154521      0.85358949       1.5257585         13.394102           12.090255      0.68896059     -0.26585312       5.6245903        5.6245903       23.059861                  23.059861
              2        17.19412       0.8470262       1.5257585         13.394102           12.090255      0.68896059     -0.26585312       5.6245903        5.6245903       23.139059                  23.139059
              1       17.322488       0.8470262       1.5222829         13.394122            12.08733      0.68211005     -0.26926806       5.6245903        5.6245903       23.395795                  23.395795
              1       17.831928       0.8470262       1.5214503         13.395778           12.085055       0.6805375     -0.26330771       5.6245903        5.6245903       24.414675                  24.414675
              1       17.093166       0.8470262       1.5274841         13.373193           12.080125      0.67732785     -0.25891868       5.6245903        5.6245903       22.937151                  22.937151
              1       17.123232       0.8470262       1.5284226         13.373476           12.080314      0.67678171     -0.25893832       5.6245903        5.6245903       22.997284                  22.997284
              1       17.752888      0.83294553       1.5284226         13.373476           12.080314      0.67678171     -0.25893832       5.6245903        5.6245903       24.256595                  24.256595
              1       17.958511      0.83294553       1.5303278         13.370646           12.079135      0.67514417      -0.2608181       5.6245903        5.6245903       24.667841                  24.667841
              3       17.941978      0.83294553       1.5301731         13.374157           12.079062      0.67521285     -0.26627372       5.6245903        5.6245903       24.634775                  24.634775
              2       17.620718      0.83294553       1.5275371         13.370677           12.076909       0.6820618     -0.26832272       5.6245903        5.6245903       23.992256                  23.992256
              1       17.806757      0.83294553       1.5264281         13.355961           12.066396      0.67965741     -0.27729425       5.6245903        5.6245903       24.364333                  24.364333
              1       18.291043      0.82602095       1.5264281         13.355961           12.066396      0.67965741     -0.27729425       5.6245903        5.6245903       25.332905                  25.332905
              4       18.369922      0.82602095       1.5312298         13.359476             12.0614      0.68234353       -0.278519       5.6245903        5.6245903       25.490663                  25.490663
              3       18.047376      0.82990833       1.5312298         13.359476             12.0614      0.68234353       -0.278519       5.6245903        5.6245903       24.845572                  24.845572
              1       18.524806      0.82990833       1.5185098         13.363413           12.061512      0.68117834     -0.27548674       5.6245903        5.6245903       25.800432                  25.800432
              1       18.923991      0.82990833       1.5195997         13.361664           12.058588      0.68166002     -0.26835155       5.6245903        5.6245903       26.598801                  26.598801
              4       18.926944      0.82990833       1.5205747         13.360982           12.058153      0.68145365     -0.26633867       5.6245903        5.6245903       26.604707                  26.604707
              1        21.13251      0.82990833       1.5427116         13.379715           12.063981      0.69147662     -0.26843325       5.6245903        5.6245903       31.015839                  31.015839
              2       21.061814      0.83094843       1.5427116         13.379715           12.063981      0.69147662     -0.26843325       5.6245903        5.6245903       30.874447                  30.874447
              1       20.852191      0.83094843       1.5480055         13.375849           12.063088      0.69366949      -0.2603402       5.6245903        5.6245903       30.455202                  30.455202
              1       20.528586      0.83867017       1.5480055         13.375849           12.063088      0.69366949      -0.2603402       5.6245903        5.6245903       29.807991                  29.807991
              1       21.018735      0.83867017       1.5577499         13.385994           12.066616      0.68855521     -0.26009269       5.6245903        5.6245903        30.78829                   30.78829
              2       19.476556      0.83867017       1.5518249         13.383904           12.067556      0.67410166     -0.25319549       5.6245903        5.6245903       27.703932                  27.703932
              5       19.162087      0.83867017       1.5553236         13.388166           12.072954      0.68277899     -0.25915226       5.6245903        5.6245903       27.074993                  27.074993
              1       17.400623      0.83867017       1.5477216         13.376123           12.076354      0.69094878      -0.2572522       5.6245903        5.6245903       23.552066                  23.552066
              1       17.485239      0.83867017        1.549334          13.36674           12.071937      0.70737061     -0.26387893       5.6245903        5.6245903       23.721297                  23.721297
              1       17.267304      0.83867017       1.5487617         13.365538           12.071814       0.7058583     -0.26598134       5.6245903        5.6245903       23.285427                  23.285427
              1       17.658304      0.85615969       1.5487617         13.365538           12.071814       0.7058583     -0.26598134       5.6245903        5.6245903       24.067428                  24.067428
              2       18.235847      0.85615969       1.5502153         13.349357           12.077764      0.70248428     -0.25504372       5.6245903        5.6245903       25.222514                  25.222514
              1       18.062515      0.85615969       1.5631559         13.349124           12.074723      0.69975802     -0.25629435       5.6245903        5.6245903        24.87585                   24.87585
              3       18.361133      0.85615969       1.5712917         13.344019           12.073053      0.70265424     -0.25182395       5.6245903        5.6245903       25.473086                  25.473086
              1       18.123721      0.85615969       1.5651724         13.340118           12.071227      0.71361067     -0.25292261       5.6245903        5.6245903       24.998261                  24.998261
              1       18.779785      0.85615969       1.5677259         13.344485            12.07863      0.71786039     -0.25257043       5.6245903        5.6245903       26.310389                  26.310389
              2       20.125317      0.85615969       1.5622217         13.341738           12.083003      0.71554148     -0.24255417       5.6245903        5.6245903       29.001454                  29.001454
              2       18.341873      0.85615969       1.5761735         13.344508           12.074918      0.72478475       -0.254131       5.6245903        5.6245903       25.434565                  25.434565
              3       18.602802      0.85615969       1.5781858         13.344488           12.077045      0.72593572     -0.25227703       5.6245903        5.6245903       25.956423                  25.956423
              2       17.773408      0.84756699       1.5781858         13.344488           12.077045      0.72593572     -0.25227703       5.6245903        5.6245903       24.297635                  24.297635
              1       17.677947      0.84756699       1.5778129         13.347531           12.061368      0.71943306     -0.26141309       5.6245903        5.6245903       24.106714                  24.106714
              1       17.575764      0.84756699       1.5757742         13.346599           12.061031      0.71747799     -0.25967041       5.6245903        5.6245903       23.902347                  23.902347
              1       16.986148      0.84756699       1.5822192         13.357281           12.072022      0.70060312     -0.26322328       5.6245903        5.6245903       22.723115                  22.723115
              1       17.158359      0.84756699        1.596504         13.349911           12.067407      0.69678788     -0.25562629       5.6245903        5.6245903       23.067538                  23.067538
              1       17.098223      0.84756699       1.5907831         13.355848           12.067887      0.68968656     -0.26056816       5.6245903        5.6245903       22.947266                  22.947266
              1       16.874615      0.84756699       1.5902741         13.352395           12.058477      0.68236083     -0.25451594       5.6245903        5.6245903        22.50005                   22.50005
              1       16.925626      0.84756699       1.5908828         13.357598           12.065555       0.6794179     -0.24405215       5.6245903        5.6245903       22.602071                  22.602071
              2       17.320008      0.84756699       1.6026731          13.35899           12.066524      0.67368535     -0.24769793       5.6245903        5.6245903       23.390836                  23.390836
              1       17.287115      0.85790417       1.6026731          13.35899           12.066524      0.67368535     -0.24769793       5.6245903        5.6245903        23.32505                   23.32505
              1       17.280927      0.85790417       1.6055537         13.359102           12.064281      0.67042981     -0.25190809       5.6245903        5.6245903       23.312673                  23.312673
              1        17.54954      0.85790417       1.6109884         13.355418           12.064249      0.67240645     -0.24979965       5.6245903        5.6245903         23.8499                    23.8499
              1       18.223438       0.8738616       1.6109884         13.355418           12.064249      0.67240645     -0.24979965       5.6245903        5.6245903       25.197696                  25.197696
              1       18.101624       0.8738616       1.6166161         13.364621           12.070027       0.6763519     -0.25183243       5.6245903        5.6245903       24.954068                  24.954068
              2       18.083987       0.8738616       1.6167486         13.364835           12.070014      0.67591251     -0.25138928       5.6245903        5.6245903       24.918793                  24.918793
              1       18.616549      0.87954717       1.6167486         13.364835           12.070014      0.67591251     -0.25138928       5.6245903        5.6245903       25.983917                  25.983917
              1       18.629148      0.87954717       1.6259719         13.372551           12.066122      0.67103134     -0.23583584       5.6245903        5.6245903       26.009115                  26.009115
              1       20.412622      0.87954717       1.6091985         13.364057           12.052997      0.66794216     -0.22592901       5.6245903        5.6245903       29.576063                  29.576063
              1       18.826474      0.87954717       1.6098937         13.356323            12.06126      0.66883514     -0.22015627       5.6245903        5.6245903       26.403768                  26.403768
              1       18.913754      0.87954717       1.6100258         13.356289           12.061023      0.66968948     -0.22000931       5.6245903        5.6245903       26.578328                  26.578328
              1       18.748801      0.87954717       1.6141849         13.351855           12.057757      0.66823104     -0.22155073       5.6245903        5.6245903       26.248422                  26.248422
              1       19.077765      0.87954717       1.6166801         13.354213           12.056758      0.66769029     -0.21562283       5.6245903        5.6245903       26.906349                  26.906349
              2        19.01837      0.87954717       1.6190244         13.352615           12.047307      0.65989482     -0.21827828       5.6245903        5.6245903       26.787559                  26.787559
              2       19.204586      0.88096588       1.6190244         13.352615           12.047307      0.65989482     -0.21827828       5.6245903        5.6245903       27.159991                  27.159991
              1       18.229772      0.88096588       1.6109042         13.349025           12.050361      0.65287941     -0.21355741       5.6245903        5.6245903       25.210363                  25.210363
              2        17.83585      0.88096588       1.6103947         13.369403           12.062365      0.62304364     -0.20514134       5.6245903        5.6245903        24.42252                   24.42252
              1       18.145359      0.88096588       1.6104794         13.368711           12.063347      0.62260473     -0.20641796       5.6245903        5.6245903       25.041537                  25.041537
              1       17.900125      0.88096588       1.6106251         13.367444           12.059957      0.62007896     -0.20745931       5.6245903        5.6245903       24.551069                  24.551069
              2        17.30232      0.88096588       1.5869014         13.370415           12.058675      0.62075575     -0.21186164       5.6245903        5.6245903        23.35546                   23.35546
              1       17.332924      0.88205574       1.5869014         13.370415           12.058675      0.62075575     -0.21186164       5.6245903        5.6245903       23.416667                  23.416667
              1       17.255082      0.88205574       1.5842195         13.373786            12.05927      0.62045616     -0.21283737       5.6245903        5.6245903       23.260983                  23.260983
              1       17.395876      0.88205574       1.5883544         13.376544           12.062005      0.61578392     -0.21157073       5.6245903        5.6245903       23.542572                  23.542572
              2       18.691577      0.88205574       1.5894022         13.376762           12.073601      0.62426296     -0.20922868       5.6245903        5.6245903       26.133973                  26.133973
              1       19.043899      0.88205574       1.5887687         13.376031           12.074214      0.62357604     -0.20942684       5.6245903        5.6245903       26.838617                  26.838617
              1       18.978086      0.88205574        1.591253         13.386904            12.08299      0.62338403     -0.20019382       5.6245903        5.6245903       26.706992                  26.706992
              1       18.839705      0.86164399        1.591253         13.386904            12.08299      0.62338403     -0.20019382       5.6245903        5.6245903       26.430229                  26.430229
              3       17.508618      0.86164399       1.5863811         13.387674           12.076647       0.6219317     -0.19379085       5.6245903        5.6245903       23.768055                  23.768055
              1       18.064786      0.86164399       1.5828518         13.386825           12.079258      0.61933524       -0.194377       5.6245903        5.6245903       24.880391                  24.880391
              1       18.064522      0.86164399       1.5964559         13.413188           12.084055      0.63204903     -0.19934521       5.6245903        5.6245903       24.879863                  24.879863
              2       17.613839      0.86164399       1.6010499         13.410473           12.085953      0.63330862     -0.19611955       5.6245903        5.6245903       23.978497                  23.978497
              2       17.825892      0.85410248       1.6010499         13.410473           12.085953      0.63330862     -0.19611955       5.6245903        5.6245903       24.402604                  24.402604
              1       17.812467      0.85410248       1.6013076         13.410603           12.086086      0.63267707     -0.19620823       5.6245903        5.6245903       24.375753                  24.375753
              1       18.131386      0.85410248       1.6054112          13.39437           12.089121      0.63985758     -0.20641552       5.6245903        5.6245903       25.013592                  25.013592
              1       17.885131      0.85410248       1.6075294         13.393161           12.086799      0.63948128     -0.20459612       5.6245903        5.6245903       24.521081                  24.521081
              1       17.961775      0.85184551       1.6075294         13.393161           12.086799      0.63948128     -0.20459612       5.6245903        5.6245903        24.67437                   24.67437
              3        17.16325      0.85184551       1.5969459         13.388873            12.08542      0.65067188     -0.19456983       5.6245903        5.6245903       23.077319                  23.077319
              1       17.198506      0.85184551       1.5958348         13.389371           12.088056      0.65396723     -0.19642212       5.6245903        5.6245903       23.147831                  23.147831
              1       17.166291      0.85184551       1.5951663          13.39151           12.088301      0.65315115     -0.19654926       5.6245903        5.6245903       23.083402                  23.083402
              1        17.76949      0.85184551       1.6018036         13.396153           12.082329      0.65838777     -0.19846352       5.6245903        5.6245903       24.289799                  24.289799
              1       17.894105      0.85184551       1.6009295         13.396008            12.08151      0.65854131     -0.19887074       5.6245903        5.6245903        24.53903                   24.53903
              1       18.602992      0.83171524       1.6009295         13.396008            12.08151      0.65854131     -0.19887074       5.6245903        5.6245903       25.956803                  25.956803
              1       18.552134      0.83171524       1.6011871         13.395872           12.081589      0.65812521     -0.19969033       5.6245903        5.6245903       25.855087                  25.855087
              1       18.517776      0.83222345       1.6011871         13.395872           12.081589      0.65812521     -0.19969033       5.6245903        5.6245903       25.786371                  25.786371
              2       17.788482      0.83222345       1.5979167         13.389933           12.085434      0.65912292     -0.19997105       5.6245903        5.6245903       24.327783                  24.327783
              2       17.714541      0.83222345       1.5997549         13.388688           12.084627      0.66120897     -0.19869234       5.6245903        5.6245903       24.179902                  24.179902
              1        17.71063      0.83222345       1.5998425         13.388769           12.084779      0.66134344     -0.19886203       5.6245903        5.6245903       24.172079                  24.172079
              2       17.556984      0.83222345        1.597898         13.396707           12.093315       0.6690468     -0.20042833       5.6245903        5.6245903       23.864788                  23.864788
              1       17.670841      0.83222345       1.5961666         13.392078           12.095407       0.6702806     -0.20427199       5.6245903        5.6245903       24.092502                  24.092502
              1       17.832677      0.83222345       1.5994069         13.388155           12.097597      0.67385405     -0.19866774       5.6245903        5.6245903       24.416173                  24.416173
              1       17.797322       0.8330061       1.5994069         13.388155           12.097597      0.67385405     -0.19866774       5.6245903        5.6245903       24.345464                  24.345464
              2        17.51489       0.8330061        1.596711         13.387944           12.096342       0.6750175     -0.19750841       5.6245903        5.6245903         23.7806                    23.7806
              1       17.052169       0.8330061       1.6091146         13.375757           12.086305      0.67798574     -0.18134127       5.6245903        5.6245903       22.855158                  22.855158
              1       17.192394       0.8330061       1.6137491         13.376973           12.088294      0.67617728     -0.18241316       5.6245903        5.6245903       23.135607                  23.135607
              1       17.106854       0.8330061       1.6146915         13.378006           12.084765      0.67673204      -0.1846507       5.6245903        5.6245903       22.964528                  22.964528
              1       17.117715       0.8330061       1.6170786          13.38073           12.087925      0.68809941     -0.18455362       5.6245903        5.6245903       22.986249                  22.986249
              1       17.121396      0.83247152       1.6170786          13.38073           12.087925      0.68809941     -0.18455362       5.6245903        5.6245903       22.993612                  22.993612
              1       17.046296      0.83247152       1.6180618         13.377244           12.085809      0.68544763     -0.18546114       5.6245903        5.6245903       22.843411                  22.843411
              1       17.021267      0.83537417       1.6180618         13.377244           12.085809      0.68544763     -0.18546114       5.6245903        5.6245903       22.793354                  22.793354
              1       18.228824      0.83537417       1.6187611         13.381577           12.078079      0.69610644     -0.21447423       5.6245903        5.6245903       25.208467                  25.208467
              1       18.064642      0.83537417       1.6155916         13.379256           12.078107      0.69788371     -0.21425183       5.6245903        5.6245903       24.880104                  24.880104
              2       17.476053      0.83537417       1.6204818         13.373083           12.091047      0.69882686     -0.21815709       5.6245903        5.6245903       23.702925                  23.702925
              1       17.518581      0.83537417       1.6151625         13.374844           12.093095       0.6994256     -0.21904743       5.6245903        5.6245903       23.787982                  23.787982
              1       17.458373      0.83537417        1.614955          13.37833           12.093069      0.69283314     -0.21540635       5.6245903        5.6245903       23.667565                  23.667565
              1       17.439185      0.83537417       1.6260149          13.40122           12.093572      0.69427306     -0.23408091       5.6245903        5.6245903       23.629189                  23.629189
              2       17.371879      0.83817482       1.6260149          13.40122           12.093572      0.69427306     -0.23408091       5.6245903        5.6245903       23.494577                  23.494577
              1       19.161072      0.83817482       1.6228261         13.401929            12.08418      0.69407397     -0.23536913       5.6245903        5.6245903       27.072963                  27.072963
              1       17.991665      0.83817482        1.622774         13.401559           12.088872       0.6963956       -0.241714       5.6245903        5.6245903       24.734149                  24.734149
              1       17.476423      0.83817482       1.6161887          13.40637           12.095887       0.6909141     -0.23875922       5.6245903        5.6245903       23.703666                  23.703666
              2        18.75254      0.83817482       1.6121508         13.410685           12.091405      0.69216014     -0.24183573       5.6245903        5.6245903         26.2559                    26.2559
              4       18.351046      0.83817482       1.6073273         13.406283           12.091388      0.69472791     -0.24061299       5.6245903        5.6245903       25.452912                  25.452912
              1       18.112746      0.83817482       1.6156612         13.406617           12.088844      0.68234885     -0.24303386       5.6245903        5.6245903       24.976312                  24.976312
              1       17.699091      0.83817482       1.6167904          13.40139           12.097535      0.68168049     -0.24558029       5.6245903        5.6245903       24.149001                  24.149001
              5       17.431216       0.8616356       1.6167904          13.40139           12.097535      0.68168049     -0.24558029       5.6245903        5.6245903       23.613252                  23.613252
              1       17.950185       0.8616356       1.6369604         13.399921           12.098996       0.6962265     -0.22656932       5.6245903        5.6245903       24.651189                  24.651189
              1       18.011218       0.8616356       1.6367545         13.397012           12.096316      0.69698014     -0.22694645       5.6245903        5.6245903       24.773255                  24.773255
              1       17.636587      0.85735224       1.6367545         13.397012           12.096316      0.69698014     -0.22694645       5.6245903        5.6245903       24.023994                  24.023994
              2       17.665778      0.85735224       1.6384575         13.397338           12.100488      0.69379305     -0.23350783       5.6245903        5.6245903       24.082375                  24.082375
              2       18.022932      0.86303827       1.6384575         13.397338           12.100488      0.69379305     -0.23350783       5.6245903        5.6245903       24.796684                  24.796684
              1       19.001565      0.86303827       1.6373854         13.392975           12.099595      0.67529973     -0.22558864       5.6245903        5.6245903       26.753949                  26.753949
              2       17.680664      0.86303827       1.6596469         13.413372           12.094334      0.67168037     -0.22038201       5.6245903        5.6245903       24.112147                  24.112147
              1       17.689579      0.86303827       1.6426851         13.415411           12.107963      0.68123189     -0.21738684       5.6245903        5.6245903       24.129977                  24.129977
              1       18.207205      0.86303827       1.6483988         13.413415            12.11277      0.68423654     -0.21512498       5.6245903        5.6245903        25.16523                   25.16523
              3         18.4839      0.86303827       1.6506788         13.422296           12.109241      0.69141084     -0.21507733       5.6245903        5.6245903        25.71862                   25.71862
              2       18.567405      0.86303827       1.6511756         13.420661            12.11251      0.69449149     -0.20880223       5.6245903        5.6245903       25.885629                  25.885629
              1       18.175643      0.86303827       1.6252883         13.426523           12.120846       0.6903519     -0.20753609       5.6245903        5.6245903       25.102105                  25.102105
              2       18.304223      0.86303827       1.6222122         13.419262           12.118741      0.69430439     -0.21002826       5.6245903        5.6245903       25.359266                  25.359266
              2       18.137559      0.86303827       1.6208416         13.408638           12.111419      0.67616357     -0.19996697       5.6245903        5.6245903       25.025937                  25.025937
              1       18.842628      0.86303827       1.6186333         13.407885           12.116507       0.6822935     -0.20064854       5.6245903        5.6245903       26.436076                  26.436076
              1       18.843508      0.86303827       1.6168686          13.41208           12.118951      0.67994872     -0.20241032       5.6245903        5.6245903       26.437835                  26.437835
              1       18.527574      0.86303827       1.6159532         13.412205           12.117424      0.68069116     -0.20430081       5.6245903        5.6245903       25.805968                  25.805968
              1       18.073312      0.84952282       1.6159532         13.412205           12.117424      0.68069116     -0.20430081       5.6245903        5.6245903       24.897443                  24.897443
              1       19.841206      0.84952282        1.597441         13.402695           12.117419      0.67346977     -0.19879951       5.6245903        5.6245903       28.433232                  28.433232
              2       17.984405      0.84952282       1.5967573         13.405097           12.088289      0.65748549      -0.1955255       5.6245903        5.6245903       24.719629                  24.719629
              1       18.685792      0.84952282       1.5925581         13.403217           12.086858      0.66170523     -0.18715467       5.6245903        5.6245903       26.122403                  26.122403
              2       18.744211      0.84952282       1.5923577         13.403593           12.086899      0.66169559     -0.18715888       5.6245903        5.6245903       26.239242                  26.239242
              3       19.125774       0.8598714       1.5923577         13.403593           12.086899      0.66169559     -0.18715888       5.6245903        5.6245903       27.002368                  27.002368
              2       18.731307      0.84822257       1.5923577         13.403593           12.086899      0.66169559     -0.18715888       5.6245903        5.6245903       26.213434                  26.213434
              3        18.65975      0.84822257       1.5925149         13.402478            12.08613      0.66062324     -0.18633282       5.6245903        5.6245903       26.070319                  26.070319
              1        18.73589      0.84822257       1.5928156         13.402919           12.086263      0.66097233     -0.18616805       5.6245903        5.6245903         26.2226                    26.2226
              1       17.106742      0.84822257       1.5974447          13.39557           12.093293      0.66461767     -0.18829358       5.6245903        5.6245903       22.964303                  22.964303
              1       18.060846      0.84822257       1.5908611         13.390512           12.087613      0.67656047     -0.18344528       5.6245903        5.6245903       24.872511                  24.872511
              1       17.314372      0.84822257        1.590626         13.387737            12.09229      0.67122679      -0.1680413       5.6245903        5.6245903       23.379563                  23.379563
              2       17.445222      0.85104566        1.590626         13.387737            12.09229      0.67122679      -0.1680413       5.6245903        5.6245903       23.641263                  23.641263
              2       17.518186      0.85104566       1.6093718         13.400901           12.107584      0.66779499     -0.16873314       5.6245903        5.6245903       23.787192                  23.787192
              1       17.633373      0.85104566       1.6137546         13.401058           12.104627      0.67760273     -0.16100663       5.6245903        5.6245903       24.017566                  24.017566
              1       19.637689      0.85104566       1.6057656         13.413345           12.106046      0.68949128     -0.17127231       5.6245903        5.6245903       28.026198                  28.026198
              2       18.107815      0.85104566        1.600882          13.41036           12.115222      0.69148801     -0.16746451       5.6245903        5.6245903       24.966449                  24.966449
              3       17.746643      0.84709138        1.600882          13.41036           12.115222      0.69148801     -0.16746451       5.6245903        5.6245903       24.244106                  24.244106
              2       18.299139      0.84709138       1.6011756         13.407607           12.110133      0.69381866     -0.16793602       5.6245903        5.6245903       25.349097                  25.349097
              1       18.173452      0.84709138       1.6044515         13.409239           12.112902      0.69572798     -0.16839317       5.6245903        5.6245903       25.097724                  25.097724
              4       17.469246       0.8364724       1.6044515         13.409239           12.112902      0.69572798     -0.16839317       5.6245903        5.6245903       23.689312                  23.689312
              1       17.489648       0.8364724       1.5857948         13.416612           12.122815       0.7055399     -0.17472297       5.6245903        5.6245903       23.730115                  23.730115
              2       17.544116       0.8364724       1.5849176         13.420168           12.125385      0.70648163     -0.17474358       5.6245903        5.6245903       23.839051                  23.839051
              1       17.714454       0.8364724       1.5907843         13.413169           12.132986      0.71791059     -0.16166139       5.6245903        5.6245903       24.179727                  24.179727
              1       17.806484       0.8364724        1.593141         13.412119           12.134342      0.72027197     -0.16613068       5.6245903        5.6245903       24.363788                  24.363788
              2       17.832001       0.8364724       1.5896079         13.411032           12.133836      0.72245244     -0.16673947       5.6245903        5.6245903       24.414822                  24.414822
              1       17.446936       0.8364724       1.5981615         13.409637           12.127312      0.70936538     -0.16902229       5.6245903        5.6245903       23.644691                  23.644691
              2       17.405707      0.83554854       1.5981615         13.409637           12.127312      0.70936538     -0.16902229       5.6245903        5.6245903       23.562233                  23.562233
              3       17.405786      0.83554854       1.5984149         13.409834           12.127424      0.70947364     -0.16913413       5.6245903        5.6245903       23.562392                  23.562392
              1       17.462285      0.83554854       1.5980395         13.409348            12.12799      0.71030608     -0.17011809       5.6245903        5.6245903        23.67539                   23.67539
              2       17.357816      0.83554854       1.5986655         13.411496           12.127162      0.71173388     -0.17068436       5.6245903        5.6245903       23.466452                  23.466452
              1       17.120132      0.82746647       1.5986655         13.411496           12.127162      0.71173388     -0.17068436       5.6245903        5.6245903       22.991083                  22.991083
              1       17.437331      0.82746647       1.5963573         13.407537           12.128641      0.72570892     -0.15517789       5.6245903        5.6245903       23.625482                  23.625482
              1       17.418093      0.82746647       1.6039501         13.404892           12.129357      0.72660616     -0.15559991       5.6245903        5.6245903       23.587005                  23.587005
              2       17.311371      0.82746647       1.5989883         13.402551           12.125622      0.72440274     -0.15917968       5.6245903        5.6245903       23.373562                  23.373562
              2       17.227061      0.82746647       1.6010738         13.402993           12.125352      0.71839509     -0.15838019       5.6245903        5.6245903       23.204941                  23.204941
              2       17.126039      0.82394014       1.6010738         13.402993           12.125352      0.71839509     -0.15838019       5.6245903        5.6245903       23.002898                  23.002898
              1       17.219846       0.8120632       1.6010738         13.402993           12.125352      0.71839509     -0.15838019       5.6245903        5.6245903       23.190511                  23.190511
              1       18.625782       0.8120632       1.5869374         13.410383           12.112236      0.71581132     -0.17942609       5.6245903        5.6245903       26.002383                  26.002383
              2       18.535324       0.8120632       1.5874107         13.408816           12.110787      0.71258994     -0.17899523       5.6245903        5.6245903       25.821467                  25.821467
              1       18.072849       0.8120632       1.6008776         13.410092           12.111932      0.71219375     -0.18825759       5.6245903        5.6245903       24.896517                  24.896517
              1       17.822434       0.8120632       1.6003075         13.409764           12.113539      0.71145997     -0.18890157       5.6245903        5.6245903       24.395688                  24.395688
              1       18.301304       0.8120632       1.6009967         13.410452           12.109376      0.70704567     -0.19342699       5.6245903        5.6245903       25.353428                  25.353428
              3       17.432475       0.8120632       1.6012615          13.38852           12.105062      0.71218308     -0.19776222       5.6245903        5.6245903        23.61577                   23.61577
              1       17.197603       0.8167372       1.6012615          13.38852           12.105062      0.71218308     -0.19776222       5.6245903        5.6245903       23.146026                  23.146026
              1        17.17193       0.8167372       1.5951763         13.389373           12.103637      0.71393383     -0.19895611       5.6245903        5.6245903       23.094679                  23.094679
              2       17.302641       0.8167372       1.5950404         13.393487           12.104235       0.7135486     -0.20237356       5.6245903        5.6245903       23.356101                  23.356101
              1        17.20393       0.8195774       1.5950404         13.393487           12.104235       0.7135486     -0.20237356       5.6245903        5.6245903       23.158679                  23.158679
              4       17.159217       0.8195774       1.5999169         13.394009           12.105782        0.719543     -0.20234465       5.6245903        5.6245903       23.069253                  23.069253
              1       17.113175       0.8195774       1.5988508         13.393545           12.106127      0.71928478     -0.20271533       5.6245903        5.6245903        22.97717                   22.97717
              1       17.049677       0.8195774       1.5983377         13.392834           12.107219       0.7205313     -0.20020263       5.6245903        5.6245903       22.850173                  22.850173
              1       17.055228       0.8195774       1.5984006         13.391878           12.106407      0.72135181     -0.20051365       5.6245903        5.6245903       22.861275                  22.861275
              1       17.202355       0.8195774       1.5976964         13.391031           12.103427      0.71837298     -0.19812294       5.6245903        5.6245903       23.155529                  23.155529
              1       17.979955      0.80281698       1.5976964         13.391031           12.103427      0.71837298     -0.19812294       5.6245903        5.6245903        24.71073                   24.71073
              5       17.998542      0.80281698       1.5974317         13.391291           12.103388      0.71832316     -0.19772383       5.6245903        5.6245903       24.747903                  24.747903
              1       18.202767      0.80281698         1.60054         13.392035           12.101763      0.71307833     -0.19695932       5.6245903        5.6245903       25.156354                  25.156354
              1       18.449757      0.80281698       1.6032165         13.391702           12.102033      0.70270369     -0.19814008       5.6245903        5.6245903       25.650333                  25.650333
              1       18.522486      0.80281698        1.594068         13.392985            12.10319      0.70018247     -0.19682086       5.6245903        5.6245903       25.795791                  25.795791
              2       18.672037      0.80281698       1.5935186         13.395937           12.102434       0.7005347     -0.20216544       5.6245903        5.6245903       26.094893                  26.094893
              2       18.706659      0.80281698       1.5975147         13.408863           12.114801      0.70090376     -0.19715933       5.6245903        5.6245903       26.164137                  26.164137
              2       17.399148      0.82048855       1.5975147         13.408863           12.114801      0.70090376     -0.19715933       5.6245903        5.6245903       23.549115                  23.549115
              2        17.16667      0.82048855        1.607512         13.412209           12.119695      0.71984077     -0.19876428       5.6245903        5.6245903       23.084159                  23.084159
              1       17.191916      0.82048855       1.6086963         13.415146           12.124694      0.71741089     -0.19869102       5.6245903        5.6245903       23.134651                  23.134651
              1       17.597362      0.82048855       1.6032566         13.416147           12.125965      0.71792507     -0.22054698       5.6245903        5.6245903       23.945543                  23.945543
              2       17.436909      0.82048855       1.6030719           13.4253            12.12458       0.7170514     -0.21335833       5.6245903        5.6245903       23.624638                  23.624638
              1       17.500516      0.82048855        1.604018         13.425299           12.123492      0.71580304     -0.21369423       5.6245903        5.6245903       23.751852                  23.751852
              1       17.389819       0.8356746        1.604018         13.425299           12.123492      0.71580304     -0.21369423       5.6245903        5.6245903       23.530457                  23.530457
              1       17.427395       0.8356746       1.5947199         13.431466           12.124557       0.7101301     -0.22226981       5.6245903        5.6245903       23.605609                  23.605609
              1       17.401134       0.8356746       1.6088482         13.440314           12.137832      0.71145511     -0.23045392       5.6245903        5.6245903       23.553087                  23.553087
              1       17.258329       0.8356746       1.6129504         13.442138           12.135748      0.71581852     -0.22143536       5.6245903        5.6245903       23.267478                  23.267478
              3       17.209671       0.8356746       1.6119128         13.440746           12.137261      0.71833912      -0.2215518       5.6245903        5.6245903       23.170161                  23.170161
              2       17.245854       0.8356746       1.6265963          13.44096           12.135642      0.72499782     -0.23186996       5.6245903        5.6245903       23.242528                  23.242528
              1         17.5908       0.8356746       1.6162565         13.431205           12.131862      0.72134427     -0.25549976       5.6245903        5.6245903       23.932419                  23.932419
              1       18.164046       0.8356746       1.6235753          13.43579           12.137704      0.72523415     -0.26213114       5.6245903        5.6245903       25.078912                  25.078912
              2       18.789983      0.82266065       1.6235753          13.43579           12.137704      0.72523415     -0.26213114       5.6245903        5.6245903       26.330786                  26.330786
              2       18.805895      0.82266065       1.6242839         13.434336            12.13735      0.72642357     -0.26196829       5.6245903        5.6245903       26.362609                  26.362609
              3       17.917804      0.82266065       1.6316299         13.443541           12.134515      0.72336626     -0.26095693       5.6245903        5.6245903       24.586428                  24.586428
              1       17.919237      0.82266065       1.6182535         13.457578           12.144453      0.72462583     -0.25989679       5.6245903        5.6245903       24.589294                  24.589294
              1       18.323622      0.82266065       1.6114149         13.457775           12.135937      0.71677173     -0.25962109       5.6245903        5.6245903       25.398063                  25.398063
              3        18.74845      0.81679897       1.6114149         13.457775           12.135937      0.71677173     -0.25962109       5.6245903        5.6245903       26.247719                  26.247719
              2       17.994862      0.81679897        1.611146         13.439438           12.129022      0.72900977     -0.25444315       5.6245903        5.6245903       24.740544                  24.740544
