#        weight    minuslogpost          sigma8 ygk_LOWZ__3_lM1_0 ygk_LOWZ__3_lMmin_0   ygk_mass_bias       ygk_rhogy   minuslogprior minuslogprior__0            chi2 chi2__ygk_like.ygkLike
              2       58.083334       0.8101354         13.328708           12.042254      0.72894325     -0.52797205       4.9827364        4.9827364        106.2012               106.2012
              2       58.494457       0.8101354          13.32153           12.042211      0.72802742     -0.53126816       4.9827364        4.9827364       107.02344              107.02344
              4       58.200598       0.8101354         13.321334           12.039441      0.72703321     -0.52830857       4.9827364        4.9827364       106.43572              106.43572
              2       59.233541       0.8101354         13.313367           12.037353      0.72358325     -0.50302682       4.9827364        4.9827364       108.50161              108.50161
              2       59.662752       0.8101354         13.312141           12.038601      0.72701283     -0.50772424       4.9827364        4.9827364       109.36003              109.36003
              1       58.690393       0.8101354         13.316114           12.038915      0.72460623      -0.5185672       4.9827364        4.9827364       107.41531              107.41531
              1       58.615113       0.8101354         13.318269           12.033868      0.72728171     -0.51836771       4.9827364        4.9827364       107.26475              107.26475
              2       58.592808       0.8101354         13.316745           12.032808      0.72654075     -0.52006727       4.9827364        4.9827364       107.22014              107.22014
              2       58.550991       0.8101354          13.31698           12.033341      0.72706126     -0.51900254       4.9827364        4.9827364       107.13651              107.13651
              2       60.618007       0.8101354         13.298785           12.030687      0.73813286     -0.51928046       4.9827364        4.9827364       111.27054              111.27054
              1       60.083897       0.8101354          13.29706           12.029446      0.73859693     -0.54037378       4.9827364        4.9827364       110.20232              110.20232
              7       60.027691       0.8042152          13.29706           12.029446      0.73859693     -0.54037378       4.9827364        4.9827364       110.08991              110.08991
              2       59.507107       0.8042152         13.292325           12.025753      0.73701353     -0.52848529       4.9827364        4.9827364       109.04874              109.04874
              4       59.018181       0.8042152         13.304022           12.033015       0.7358884     -0.50681611       4.9827364        4.9827364       108.07089              108.07089
              2       58.783246       0.8042152         13.306043           12.033593      0.73870713     -0.51137029       4.9827364        4.9827364       107.60102              107.60102
              5       58.953443       0.8042152         13.305861           12.034041      0.74270907     -0.51101771       4.9827364        4.9827364       107.94141              107.94141
              5       58.792088       0.8042152         13.307456            12.03533      0.74117029      -0.5122888       4.9827364        4.9827364        107.6187               107.6187
              1       59.275966       0.8042152         13.309809           12.038829       0.7456256     -0.51006765       4.9827364        4.9827364       108.58646              108.58646
              3       58.939686       0.8042152         13.310884           12.039074      0.74527192     -0.51332878       4.9827364        4.9827364        107.9139               107.9139
              2       58.904902       0.8042152         13.310993           12.039055      0.74508684     -0.51349498       4.9827364        4.9827364       107.84433              107.84433
              2       58.420795       0.8042152         13.305618           12.031913      0.74610339     -0.52884787       4.9827364        4.9827364       106.87612              106.87612
              3       58.165397       0.8042152         13.312583           12.035492      0.75310805     -0.54340493       4.9827364        4.9827364       106.36532              106.36532
              2        58.09928       0.8042152         13.323769           12.042274      0.75891256      -0.5427232       4.9827364        4.9827364       106.23309              106.23309
              1         58.0542       0.8042152         13.324585           12.043921      0.75573318     -0.55358691       4.9827364        4.9827364       106.14293              106.14293
             14        57.89638       0.8042152         13.334916            12.04965      0.75557315     -0.54588127       4.9827364        4.9827364       105.82729              105.82729
              3       57.898311       0.8042152          13.33565           12.051803      0.75201085     -0.54775461       4.9827364        4.9827364       105.83115              105.83115
              1       58.902954       0.8042152         13.329384           12.054199       0.7485375     -0.54117206       4.9827364        4.9827364       107.84044              107.84044
              3       59.583261       0.8042152         13.331364           12.050299      0.75603219     -0.51213676       4.9827364        4.9827364       109.20105              109.20105
              2       59.668757       0.8042152         13.330149           12.050112      0.75677158     -0.51236099       4.9827364        4.9827364       109.37204              109.37204
              1       58.473283       0.8042152         13.330083           12.052764       0.7563561     -0.52522978       4.9827364        4.9827364       106.98109              106.98109
              1       58.638146       0.8042152         13.332436           12.052664      0.76014944      -0.5258512       4.9827364        4.9827364       107.31082              107.31082
              1       58.395879      0.79661731         13.332436           12.052664      0.76014944      -0.5258512       4.9827364        4.9827364       106.82628              106.82628
              6       58.033022      0.79661731         13.332996           12.056963      0.75958912     -0.51605147       4.9827364        4.9827364       106.10057              106.10057
              1       57.928198      0.79661731         13.336936           12.061641      0.77743054      -0.5317205       4.9827364        4.9827364       105.89092              105.89092
              6       58.142956      0.79661731         13.335165           12.055176      0.77843086     -0.53666612       4.9827364        4.9827364       106.32044              106.32044
              4       57.832491      0.79661731         13.335485           12.056213      0.77775736      -0.5402843       4.9827364        4.9827364       105.69951              105.69951
              2        57.68163      0.79661731         13.339874           12.059344      0.77692308     -0.54257169       4.9827364        4.9827364       105.39779              105.39779
              1       58.087217      0.79661731         13.336473           12.063479      0.77916459     -0.54248256       4.9827364        4.9827364       106.20896              106.20896
              1       58.235583      0.79661731         13.338521           12.064459      0.78036975     -0.53299661       4.9827364        4.9827364       106.50569              106.50569
              3       57.784595      0.79661731         13.345489           12.068563      0.78346191     -0.54228104       4.9827364        4.9827364       105.60372              105.60372
              2       57.506679      0.79661731         13.353746           12.073715      0.77527202     -0.53711892       4.9827364        4.9827364       105.04789              105.04789
              1       57.369664      0.79661731         13.355464           12.072014      0.77622141     -0.53529542       4.9827364        4.9827364       104.77385              104.77385
              3       57.565919      0.79661731          13.35288           12.069458      0.77307292     -0.52854045       4.9827364        4.9827364       105.16637              105.16637
              1       60.967315      0.79661731         13.342568           12.066604      0.76585496     -0.48613078       4.9827364        4.9827364       111.96916              111.96916
              4       60.960946      0.79661731         13.342575           12.067051      0.76565405     -0.48614016       4.9827364        4.9827364       111.95642              111.95642
              1       60.759167      0.79661731          13.34355           12.067364      0.76507799     -0.48633109       4.9827364        4.9827364       111.55286              111.55286
             11         61.9585      0.79661731         13.343253           12.070266      0.76586318     -0.48288921       4.9827364        4.9827364       113.95153              113.95153
              1       61.921474      0.79661731         13.345177           12.070714      0.76537807     -0.48089654       4.9827364        4.9827364       113.87748              113.87748
              1       61.597162      0.79661731         13.345929           12.069236      0.76597939     -0.48188287       4.9827364        4.9827364       113.22885              113.22885
              1       64.800496      0.79661731         13.322392           12.064009      0.77036627     -0.50722262       4.9827364        4.9827364       119.63552              119.63552
             10       58.659999      0.79661731         13.327583           12.057283        0.761412     -0.52715986       4.9827364        4.9827364       107.35452              107.35452
              1       58.655059      0.79661731         13.327565           12.057269      0.76144365     -0.52707034       4.9827364        4.9827364       107.34465              107.34465
              2       59.469463      0.79661731         13.324979           12.057925      0.76690964     -0.53651959       4.9827364        4.9827364       108.97345              108.97345
              1       59.597638      0.79661731         13.325836           12.059012      0.76745771     -0.53588791       4.9827364        4.9827364        109.2298               109.2298
              3       59.425316      0.79661731         13.322596            12.05638      0.76419938      -0.5260685       4.9827364        4.9827364       108.88516              108.88516
              2        59.31518      0.79661731         13.325283           12.048318      0.75713777     -0.54053848       4.9827364        4.9827364       108.66489              108.66489
