#        weight    minuslogpost          sigma8 ygk_LOWZ__3_lM1_0 ygk_LOWZ__3_lMmin_0   ygk_mass_bias       ygk_rhogy   minuslogprior minuslogprior__0            chi2 chi2__ygk_like.ygkLike
              1       166.68779       0.8480618         13.347007           11.987198      0.73548472     -0.52745463       4.9827364        4.9827364       323.41011              323.41011
              2       167.07512      0.84832283         13.347007           11.987198      0.73548472     -0.52745463       4.9827364        4.9827364       324.18477              324.18477
              1       151.15249      0.84832283         13.343368           11.985251      0.72696342     -0.53317616       4.9827364        4.9827364       292.33952              292.33952
              1        138.1686      0.84832283          13.34095           11.986455      0.72500073     -0.54061906       4.9827364        4.9827364       266.37173              266.37173
              2       133.86657      0.84832283         13.350779           11.994893      0.73408339     -0.55751226       4.9827364        4.9827364       257.76767              257.76767
              7       134.52165      0.84832283         13.349004           11.994429      0.73628694     -0.55782948       4.9827364        4.9827364       259.07783              259.07783
              1        132.5541      0.84832283         13.348701           11.993943      0.73751476     -0.56395997       4.9827364        4.9827364       255.14272              255.14272
              4       131.98433      0.84832283         13.345164            11.99008      0.73447187     -0.56447154       4.9827364        4.9827364       254.00319              254.00319
              1       123.50225      0.84832283         13.340892           11.991469      0.73871881     -0.57216632       4.9827364        4.9827364       237.03902              237.03902
              1       116.28787      0.84832283         13.342262           12.002367       0.7412471     -0.56176074       4.9827364        4.9827364       222.61027              222.61027
              4       107.56434      0.84832283         13.341222           12.004062      0.73807464     -0.56523164       4.9827364        4.9827364        205.1632               205.1632
              2       107.99789      0.84832283         13.338937           12.010458      0.73036172     -0.53721936       4.9827364        4.9827364        206.0303               206.0303
              6        89.22137      0.84832283         13.351219           12.019015       0.7204628     -0.55193008       4.9827364        4.9827364       168.47727              168.47727
              2       80.918922      0.84832283         13.331695           12.017962      0.72358702     -0.56015069       4.9827364        4.9827364       151.87237              151.87237
              2       76.868678      0.84832283         13.338199           12.027256      0.72405018     -0.56814994       4.9827364        4.9827364       143.77188              143.77188
              1       62.226926      0.83209713         13.338199           12.027256      0.72405018     -0.56814994       4.9827364        4.9827364       114.48838              114.48838
              1       59.321265      0.83209713         13.335223           12.032033      0.71503301     -0.55771434       4.9827364        4.9827364       108.67706              108.67706
              2       60.010457      0.83209713         13.334217           12.032985      0.71690865     -0.55405059       4.9827364        4.9827364       110.05544              110.05544
              1       60.884261      0.83209713          13.33247           12.027824      0.72555673     -0.56831149       4.9827364        4.9827364       111.80305              111.80305
              2       59.733346      0.83209713         13.335323           12.034531      0.72718066     -0.57547895       4.9827364        4.9827364       109.50122              109.50122
              2       59.736021      0.83209713         13.329618           12.027341      0.72930243     -0.58406063       4.9827364        4.9827364       109.50657              109.50657
              3       58.531805      0.83209713         13.329075           12.026088      0.71771023     -0.58988156       4.9827364        4.9827364       107.09814              107.09814
              2       58.765717      0.83209713         13.322727           12.024552      0.72060023     -0.57809686       4.9827364        4.9827364       107.56596              107.56596
              1       59.351867      0.83209713         13.316286           12.025224      0.70725358     -0.57853213       4.9827364        4.9827364       108.73826              108.73826
             13       58.968125      0.83209713         13.318282             12.0263      0.70629724     -0.57273234       4.9827364        4.9827364       107.97078              107.97078
              5       58.483475      0.83209713         13.318939           12.025197      0.70820768     -0.57138218       4.9827364        4.9827364       107.00148              107.00148
              1       58.820697      0.83209713         13.309434           12.018959      0.70555795     -0.55869582       4.9827364        4.9827364       107.67592              107.67592
              3       59.117975      0.83209713         13.314248            12.01162       0.6981038     -0.56492975       4.9827364        4.9827364       108.27048              108.27048
             18       58.366607      0.83209713         13.305605           12.009093      0.69637675     -0.56185407       4.9827364        4.9827364       106.76774              106.76774
              3       58.205064      0.83209713         13.306787           12.010938       0.6945005     -0.55338668       4.9827364        4.9827364       106.44466              106.44466
              1       58.632353      0.83209713         13.313651           12.021014      0.68670697     -0.54872132       4.9827364        4.9827364       107.29923              107.29923
              2       60.079464      0.83849058         13.313651           12.021014      0.68670697     -0.54872132       4.9827364        4.9827364       110.19346              110.19346
              2       58.848796      0.83849058         13.316989           12.020609      0.68781212     -0.55748011       4.9827364        4.9827364       107.73212              107.73212
              1       58.006804      0.83849058          13.31945           12.017174      0.68350241     -0.55955564       4.9827364        4.9827364       106.04814              106.04814
              1       58.281037      0.83849058         13.334597           12.024477      0.68765877     -0.57057691       4.9827364        4.9827364        106.5966               106.5966
              1       58.781254      0.83643358         13.334597           12.024477      0.68765877     -0.57057691       4.9827364        4.9827364       107.59704              107.59704
              1       57.963175      0.83643358         13.336996           12.028916      0.68328129     -0.55222404       4.9827364        4.9827364       105.96088              105.96088
              2       58.327032      0.83643358         13.327621           12.028146      0.68092068      -0.5385355       4.9827364        4.9827364       106.68859              106.68859
              3       59.089329      0.83643358         13.328712           12.031609      0.67745609     -0.53715912       4.9827364        4.9827364       108.21319              108.21319
              1       58.768131      0.83643358         13.329242           12.031027      0.67815517     -0.54049335       4.9827364        4.9827364       107.57079              107.57079
              1        60.16096      0.83643358         13.333632           12.028815      0.69013593      -0.5261085       4.9827364        4.9827364       110.35645              110.35645
              1        62.80354      0.83643358         13.326995           12.034404      0.69485148     -0.53027906       4.9827364        4.9827364       115.64161              115.64161
              2       62.759243      0.83643358         13.326719           12.034074      0.69487029     -0.53020797       4.9827364        4.9827364       115.55301              115.55301
              1        62.59925      0.83643358         13.330783           12.031962       0.7051749     -0.53731676       4.9827364        4.9827364       115.23303              115.23303
              5       58.846963      0.83643358         13.326222           12.022238      0.70129867      -0.5586676       4.9827364        4.9827364       107.72845              107.72845
              5       59.263834      0.83643358         13.329299           12.030779      0.70414616     -0.56233877       4.9827364        4.9827364        108.5622               108.5622
              5       58.967079      0.83643358          13.31866           12.022863      0.70141088     -0.56562276       4.9827364        4.9827364       107.96869              107.96869
              3       58.959583      0.83643358           13.3142           12.015981      0.70236324     -0.56075275       4.9827364        4.9827364       107.95369              107.95369
              6        58.69166      0.83643358         13.315333           12.015457      0.69770101     -0.55591514       4.9827364        4.9827364       107.41785              107.41785
              2       59.713899      0.83643358         13.314669           12.016899      0.69682764     -0.59399235       4.9827364        4.9827364       109.46233              109.46233
              9       59.686709      0.83643358         13.349519           12.033926      0.69985925     -0.59412263       4.9827364        4.9827364       109.40795              109.40795
              1       59.642819      0.83643358         13.350113           12.034786      0.69897436     -0.59397875       4.9827364        4.9827364       109.32016              109.32016
              2       60.167151      0.83643358         13.350514           12.041478      0.70746487     -0.55172509       4.9827364        4.9827364       110.36883              110.36883
              1       60.956467      0.83643358         13.347392            12.03383      0.69843184     -0.53950178       4.9827364        4.9827364       111.94746              111.94746
              1       58.269428      0.83643358         13.353594           12.047014      0.70028241     -0.56509602       4.9827364        4.9827364       106.57338              106.57338
              2       58.111027      0.83643358          13.35721            12.04605      0.70197153     -0.56308942       4.9827364        4.9827364       106.25658              106.25658
              1       58.658563      0.83643358         13.364111           12.045086      0.68657269     -0.56283868       4.9827364        4.9827364       107.35165              107.35165
              9       57.693112      0.83643358         13.364143           12.050314      0.68630373     -0.55211436       4.9827364        4.9827364       105.42075              105.42075
              1        58.66232      0.83643358         13.367649           12.051215      0.67108339     -0.54402258       4.9827364        4.9827364       107.35917              107.35917
              3       59.235975      0.83643358         13.373721           12.057232      0.67734464     -0.51011503       4.9827364        4.9827364       108.50648              108.50648
              5       59.235057      0.83643358         13.374354           12.058131      0.67830454     -0.51101499       4.9827364        4.9827364       108.50464              108.50464
              3       57.936758      0.83643358         13.374376           12.057203      0.68201717     -0.55213977       4.9827364        4.9827364       105.90804              105.90804
              8       59.083705      0.83643358         13.383274           12.058323      0.67493019     -0.54361509       4.9827364        4.9827364       108.20194              108.20194
