#        weight    minuslogpost          sigma8 ygk_LOWZ__3_lM1_0 ygk_LOWZ__3_lMmin_0   ygk_mass_bias       ygk_rhogy   minuslogprior minuslogprior__0            chi2 chi2__ygk_like.ygkLike
              6       59.465936      0.79282077          13.33547           12.065954      0.75683468     -0.48591451       4.9827364        4.9827364        108.9664               108.9664
              5       61.427267      0.79282077         13.336969           12.070877      0.75615484      -0.4742872       4.9827364        4.9827364       112.88906              112.88906
              3       60.834485      0.79282077         13.337866           12.069776      0.75775247     -0.47410171       4.9827364        4.9827364        111.7035               111.7035
              3        62.32711      0.79282077         13.338227           12.072198      0.75730672     -0.46693686       4.9827364        4.9827364       114.68875              114.68875
              4       59.211084      0.79282077         13.335593           12.062296      0.74704659     -0.48490933       4.9827364        4.9827364        108.4567               108.4567
              1       60.104941      0.79282077         13.341629           12.059747      0.74678585     -0.48223407       4.9827364        4.9827364       110.24441              110.24441
              7       59.987455      0.79282077         13.344967           12.064702      0.74665537      -0.5079761       4.9827364        4.9827364       110.00944              110.00944
              2       59.456125      0.79282077         13.344497           12.066343      0.74645484     -0.50025222       4.9827364        4.9827364       108.94678              108.94678
              1       59.071782      0.79282077         13.334187           12.062738      0.75238961      -0.4990799       4.9827364        4.9827364       108.17809              108.17809
              9        58.50701      0.79282077         13.343129           12.064203       0.7579644     -0.50491128       4.9827364        4.9827364       107.04855              107.04855
              2       58.496418      0.79286629         13.343129           12.064203       0.7579644     -0.50491128       4.9827364        4.9827364       107.02736              107.02736
              2       58.890587      0.79286629         13.346754           12.063952      0.75983028     -0.50862581       4.9827364        4.9827364        107.8157               107.8157
              5       58.849782      0.79286629          13.35295           12.069482      0.75404008     -0.49757176       4.9827364        4.9827364       107.73409              107.73409
              2       59.218933      0.79286629          13.34813           12.066069      0.75000601     -0.48891715       4.9827364        4.9827364       108.47239              108.47239
              5        58.79065      0.79286629         13.349911           12.069519      0.75296243     -0.48663387       4.9827364        4.9827364       107.61583              107.61583
              1        58.79913      0.79286629         13.349966           12.069466      0.75299035     -0.48665632       4.9827364        4.9827364       107.63279              107.63279
              1       58.852452      0.79286629         13.350395           12.069243      0.75132494     -0.48862938       4.9827364        4.9827364       107.73943              107.73943
              2       58.516215      0.79286629         13.352012           12.073095      0.75372238     -0.49706408       4.9827364        4.9827364       107.06696              107.06696
              2       58.605798      0.79286629         13.357686            12.07703      0.75186395     -0.48763785       4.9827364        4.9827364       107.24612              107.24612
              1       59.101088      0.79286629         13.356727           12.077307      0.75071839     -0.50414768       4.9827364        4.9827364        108.2367               108.2367
              4       58.355577      0.79286629         13.360073           12.078023       0.7565499     -0.50649578       4.9827364        4.9827364       106.74568              106.74568
              1        58.98952      0.79286629         13.366042           12.077519       0.7536396     -0.49984538       4.9827364        4.9827364       108.01357              108.01357
              6       59.157911      0.79286629         13.359983           12.074368      0.75132618     -0.48309649       4.9827364        4.9827364       108.35035              108.35035
              5       58.734187      0.79286629         13.362261           12.077465      0.75152785     -0.48713287       4.9827364        4.9827364        107.5029               107.5029
              1       59.845879      0.79286629         13.366681            12.07659        0.746845     -0.48864581       4.9827364        4.9827364       109.72628              109.72628
              8       59.977732      0.79286629          13.36512           12.075447      0.74566538     -0.48962909       4.9827364        4.9827364       109.98999              109.98999
              4       59.056758      0.79286629         13.363254           12.077662      0.74798039     -0.49469176       4.9827364        4.9827364       108.14804              108.14804
              2       60.769858      0.79286629         13.368163           12.075016      0.74842314     -0.48876891       4.9827364        4.9827364       111.57424              111.57424
              1       60.954067      0.79286629         13.367106           12.073684       0.7523312     -0.48881132       4.9827364        4.9827364       111.94266              111.94266
              3       61.090641      0.79286629         13.366445           12.073078      0.75194916     -0.48758959       4.9827364        4.9827364       112.21581              112.21581
              1       61.596771      0.79286629         13.367007            12.07564      0.73815545     -0.49623736       4.9827364        4.9827364       113.22807              113.22807
              2       61.685995      0.79286629         13.364377           12.074604      0.73887186     -0.50272029       4.9827364        4.9827364       113.40652              113.40652
              2        61.83401      0.79286629         13.365293           12.080692      0.73867197     -0.50947634       4.9827364        4.9827364       113.70255              113.70255
              1       58.232339      0.79286629         13.362391           12.081978      0.76062489     -0.50901489       4.9827364        4.9827364       106.49921              106.49921
              3       58.447794      0.79286629         13.360814           12.081659      0.76044547     -0.51099658       4.9827364        4.9827364       106.93012              106.93012
              1       58.504922      0.79286629         13.371644           12.081013      0.76801003     -0.52887272       4.9827364        4.9827364       107.04437              107.04437
              4       58.125643      0.79286629         13.369273            12.07988      0.77709809     -0.51907151       4.9827364        4.9827364       106.28581              106.28581
              3       57.670982      0.79286629         13.362424           12.077001      0.77518543     -0.52231563       4.9827364        4.9827364       105.37649              105.37649
              5       57.670496      0.79286629         13.362404           12.077005      0.77519712     -0.52219353       4.9827364        4.9827364       105.37552              105.37552
              5       58.065454      0.79286629          13.36215           12.074802      0.77529254     -0.52502836       4.9827364        4.9827364       106.16544              106.16544
              1       58.130983      0.79286629         13.363138           12.075149      0.77491631     -0.52728275       4.9827364        4.9827364       106.29649              106.29649
              5       57.843586      0.79286629         13.360224            12.07439      0.77600803     -0.53216312       4.9827364        4.9827364        105.7217               105.7217
              1       57.547045       0.7944688         13.360224            12.07439      0.77600803     -0.53216312       4.9827364        4.9827364       105.12862              105.12862
              2       58.564806       0.7944688         13.362301            12.07248      0.77258837     -0.52256914       4.9827364        4.9827364       107.16414              107.16414
              1       59.445262       0.7944688         13.364979           12.072707      0.77566712     -0.52031873       4.9827364        4.9827364       108.92505              108.92505
              2       59.010718       0.7944688         13.368872           12.075462      0.77299029     -0.52531256       4.9827364        4.9827364       108.05596              108.05596
              1       58.536416       0.7944688         13.354722           12.077929      0.77487952     -0.51121768       4.9827364        4.9827364       107.10736              107.10736
              4       58.723268       0.7944688         13.354083           12.078721      0.76412099     -0.50856931       4.9827364        4.9827364       107.48106              107.48106
              1       58.715452       0.7944688         13.354156           12.078734      0.76406417     -0.50824075       4.9827364        4.9827364       107.46543              107.46543
              2       58.157096       0.7944688         13.356571           12.078523      0.76605631     -0.50899382       4.9827364        4.9827364       106.34872              106.34872
              1       57.999556       0.7944688         13.360605           12.075301       0.7601462     -0.51618454       4.9827364        4.9827364       106.03364              106.03364
              3       58.011956       0.7944688         13.363952           12.081427      0.76018742     -0.51607077       4.9827364        4.9827364       106.05844              106.05844
              3       57.918594       0.7944688         13.364498           12.081131      0.76093664     -0.51757678       4.9827364        4.9827364       105.87171              105.87171
              5       58.111249       0.7944688         13.365679           12.080346      0.76288172     -0.52887232       4.9827364        4.9827364       106.25703              106.25703
              2       58.414915       0.7944688          13.36708           12.078899      0.75544458     -0.51397649       4.9827364        4.9827364       106.86436              106.86436
              2       60.341205       0.7944688         13.360505           12.086527      0.75906253      -0.5013147       4.9827364        4.9827364       110.71694              110.71694
              1       60.651766       0.7944688         13.360444           12.086905      0.75776835      -0.5015865       4.9827364        4.9827364       111.33806              111.33806
              1       60.620861       0.7944688          13.36048           12.086885      0.75770189     -0.50046479       4.9827364        4.9827364       111.27625              111.27625
              5       61.215797       0.7944688         13.391656           12.087635      0.75669152     -0.50462642       4.9827364        4.9827364       112.46612              112.46612
              1       57.747552       0.7944688         13.385946           12.093126      0.77028134     -0.50955396       4.9827364        4.9827364       105.52963              105.52963
              2       58.941928       0.7944688         13.383272           12.087838      0.77166488     -0.50546892       4.9827364        4.9827364       107.91838              107.91838
              1       57.770253       0.7944688          13.38956           12.094876      0.77187979     -0.51210247       4.9827364        4.9827364       105.57503              105.57503
             11       58.199642       0.7944688         13.390815           12.094632      0.77183751      -0.5083829       4.9827364        4.9827364       106.43381              106.43381
              4       57.953888       0.7944688          13.39017           12.093707       0.7700542     -0.51387645       4.9827364        4.9827364        105.9423               105.9423
              4       59.033116       0.7944688         13.389493           12.103185      0.75582709     -0.49432281       4.9827364        4.9827364       108.10076              108.10076
              2       58.664514       0.7944688         13.386526           12.097102      0.74713262     -0.48341528       4.9827364        4.9827364       107.36356              107.36356
              5       59.219929       0.7944688         13.387294           12.098402       0.7435146     -0.49121527       4.9827364        4.9827364       108.47438              108.47438
              3       58.744641       0.7944688         13.366323           12.083439      0.74788487     -0.48203602       4.9827364        4.9827364       107.52381              107.52381
              3       58.669302       0.7944688         13.366858           12.082779      0.74815129     -0.48184421       4.9827364        4.9827364       107.37313              107.37313
              1        58.68162       0.7944688         13.366602           12.082342       0.7475475     -0.48165902       4.9827364        4.9827364       107.39777              107.39777
              9       58.739092       0.7944688         13.370562            12.08395       0.7443692     -0.48602318       4.9827364        4.9827364       107.51271              107.51271
              3       58.343794       0.7944688         13.372409           12.084105      0.75146078     -0.50250549       4.9827364        4.9827364       106.72211              106.72211
              1       58.585763       0.7944688         13.374273           12.091109      0.76033659     -0.51802083       4.9827364        4.9827364       107.20605              107.20605
              1       58.278886       0.7944688         13.376015           12.090746      0.75999373     -0.51862392       4.9827364        4.9827364        106.5923               106.5923
              5       58.228984      0.79860444         13.376015           12.090746      0.75999373     -0.51862392       4.9827364        4.9827364        106.4925               106.4925
              1       58.409901      0.79860444         13.374782           12.090565      0.76201467     -0.52426831       4.9827364        4.9827364       106.85433              106.85433
              2       57.548572      0.79860444         13.375797           12.087911      0.76445529     -0.52131792       4.9827364        4.9827364       105.13167              105.13167
              2        58.39116      0.79860444         13.373853           12.089855      0.76425929     -0.53094393       4.9827364        4.9827364       106.81685              106.81685
              4       57.196031      0.79860444         13.378537           12.086806      0.76762309     -0.53746514       4.9827364        4.9827364       104.42659              104.42659
              2       57.652947      0.79860444         13.371887           12.078253      0.76915968     -0.54152924       4.9827364        4.9827364       105.34042              105.34042
              1       59.102888      0.79860444         13.368569            12.08177      0.76367066     -0.55772364       4.9827364        4.9827364        108.2403               108.2403
              2       58.098199      0.79860444         13.358745           12.075364      0.76446724     -0.54754662       4.9827364        4.9827364       106.23093              106.23093
              1       58.525195      0.79685883         13.358745           12.075364      0.76446724     -0.54754662       4.9827364        4.9827364       107.08492              107.08492
              1       58.750965      0.79685883         13.359367           12.076779      0.75959831     -0.54005857       4.9827364        4.9827364       107.53646              107.53646
              4       58.765311      0.79685883         13.359405           12.076581      0.75943133     -0.54035638       4.9827364        4.9827364       107.56515              107.56515
              2       59.214268      0.79685883         13.354672           12.065273      0.75591757     -0.53091021       4.9827364        4.9827364       108.46306              108.46306
              2       58.056985      0.79685883         13.335592           12.058204      0.76014728     -0.53014348       4.9827364        4.9827364        106.1485               106.1485
              7       58.301715      0.79685883         13.337533           12.055628      0.76435763      -0.5248484       4.9827364        4.9827364       106.63796              106.63796
              8        57.76465      0.79685883         13.333303           12.057177      0.76841334     -0.52941249       4.9827364        4.9827364       105.56383              105.56383
              4       57.960036      0.79685883         13.334622           12.060748      0.76913819     -0.53409199       4.9827364        4.9827364        105.9546               105.9546
              6        59.73737      0.79685883         13.335052           12.052096      0.77314327     -0.52030027       4.9827364        4.9827364       109.50927              109.50927
              4       59.914794      0.79685883         13.327334           12.050353      0.77493522     -0.51300953       4.9827364        4.9827364       109.86411              109.86411
              1       58.138953      0.79685883         13.336555           12.059875      0.76327143     -0.53791609       4.9827364        4.9827364       106.31243              106.31243
              6       58.038155      0.79685883         13.338871           12.059272      0.75946626      -0.5282811       4.9827364        4.9827364       106.11084              106.11084
              1        58.46794      0.79685883         13.346753           12.062373      0.76739194     -0.54971529       4.9827364        4.9827364       106.97041              106.97041
              1       57.492319      0.79685883          13.35606           12.071648      0.76998542      -0.5268216       4.9827364        4.9827364       105.01917              105.01917
              1       57.403086      0.79685883         13.359494           12.076318      0.77416489     -0.53074391       4.9827364        4.9827364        104.8407               104.8407
              5        58.15028      0.79685883         13.355972           12.076587        0.777828     -0.52618432       4.9827364        4.9827364       106.33509              106.33509
             11       58.069365      0.79685883         13.355902           12.076017      0.77759753     -0.52581265       4.9827364        4.9827364       106.17326              106.17326
              1       59.578732      0.79685883         13.365283           12.075887       0.7730966     -0.50626151       4.9827364        4.9827364       109.19199              109.19199
              1       59.971352      0.79685883         13.365658            12.07467      0.77327118     -0.50685313       4.9827364        4.9827364       109.97723              109.97723
              1       58.970031      0.79685883         13.370461            12.07724      0.77257292     -0.51664491       4.9827364        4.9827364       107.97459              107.97459
              3       58.368996      0.79685883         13.368869            12.07631      0.76939994     -0.52105761       4.9827364        4.9827364       106.77252              106.77252
              2       57.856323      0.79685883         13.366736           12.083748      0.76679949     -0.51677026       4.9827364        4.9827364       105.74717              105.74717
              3       58.588761      0.79685883         13.367868           12.086937       0.7664978     -0.53155616       4.9827364        4.9827364       107.21205              107.21205
              4       58.326352      0.79685883         13.362658           12.082534       0.7692342      -0.5371749       4.9827364        4.9827364       106.68723              106.68723
              7       57.223397      0.79685883         13.367166           12.079246      0.77555749     -0.53855637       4.9827364        4.9827364       104.48132              104.48132
              1       57.417328      0.79685883         13.366365           12.082539      0.77623022     -0.53564283       4.9827364        4.9827364       104.86918              104.86918
              1       59.549197      0.79685883         13.364272           12.076347      0.77421703      -0.5727532       4.9827364        4.9827364       109.13292              109.13292
              2       58.390657      0.79685883         13.359819           12.072201      0.78090849     -0.57043395       4.9827364        4.9827364       106.81584              106.81584
              2        60.50847      0.81065795         13.359819           12.072201      0.78090849     -0.57043395       4.9827364        4.9827364       111.05147              111.05147
              1       60.419931      0.81065795         13.363223           12.071234      0.77897569     -0.56134072       4.9827364        4.9827364       110.87439              110.87439
              1       58.161436      0.79818319         13.363223           12.071234      0.77897569     -0.56134072       4.9827364        4.9827364        106.3574               106.3574
              2       57.539286      0.79818319         13.361218           12.072368       0.7792063     -0.55766055       4.9827364        4.9827364        105.1131               105.1131
              5       57.592294      0.79818319         13.360882            12.07188      0.77881942     -0.55769403       4.9827364        4.9827364       105.21912              105.21912
             10       57.337049      0.79818319         13.359083            12.07552      0.78102721     -0.55010252       4.9827364        4.9827364       104.70863              104.70863
              5       57.264891      0.79818319         13.361012           12.074038      0.77950268     -0.55040823       4.9827364        4.9827364       104.56431              104.56431
              2       57.162925      0.79818319         13.371887           12.082571      0.78225136     -0.55475453       4.9827364        4.9827364       104.36038              104.36038
              7       57.367195      0.79818319         13.371488           12.084172      0.77034851     -0.54243004       4.9827364        4.9827364       104.76892              104.76892
              1        57.24253      0.79818319         13.372873           12.084867      0.77141785     -0.54009239       4.9827364        4.9827364       104.51959              104.51959
              1       57.261069      0.79818319         13.372828           12.085001      0.77120087     -0.53974754       4.9827364        4.9827364       104.55666              104.55666
              1       57.463341      0.79818319          13.36427           12.079114       0.7707457     -0.52779945       4.9827364        4.9827364       104.96121              104.96121
              3       57.778237      0.79818319          13.35541           12.072706      0.78014211     -0.56438001       4.9827364        4.9827364         105.591                105.591
              2       58.319009      0.79818319         13.354146           12.075558        0.783308     -0.56190013       4.9827364        4.9827364       106.67255              106.67255
              2       58.411873      0.79818319         13.354385           12.075993      0.78334419      -0.5620316       4.9827364        4.9827364       106.85827              106.85827
              4        57.71828      0.79818319         13.356767           12.073972      0.78587239     -0.56866987       4.9827364        4.9827364       105.47109              105.47109
              1       57.741977      0.79818319         13.362293           12.073311      0.78820523     -0.57269938       4.9827364        4.9827364       105.51848              105.51848
              2       57.866439      0.79818319         13.361023            12.07148      0.79054364     -0.57304648       4.9827364        4.9827364        105.7674               105.7674
              1       57.804208      0.79818319         13.357145           12.073337      0.78835551     -0.57436422       4.9827364        4.9827364       105.64294              105.64294
              4       58.175196      0.79818319         13.356585            12.06647       0.7811241     -0.55844894       4.9827364        4.9827364       106.38492              106.38492
              6       58.580458      0.79818319         13.357343           12.065779      0.78050706     -0.55932261       4.9827364        4.9827364       107.19544              107.19544
              1       57.962635      0.79818319         13.346131           12.066875      0.79264202     -0.55750879       4.9827364        4.9827364        105.9598               105.9598
              1       57.643316      0.79668576         13.346131           12.066875      0.79264202     -0.55750879       4.9827364        4.9827364       105.32116              105.32116
              3       58.324216      0.79668576         13.347015           12.071665      0.79316716     -0.56127321       4.9827364        4.9827364       106.68296              106.68296
              1       57.573027      0.79668576         13.348751           12.068758      0.79123761     -0.55541513       4.9827364        4.9827364       105.18058              105.18058
              4       58.043159      0.79668576         13.343661           12.067089      0.78394881     -0.56229976       4.9827364        4.9827364       106.12085              106.12085
              2       58.531188      0.79668576         13.342506           12.067473      0.78201198     -0.56295855       4.9827364        4.9827364        107.0969               107.0969
              2        59.55428      0.79668576         13.343405           12.055275      0.77790546     -0.54945879       4.9827364        4.9827364       109.14309              109.14309
              3       59.187129      0.79668576         13.341208           12.055334      0.78028559     -0.54122536       4.9827364        4.9827364       108.40878              108.40878
              2       59.906361      0.79668576         13.346963           12.058172      0.77533862     -0.52944577       4.9827364        4.9827364       109.84725              109.84725
              1       59.386595      0.79668576         13.342199           12.058534       0.7764408     -0.52051973       4.9827364        4.9827364       108.80772              108.80772
              1       58.006647      0.79668576         13.340037           12.060171      0.77046526     -0.52245012       4.9827364        4.9827364       106.04782              106.04782
              1       57.970315      0.79668576         13.340244            12.06418      0.77154898     -0.52319559       4.9827364        4.9827364       105.97516              105.97516
              2       57.992887      0.79668576          13.33864           12.063871       0.7723489     -0.52696351       4.9827364        4.9827364        106.0203               106.0203
              2       57.641994      0.79668576         13.341072           12.060498      0.77294829     -0.53988245       4.9827364        4.9827364       105.31851              105.31851
              3       59.662823      0.79668576         13.339081           12.052527      0.76628356     -0.53429439       4.9827364        4.9827364       109.36017              109.36017
              1       58.617434      0.79668576         13.337048           12.054963      0.76262342     -0.53794505       4.9827364        4.9827364       107.26939              107.26939
              3       58.822053      0.79616286         13.337048           12.054963      0.76262342     -0.53794505       4.9827364        4.9827364       107.67863              107.67863
              1       58.641318      0.79616286         13.329998           12.057102      0.77165434     -0.55275227       4.9827364        4.9827364       107.31716              107.31716
              1       57.943137      0.79616286         13.340106           12.063493       0.7808997     -0.55872305       4.9827364        4.9827364        105.9208               105.9208
              8       57.592648      0.79616286         13.342566           12.065417       0.7800039     -0.53937571       4.9827364        4.9827364       105.21982              105.21982
              3       57.652772      0.79616286         13.343335           12.065513      0.77936153     -0.53484141       4.9827364        4.9827364       105.34007              105.34007
              7       57.850686      0.79616286         13.339713           12.062933      0.77551222      -0.5272023       4.9827364        4.9827364        105.7359               105.7359
              9       57.508325      0.79616286         13.342169           12.064255      0.77768294     -0.54147584       4.9827364        4.9827364       105.05118              105.05118
              1       58.390669      0.79616286         13.349085           12.062317      0.78031903     -0.54593516       4.9827364        4.9827364       106.81587              106.81587
             10       57.765642      0.79616286         13.349004           12.065131      0.77935376     -0.55361281       4.9827364        4.9827364       105.56581              105.56581
              1       59.422305      0.79616286         13.345558           12.073468      0.76768019      -0.5315476       4.9827364        4.9827364       108.87914              108.87914
              2       57.578563      0.79616286           13.3541           12.070047      0.76771032     -0.52609016       4.9827364        4.9827364       105.19165              105.19165
              4       57.992945      0.79616286         13.354682            12.06812      0.76695935     -0.53455413       4.9827364        4.9827364       106.02042              106.02042
              7       57.956908      0.79616286         13.351958           12.068209       0.7662673      -0.5397122       4.9827364        4.9827364       105.94834              105.94834
              2       57.724383      0.79616286         13.347483           12.063904      0.77639061      -0.5435343       4.9827364        4.9827364       105.48329              105.48329
              2       57.680025      0.79616286         13.351492            12.06966      0.77496951       -0.550035       4.9827364        4.9827364       105.39458              105.39458
              2       57.474453      0.79616286         13.352258           12.070425      0.77568337     -0.54605756       4.9827364        4.9827364       104.98343              104.98343
              2       57.501859      0.79616286         13.351717           12.070843       0.7759791     -0.54617357       4.9827364        4.9827364       105.03824              105.03824
              6       58.796057      0.79616286         13.348958           12.072865      0.77275891     -0.55032364       4.9827364        4.9827364       107.62664              107.62664
             11       58.014113      0.79616286         13.347439           12.066202      0.77287494     -0.55216879       4.9827364        4.9827364       106.06275              106.06275
              1       57.599372      0.79616286         13.337854           12.060858      0.77474301     -0.53697857       4.9827364        4.9827364       105.23327              105.23327
              4       57.621678      0.79616286         13.338026           12.059977      0.77905665     -0.53990871       4.9827364        4.9827364       105.27788              105.27788
              3       57.617088      0.79616286         13.337331           12.061196      0.77697157     -0.53918709       4.9827364        4.9827364        105.2687               105.2687
              2        57.70269      0.79616286         13.341493              12.061      0.77932031     -0.53939086       4.9827364        4.9827364       105.43991              105.43991
              2       57.912017      0.79393402         13.341493              12.061      0.77932031     -0.53939086       4.9827364        4.9827364       105.85856              105.85856
              1       59.691352      0.79393402         13.331708           12.059106      0.78378102     -0.51148562       4.9827364        4.9827364       109.41723              109.41723
              5       58.796183      0.79393402         13.317848            12.04826      0.75807196     -0.51743266       4.9827364        4.9827364       107.62689              107.62689
              2       59.358923      0.79393402         13.318118           12.046294      0.75287277     -0.51667747       4.9827364        4.9827364       108.75237              108.75237
              2       60.104973      0.79393402         13.325571           12.046736      0.75369653     -0.50005104       4.9827364        4.9827364       110.24447              110.24447
              1        59.31749      0.79393402         13.316574            12.04378      0.75692462     -0.49959992       4.9827364        4.9827364       108.66951              108.66951
              2       59.878327      0.79393402         13.314574           12.044921      0.75329765     -0.52547116       4.9827364        4.9827364       109.79118              109.79118
              4       60.067012      0.79393402         13.315335           12.042716      0.75342439     -0.52616642       4.9827364        4.9827364       110.16855              110.16855
              2       59.018349      0.79393402         13.312651           12.047222      0.76138346     -0.52158324       4.9827364        4.9827364       108.07123              108.07123
              4       58.570109      0.79393402         13.316099           12.046202       0.7634921     -0.52414145       4.9827364        4.9827364       107.17474              107.17474
              1       58.634557      0.79971127         13.316099           12.046202       0.7634921     -0.52414145       4.9827364        4.9827364       107.30364              107.30364
