#        weight    minuslogpost          sigma8        ygk_Ahmc ygk_LOWZ__4_lM1_0 ygk_LOWZ__4_lMmin_0   ygk_mass_bias       ygk_rhogy   minuslogprior minuslogprior__0            chi2 chi2__ygk_like.ygkLike
              2       68.811985      0.78213733      0.99415534         13.424933           12.164384      0.75504906     -0.50902716       5.6245903        5.6245903       126.37479              126.37479
              3       59.944092      0.78213733        1.020281         13.428495           12.155223      0.75692104     -0.47393308       5.6245903        5.6245903         108.639                108.639
              2       59.818048      0.78213733       1.0304155         13.408847           12.149986      0.76839938      -0.4814166       5.6245903        5.6245903       108.38692              108.38692
             10       57.974717      0.78213733       1.0592885         13.411423           12.149502      0.77046226     -0.45361627       5.6245903        5.6245903       104.70025              104.70025
              2           57.49      0.78213733       1.0538999         13.408074           12.146634      0.77521319     -0.45115359       5.6245903        5.6245903       103.73082              103.73082
              4       57.062454      0.78213733       1.0337532          13.41126           12.147842      0.78415936     -0.48722047       5.6245903        5.6245903       102.87573              102.87573
              1       57.743182      0.78213733       1.0392876         13.410796           12.149473      0.78541103     -0.48901535       5.6245903        5.6245903       104.23718              104.23718
              3          57.467      0.78213733       1.0480874         13.423677             12.1491      0.77824686     -0.49653781       5.6245903        5.6245903       103.68482              103.68482
              2       57.587419      0.78213733       1.0424185         13.422959           12.149491      0.77715424     -0.49499455       5.6245903        5.6245903       103.92566              103.92566
              2       58.069627      0.78213733       1.0421967         13.421815           12.147721      0.77633383     -0.49847039       5.6245903        5.6245903       104.89007              104.89007
              1       56.870277      0.78213733       1.0392785         13.427753           12.153854      0.77792914     -0.48309304       5.6245903        5.6245903       102.49137              102.49137
              7       56.182378      0.78213733       1.0433147         13.424622           12.151153      0.78393826     -0.47567621       5.6245903        5.6245903       101.11558              101.11558
              3       58.414634      0.78213733       1.0346175         13.419528           12.157071      0.78571248     -0.47858978       5.6245903        5.6245903       105.58009              105.58009
              4       58.563423      0.78213733       1.0225239         13.432959           12.165099      0.79083195     -0.45871624       5.6245903        5.6245903       105.87766              105.87766
              2       57.284808      0.78213733       1.0148519         13.435642           12.162326      0.79368498     -0.46646137       5.6245903        5.6245903       103.32043              103.32043
              4       57.365896      0.78213733       1.0197118          13.43639             12.1623      0.79599574     -0.46679691       5.6245903        5.6245903       103.48261              103.48261
              2       57.842397      0.78213733       1.0260641         13.441275           12.168729      0.79243612     -0.46541183       5.6245903        5.6245903       104.43561              104.43561
              4       57.215944      0.78213733       1.0160071         13.440461           12.164187      0.77785293     -0.47340052       5.6245903        5.6245903       103.18271              103.18271
              2        57.17565      0.78213733       1.0131296         13.436727           12.162417      0.77820285     -0.44638268       5.6245903        5.6245903       103.10212              103.10212
              2       57.196695      0.78213733       1.0148984         13.438584            12.16403      0.77652035     -0.44465755       5.6245903        5.6245903       103.14421              103.14421
              1       57.305246      0.78213733       1.0246323         13.439971           12.159934      0.78482691     -0.45263542       5.6245903        5.6245903       103.36131              103.36131
             12       56.909151      0.78213733        1.037928         13.444923           12.162616      0.78174419     -0.45131731       5.6245903        5.6245903       102.56912              102.56912
              1       56.555182      0.78213733       1.0489019         13.433778           12.154568      0.77185943     -0.45638548       5.6245903        5.6245903       101.86118              101.86118
              6       56.913884      0.78213733       1.0492729         13.437545           12.160462      0.76061579     -0.43844035       5.6245903        5.6245903       102.57859              102.57859
              2       56.984595      0.78213733       1.0506642         13.439586           12.159796       0.7593961     -0.43874016       5.6245903        5.6245903       102.72001              102.72001
              2       57.087547      0.78213733       1.0578455         13.437473           12.157789      0.75963274     -0.44895571       5.6245903        5.6245903       102.92591              102.92591
              1       57.115458      0.78213733       1.0568748          13.43742           12.157602      0.75955909     -0.44870957       5.6245903        5.6245903       102.98174              102.98174
              1        56.72428      0.78213733       1.0520592          13.44143           12.162018      0.76449214      -0.4449555       5.6245903        5.6245903       102.19938              102.19938
              1       56.778356      0.78213733       1.0517729         13.440933           12.162537      0.76438306     -0.44506793       5.6245903        5.6245903       102.30753              102.30753
              1       56.691632      0.78213733       1.0452668           13.4364           12.158153      0.77592852     -0.47410746       5.6245903        5.6245903       102.13408              102.13408
              2       56.740366      0.78213733       1.0450717         13.436621           12.158262      0.77570272     -0.47462648       5.6245903        5.6245903       102.23155              102.23155
              1       57.320653      0.78213733       1.0505663         13.442983           12.160271      0.77246586     -0.47645899       5.6245903        5.6245903       103.39213              103.39213
              2        56.52778      0.78213733       1.0461557         13.447855           12.164834       0.7827373     -0.47458387       5.6245903        5.6245903       101.80638              101.80638
              2       55.794956      0.78213733        1.082499         13.445101           12.160185       0.7900807     -0.47613021       5.6245903        5.6245903       100.34073              100.34073
              4       55.530884      0.78213733       1.0974571         13.444411            12.15993      0.78793045     -0.48370769       5.6245903        5.6245903       99.812587              99.812587
              1       56.432477      0.78213733       1.1006261          13.44541           12.165701      0.79151592     -0.48266181       5.6245903        5.6245903       101.61577              101.61577
              2       56.198623      0.78213733       1.1010385          13.45184           12.168462      0.78476774     -0.47690237       5.6245903        5.6245903       101.14807              101.14807
