#        weight    minuslogpost          sigma8        ygk_Ahmc ygk_LOWZ__4_lM1_0 ygk_LOWZ__4_lMmin_0   ygk_mass_bias       ygk_rhogy   minuslogprior minuslogprior__0            chi2 chi2__ygk_like.ygkLike
              3       128.72117      0.81717888      0.96303474         13.416406           12.081795      0.72399687     -0.50079189       5.6245903        5.6245903       246.19316              246.19316
              1       116.55505      0.81717888      0.95886971         13.412221           12.084582      0.72531373     -0.50298081       5.6245903        5.6245903       221.86092              221.86092
              3       99.383155      0.81717888      0.96830599         13.411197           12.090819      0.71810466     -0.49869216       5.6245903        5.6245903       187.51713              187.51713
              1       97.133085      0.81979997      0.96830599         13.411197           12.090819      0.71810466     -0.49869216       5.6245903        5.6245903       183.01699              183.01699
              1       88.872021      0.81979997      0.97821764         13.408413           12.093134      0.72258174     -0.49883408       5.6245903        5.6245903       166.49486              166.49486
              2       77.622323      0.81979997      0.95624899         13.405509            12.10272      0.72803569     -0.49153833       5.6245903        5.6245903       143.99547              143.99547
              1       74.163913      0.81979997      0.95860587         13.402969           12.103917      0.72458828     -0.48447129       5.6245903        5.6245903       137.07865              137.07865
              5       68.669355      0.81979997      0.95160585         13.404247           12.112664      0.72612859     -0.48488262       5.6245903        5.6245903       126.08953              126.08953
              1        69.96992      0.81979997      0.95909511          13.40571           12.114456      0.72446003      -0.4667402       5.6245903        5.6245903       128.69066              128.69066
              2        70.01412      0.81979997      0.95917474         13.406381            12.11511      0.72457664     -0.46600647       5.6245903        5.6245903       128.77906              128.77906
              1       68.760176      0.81979997       0.9885739         13.405609           12.116521       0.7314307     -0.47576622       5.6245903        5.6245903       126.27117              126.27117
              1       68.663518      0.79785491       0.9885739         13.405609           12.116521       0.7314307     -0.47576622       5.6245903        5.6245903       126.07786              126.07786
              2       66.741004      0.79785491       1.0059102         13.401704           12.113922      0.72263679     -0.44851527       5.6245903        5.6245903       122.23283              122.23283
              1        64.17342      0.79785491       1.0070319         13.399112           12.115044      0.72179439     -0.44632266       5.6245903        5.6245903       117.09766              117.09766
              2       60.209785      0.79785491       1.0047905         13.397154           12.119786      0.72864325     -0.45361201       5.6245903        5.6245903       109.17039              109.17039
              1        60.60402      0.79785491      0.99940171         13.395974           12.119105      0.72748075     -0.45682776       5.6245903        5.6245903       109.95886              109.95886
              1       60.216639      0.79785491      0.99785062         13.397069           12.120979      0.72656403     -0.45609755       5.6245903        5.6245903        109.1841               109.1841
              3       60.023232      0.79785491       1.0022256         13.397135           12.121625      0.72498048     -0.46178248       5.6245903        5.6245903       108.79728              108.79728
              3       62.178377      0.79785491      0.99335246         13.390459           12.116809      0.72421325     -0.48405794       5.6245903        5.6245903       113.10757              113.10757
              4       60.274183      0.79785491       1.0034122         13.386527           12.115902      0.72806576     -0.48309797       5.6245903        5.6245903       109.29918              109.29918
              8       59.219697      0.79785491      0.99931329          13.37992           12.113425      0.73582005     -0.48577084       5.6245903        5.6245903       107.19021              107.19021
              2       58.754688      0.79785491      0.99834898         13.379317            12.11714      0.73547426     -0.47990305       5.6245903        5.6245903        106.2602               106.2602
              3       58.690978      0.79785491      0.99865553         13.379222           12.117167      0.73624131     -0.47975065       5.6245903        5.6245903       106.13278              106.13278
              1       58.689089      0.79785491       1.0000112         13.378718           12.114661      0.73615911     -0.48028688       5.6245903        5.6245903         106.129                106.129
              4       59.071884      0.79785491      0.98301785         13.370076           12.113345      0.73612726     -0.46614986       5.6245903        5.6245903       106.89459              106.89459
              4       59.109383      0.79785491      0.98788986         13.375579           12.111523      0.75140559      -0.5015208       5.6245903        5.6245903       106.96959              106.96959
              5       58.892819      0.79785491      0.98530542         13.373027           12.112837      0.75178492     -0.50194284       5.6245903        5.6245903       106.53646              106.53646
              2       59.120653      0.79785491       1.0034632         13.375449           12.109378      0.75306491     -0.51073608       5.6245903        5.6245903       106.99213              106.99213
              5       59.083483      0.79785491       1.0039117           13.3752           12.109268      0.75270506     -0.51012118       5.6245903        5.6245903       106.91778              106.91778
              4       59.306397      0.79785491      0.99914676         13.369955           12.104855       0.7439255     -0.48308334       5.6245903        5.6245903       107.36361              107.36361
              5       59.221534      0.79846365      0.99914676         13.369955           12.104855       0.7439255     -0.48308334       5.6245903        5.6245903       107.19389              107.19389
              1       59.282075      0.79846365      0.99956567         13.370371           12.105065      0.74666497     -0.48013996       5.6245903        5.6245903       107.31497              107.31497
              2          59.164      0.79846365      0.98991208         13.360122           12.102958        0.747571     -0.47574093       5.6245903        5.6245903       107.07882              107.07882
              3       59.060556      0.79846365       1.0010604         13.359661           12.104431      0.74722664      -0.4735046       5.6245903        5.6245903       106.87193              106.87193
              4       59.833172      0.79846365        1.001027         13.359633           12.108664      0.74389728     -0.48656644       5.6245903        5.6245903       108.41716              108.41716
              4       58.583289      0.79846365       1.0381485         13.360591           12.102316      0.74660767     -0.46725995       5.6245903        5.6245903        105.9174               105.9174
