#        weight    minuslogpost ygk_LOWZ__2_lM1_0 ygk_LOWZ__2_lMmin_0   ygk_mass_bias       ygk_rhogy   minuslogprior minuslogprior__0            chi2 chi2__ygk_like.ygkLike
              2       27.208455         13.198847           11.902589      0.74893918     -0.53321801       4.7203721        4.7203721       44.976167              44.976167
              1       27.218455         13.206592           11.908162      0.75393329     -0.53798933       4.7203721        4.7203721       44.996165              44.996165
              1       27.918937         13.198644           11.905205      0.76388964     -0.54392455       4.7203721        4.7203721        46.39713               46.39713
              1       27.476981         13.202433           11.899841      0.76751383     -0.54024598       4.7203721        4.7203721       45.513218              45.513218
              2       27.214282         13.204763           11.903125      0.76696557     -0.54238078       4.7203721        4.7203721       44.987819              44.987819
              1       28.676222         13.206986            11.89407      0.76139457     -0.55245016       4.7203721        4.7203721       47.911699              47.911699
              1       27.284326         13.202502            11.89602       0.7585343     -0.55361119       4.7203721        4.7203721       45.127908              45.127908
              2       27.311759         13.203165           11.896091      0.75815229     -0.55174219       4.7203721        4.7203721       45.182775              45.182775
              2       27.121848         13.202166           11.901671      0.75853572     -0.55152004       4.7203721        4.7203721       44.802952              44.802952
              2       27.095574         13.204321           11.902928      0.75995388     -0.55235809       4.7203721        4.7203721       44.750403              44.750403
              3       27.414268         13.208255           11.901656      0.75401972     -0.55419118       4.7203721        4.7203721       45.387793              45.387793
              1        28.51463         13.199845           11.903469      0.75694816     -0.55862898       4.7203721        4.7203721       47.588516              47.588516
              1       27.926142         13.200094           11.901157      0.75747168     -0.55970053       4.7203721        4.7203721       46.411541              46.411541
              1       29.378042         13.211911           11.910592      0.76288978     -0.57466576       4.7203721        4.7203721        49.31534               49.31534
              1       28.405576         13.211598           11.905011      0.76590942     -0.57703197       4.7203721        4.7203721       47.370408              47.370408
              2       28.879736         13.206377           11.900009      0.75793636     -0.57471705       4.7203721        4.7203721       48.318728              48.318728
              3       28.906016         13.207576           11.899595       0.7574786     -0.57448295       4.7203721        4.7203721       48.371288              48.371288
              4       30.466882         13.209952           11.908168      0.76062685     -0.58138324       4.7203721        4.7203721       51.493021              51.493021
              3       30.757858         13.209253           11.900468      0.74047607     -0.56718617       4.7203721        4.7203721       52.074972              52.074972
              1       31.868573         13.217047           11.909003      0.73819647     -0.56733932       4.7203721        4.7203721       54.296402              54.296402
              1       31.615091         13.218065            11.90859      0.74028307     -0.56961107       4.7203721        4.7203721       53.789438              53.789438
              2       29.634539         13.220814           11.907519      0.74527004     -0.56360352       4.7203721        4.7203721       49.828334              49.828334
              2       29.117427         13.220021           11.909731      0.74740069     -0.56250136       4.7203721        4.7203721       48.794111              48.794111
              1       27.520079         13.201508           11.897871      0.74361018     -0.54469902       4.7203721        4.7203721       45.599415              45.599415
              3       26.672578         13.199986           11.898803      0.74992565     -0.52757006       4.7203721        4.7203721       43.904413              43.904413
              1       27.050341         13.210793           11.903135      0.74864593     -0.52637347       4.7203721        4.7203721       44.659937              44.659937
              1       27.919291         13.215443           11.902747       0.7380837     -0.51493095       4.7203721        4.7203721       46.397838              46.397838
              1       28.294868         13.205921           11.894113      0.73006424     -0.51875641       4.7203721        4.7203721       47.148991              47.148991
              2        26.98572         13.196138           11.893076      0.73759888     -0.50786074       4.7203721        4.7203721       44.530695              44.530695
              3         27.1238         13.181818           11.886838      0.73738353     -0.49700978       4.7203721        4.7203721       44.806856              44.806856
              2       28.719767         13.189656           11.889974      0.73876977     -0.48483506       4.7203721        4.7203721       47.998791              47.998791
              1       29.826765         13.191204           11.894132      0.75043817     -0.49005572       4.7203721        4.7203721       50.212786              50.212786
              2       29.632541         13.185135           11.895719      0.75024196     -0.49103028       4.7203721        4.7203721       49.824338              49.824338
              2       30.006901         13.171482           11.886334      0.74954513     -0.48983734       4.7203721        4.7203721       50.573057              50.573057
              1       29.739722         13.169956           11.888585      0.74373669     -0.49298245       4.7203721        4.7203721         50.0387                50.0387
              3       30.629445         13.169066           11.889917      0.74418659     -0.49242791       4.7203721        4.7203721       51.818145              51.818145
              2       32.822447         13.167665           11.891677      0.74351271     -0.48024802       4.7203721        4.7203721        56.20415               56.20415
              2       32.194195         13.171849           11.891889      0.74062797     -0.46955287       4.7203721        4.7203721       54.947646              54.947646
              2       31.789741         13.172516           11.890605      0.74136554     -0.46958939       4.7203721        4.7203721       54.138739              54.138739
              4       32.068617         13.170622           11.888284      0.74185702     -0.46743766       4.7203721        4.7203721       54.696489              54.696489
              2       32.176419         13.169617           11.887166      0.74210126     -0.46688105       4.7203721        4.7203721       54.912093              54.912093
              2       27.898951         13.165783           11.880667      0.72166026     -0.47788719       4.7203721        4.7203721       46.357158              46.357158
              1       31.656239         13.162365            11.88479      0.70706168       -0.471657       4.7203721        4.7203721       53.871733              53.871733
              1       28.778909         13.175513           11.888281      0.70552957     -0.47034321       4.7203721        4.7203721       48.117074              48.117074
              7       28.285759         13.176126           11.881676      0.71123049     -0.45227769       4.7203721        4.7203721       47.130773              47.130773
              4       29.040021         13.176141           11.879941      0.71296724      -0.4493613       4.7203721        4.7203721       48.639298              48.639298
              1       28.898167         13.177654           11.891821      0.71090938     -0.45794011       4.7203721        4.7203721       48.355589              48.355589
              3       29.742059         13.175498           11.892601      0.71366019     -0.45790025       4.7203721        4.7203721       50.043374              50.043374
              1       29.821718         13.177138           11.893743      0.71463623     -0.45431932       4.7203721        4.7203721       50.202692              50.202692
              2       28.440026         13.186734           11.897215      0.71352304     -0.45951716       4.7203721        4.7203721       47.439308              47.439308
              1        29.31061         13.180726            11.89612      0.72119542     -0.46957269       4.7203721        4.7203721       49.180476              49.180476
              2       28.987475         13.182239           11.892539      0.72828452     -0.46467764       4.7203721        4.7203721       48.534205              48.534205
              5       28.936891         13.182061           11.892104      0.72809567     -0.46466765       4.7203721        4.7203721       48.433038              48.433038
              2       28.297255         13.181661           11.882332      0.71670766     -0.46433486       4.7203721        4.7203721       47.153766              47.153766
              2       31.058854         13.177488           11.873948      0.72399296     -0.46621251       4.7203721        4.7203721       52.676964              52.676964
              3       29.803381         13.168711           11.875114      0.72836878     -0.46367688       4.7203721        4.7203721       50.166017              50.166017
              1       28.606126         13.153211           11.870311      0.70482857     -0.47449955       4.7203721        4.7203721       47.771508              47.771508
              3       30.256941         13.144536           11.868728      0.70336657     -0.46318467       4.7203721        4.7203721       51.073137              51.073137
              9       28.633093         13.152664           11.864872      0.69083954     -0.45911151       4.7203721        4.7203721       47.825442              47.825442
              2       30.188891         13.160806           11.876814       0.6934332     -0.46664804       4.7203721        4.7203721       50.937037              50.937037
              3       29.969145         13.160462           11.875405      0.69348334     -0.46923594       4.7203721        4.7203721       50.497546              50.497546
              1       29.128174         13.160037           11.871636      0.68808468     -0.45672374       4.7203721        4.7203721       48.815604              48.815604
              1       28.672451         13.158344           11.865136      0.68924853     -0.45823688       4.7203721        4.7203721       47.904158              47.904158
              1       29.274906         13.150583           11.867211      0.69099957      -0.4571199       4.7203721        4.7203721       49.109069              49.109069
              1       31.698716         13.159286           11.876758      0.68105679     -0.44881456       4.7203721        4.7203721       53.956689              53.956689
              3       31.512202          13.16416           11.864363      0.67213664     -0.45035365       4.7203721        4.7203721       53.583659              53.583659
              1       30.673688           13.1627           11.871294      0.67467265      -0.4472089       4.7203721        4.7203721       51.906633              51.906633
              4       30.762918         13.174686           11.875662      0.67554476     -0.45197393       4.7203721        4.7203721       52.085092              52.085092
              6       30.670151         13.174701           11.878345      0.67637601     -0.45238442       4.7203721        4.7203721       51.899557              51.899557
              1       30.628849         13.165907           11.876689      0.68088676     -0.45548576       4.7203721        4.7203721       51.816955              51.816955
              1       30.511218         13.168437           11.879664      0.68272655     -0.45511479       4.7203721        4.7203721       51.581692              51.581692
              1       30.232052         13.169049           11.879795      0.67934763     -0.44357559       4.7203721        4.7203721       51.023359              51.023359
              1       30.257157         13.166981           11.880087      0.68156687     -0.44281953       4.7203721        4.7203721        51.07357               51.07357
              1       29.549157         13.172573           11.871541      0.68739066     -0.44131364       4.7203721        4.7203721       49.657569              49.657569
              1       28.566283          13.18021            11.88098      0.69307192      -0.4437076       4.7203721        4.7203721       47.691823              47.691823
              2       28.163099         13.176952           11.881304      0.69391853     -0.45081136       4.7203721        4.7203721       46.885453              46.885453
              3       28.758891         13.180435           11.880749      0.68924106     -0.45299099       4.7203721        4.7203721       48.077037              48.077037
              1       28.812343         13.180441           11.885399      0.68677879     -0.44600116       4.7203721        4.7203721       48.183942              48.183942
              2        28.65376         13.182634           11.886673       0.6882016     -0.44634938       4.7203721        4.7203721       47.866776              47.866776
              3       28.575302         13.182595           11.885332      0.68845822     -0.44438734       4.7203721        4.7203721        47.70986               47.70986
              3       28.863312         13.178565           11.880007      0.68626641     -0.44514614       4.7203721        4.7203721       48.285879              48.285879
              1       28.841522          13.17713           11.881245      0.68499769     -0.44255251       4.7203721        4.7203721       48.242299              48.242299
              1       28.810073         13.179113           11.889306      0.69330497     -0.43970034       4.7203721        4.7203721       48.179402              48.179402
              8       28.276672         13.180488           11.886381      0.69595018     -0.44009391       4.7203721        4.7203721         47.1126                47.1126
              2       29.018487         13.176162           11.884422      0.69240668     -0.42406063       4.7203721        4.7203721        48.59623               48.59623
              3         29.1597         13.179674           11.883929       0.6918323     -0.42330044       4.7203721        4.7203721       48.878655              48.878655
              3       29.913165         13.180051           11.881717      0.69504449     -0.42260965       4.7203721        4.7203721       50.385585              50.385585
              1       30.677269         13.179116           11.875411       0.6916602     -0.42982185       4.7203721        4.7203721       51.913794              51.913794
              1       30.192693         13.179115           11.876481      0.69148507     -0.43067553       4.7203721        4.7203721       50.944642              50.944642
              1       31.576811         13.185865           11.877869      0.67701071     -0.42597287       4.7203721        4.7203721       53.712877              53.712877
