#        weight    minuslogpost          sigma8        ygk_Ahmc ygk_LOWZ__1_lM1_0 ygk_LOWZ__1_lMmin_0   ygk_mass_bias       ygk_rhogy   minuslogprior minuslogprior__0            chi2 chi2__ygk_like.ygkLike
              1       -507.5313      0.78073146       1.0098161         12.919998           11.519799      0.76162142     -0.46723165       5.6245903        5.6245903      -1026.3118             -1026.3118
              2      -569.86983      0.78073146      0.95943755         12.897595           11.496438      0.78458859     -0.50529709       5.6245903        5.6245903      -1150.9888             -1150.9888
              1      -678.21714      0.78073146      0.96255767         12.908664           11.486268      0.77503393     -0.51009131       5.6245903        5.6245903      -1367.6835             -1367.6835
              4      -720.71991      0.78073146      0.94467408         12.910691           11.482855      0.78102999      -0.5218557       5.6245903        5.6245903       -1452.689              -1452.689
              1      -791.24639      0.78073146      0.93596525         12.901151           11.470644      0.77993062     -0.50326401       5.6245903        5.6245903       -1593.742              -1593.742
              2      -1191.6881      0.69729778      0.93596525         12.901151           11.470644      0.77993062     -0.50326401       5.6245903        5.6245903      -2394.6254             -2394.6254
              2      -1266.6028      0.69729778      0.94523767         12.903001           11.462092      0.77822823     -0.49105727       5.6245903        5.6245903      -2544.4547             -2544.4547
              1      -1296.4075      0.69729778      0.97282663         12.910255           11.455806      0.79029757      -0.5272974       5.6245903        5.6245903      -2604.0641             -2604.0641
              1      -1299.6762      0.69729778      0.97217865         12.910574           11.455629      0.79019127     -0.52755415       5.6245903        5.6245903      -2610.6015             -2610.6015
              1      -1325.8009      0.69729778      0.94939971         12.910916           11.458592        0.802148     -0.51771461       5.6245903        5.6245903      -2662.8509             -2662.8509
              3      -1350.2532      0.69729778      0.92760678         12.909231           11.455989      0.79239853     -0.51740863       5.6245903        5.6245903      -2711.7555             -2711.7555
              5      -1385.8117      0.69729778      0.93235697         12.916722           11.459198       0.7878156     -0.48904006       5.6245903        5.6245903      -2782.8726             -2782.8726
              1      -1939.5901      0.57124451      0.93235697         12.916722           11.459198       0.7878156     -0.48904006       5.6245903        5.6245903      -3890.4295             -3890.4295
              1      -1946.5759      0.57124451      0.93293113         12.917884           11.459048      0.78751858     -0.48376833       5.6245903        5.6245903       -3904.401              -3904.401
              2      -1953.6576      0.57124451      0.93748622          12.91755           11.456317      0.77543282     -0.48700366       5.6245903        5.6245903      -3918.5644             -3918.5644
              1      -2051.1634      0.57124451      0.92719665         12.914843            11.44263      0.76982613     -0.47907594       5.6245903        5.6245903       -4113.576              -4113.576
              1      -2188.4873      0.52026216      0.92719665         12.914843            11.44263      0.76982613     -0.47907594       5.6245903        5.6245903      -4388.2238             -4388.2238
              4      -2208.5723      0.52026216      0.91452737         12.908653           11.438167      0.78029251     -0.50518137       5.6245903        5.6245903      -4428.3939             -4428.3939
              1      -2208.6069      0.52026216      0.91447381         12.908651            11.43817      0.78027803     -0.50514157       5.6245903        5.6245903      -4428.4629             -4428.4629
              1      -2210.6081      0.52026216      0.91415694         12.909247           11.438288      0.78118118     -0.50411869       5.6245903        5.6245903      -4432.4653             -4432.4653
              1      -2249.1283      0.52026216      0.91226739         12.911734            11.43408       0.7804076     -0.50583542       5.6245903        5.6245903      -4509.5057             -4509.5057
              3      -2251.3816      0.52026216      0.91455245         12.911068           11.433138      0.78031351     -0.50280899       5.6245903        5.6245903      -4514.0124             -4514.0124
              3      -2252.1484      0.52026216      0.89993165         12.907615           11.434115      0.77779819      -0.4865218       5.6245903        5.6245903       -4515.546              -4515.546
              3      -2270.5036      0.52026216      0.89941226         12.908547           11.432266       0.7830937     -0.48248245       5.6245903        5.6245903      -4552.2563             -4552.2563
              1      -2274.9385      0.52026216      0.90738409         12.904662           11.428525      0.78330785      -0.4781757       5.6245903        5.6245903      -4561.1261             -4561.1261
              8      -2327.5319      0.52026216      0.89991669         12.905528           11.422274      0.78592032     -0.48346412       5.6245903        5.6245903      -4666.3129             -4666.3129
              6      -2360.7107      0.52026216      0.93766427         12.905284           11.411161      0.77981695     -0.46988732       5.6245903        5.6245903      -4732.6706             -4732.6706
              1      -2509.6149      0.52026216      0.93170606          12.91138            11.39061       0.7565787     -0.49300778       5.6245903        5.6245903      -5030.4789             -5030.4789
              1      -2537.0844      0.52026216      0.92642592         12.918477           11.390552      0.76011311     -0.49816761       5.6245903        5.6245903      -5085.4179             -5085.4179
              1      -2642.9755      0.52026216      0.93514527         12.924579           11.375469      0.76966045     -0.49030082       5.6245903        5.6245903      -5297.2002             -5297.2002
              4      -2654.0775      0.52026216      0.93735872         12.934249           11.377224      0.76926365     -0.50737375       5.6245903        5.6245903      -5319.4041             -5319.4041
              1      -2657.2113      0.52026216      0.92953368          12.93693           11.379624      0.77193377     -0.50157693       5.6245903        5.6245903      -5325.6717             -5325.6717
              1      -2671.7059      0.52026216      0.91796224         12.934651           11.377786      0.77042952     -0.51413576       5.6245903        5.6245903       -5354.661              -5354.661
             10      -2694.3567      0.49966466      0.91796224         12.934651           11.377786      0.77042952     -0.51413576       5.6245903        5.6245903      -5399.9627             -5399.9627
              6      -2713.4575      0.49966466      0.94312109         12.932482           11.369343      0.77591839     -0.51189514       5.6245903        5.6245903      -5438.1643             -5438.1643
              1      -2730.2519      0.49966466      0.93473071         12.942232           11.372687      0.78354333     -0.50394403       5.6245903        5.6245903       -5471.753              -5471.753
              2      -2732.3093      0.49966466      0.92801195         12.940921           11.372582      0.78085474     -0.51689669       5.6245903        5.6245903      -5475.8678             -5475.8678
              1      -2786.6842      0.49966466      0.91735985         12.942529           11.366125      0.77398597     -0.50610917       5.6245903        5.6245903      -5584.6175             -5584.6175
              3      -2827.0544      0.49966466      0.91960382         12.940419           11.357931      0.77875293     -0.51011156       5.6245903        5.6245903       -5665.358              -5665.358
              2      -2870.5149      0.49966466      0.91205532         12.945325           11.353571      0.77949896     -0.52387066       5.6245903        5.6245903      -5752.2789             -5752.2789
              2      -2870.6115      0.49966466      0.90677289         12.948266           11.355951      0.78133338     -0.51939784       5.6245903        5.6245903      -5752.4721             -5752.4721
              2      -2870.4398      0.47792498      0.90677289         12.948266           11.355951      0.78133338     -0.51939784       5.6245903        5.6245903      -5752.1288             -5752.1288
              1      -2878.1094      0.47792498       0.9114817         12.948943           11.354056      0.78516632     -0.52027105       5.6245903        5.6245903      -5767.4679             -5767.4679
              3      -2877.8963      0.50089179       0.9114817         12.948943           11.354056      0.78516632     -0.52027105       5.6245903        5.6245903      -5767.0418             -5767.0418
              2      -2878.4711      0.50089179       0.8876526         12.946433            11.35765       0.7948049     -0.51853511       5.6245903        5.6245903      -5768.1913             -5768.1913
              2      -2971.4368      0.50089179      0.87313257         12.948555           11.345583      0.80084382     -0.50286831       5.6245903        5.6245903      -5954.1227             -5954.1227
              3      -3020.7287      0.50089179      0.91033954         12.948036           11.328895      0.80085448     -0.51953436       5.6245903        5.6245903      -6052.7066             -6052.7066
              1      -3066.1719      0.50089179       0.8945485         12.954044           11.325402      0.79655587     -0.54155744       5.6245903        5.6245903       -6143.593              -6143.593
              1      -3073.6124      0.50089179      0.91988113         12.960895           11.322182      0.80082782     -0.53383057       5.6245903        5.6245903      -6158.4741             -6158.4741
              1      -3088.6851      0.50089179      0.91956989         12.955941           11.317627      0.80358215     -0.52892109       5.6245903        5.6245903      -6188.6194             -6188.6194
              5      -3094.1182      0.50089179      0.91092171          12.95898           11.320392      0.79721128     -0.49264966       5.6245903        5.6245903      -6199.4855             -6199.4855
              1       -3095.058      0.50089179      0.91089777         12.959351           11.320382      0.79762637     -0.49268197       5.6245903        5.6245903      -6201.3652             -6201.3652
              2      -3104.6163      0.50089179      0.90663594         12.957186           11.318573      0.79943065     -0.49399408       5.6245903        5.6245903      -6220.4818             -6220.4818
              1       -3105.998      0.50089179      0.90670203         12.957218           11.318336      0.79941281     -0.49320964       5.6245903        5.6245903      -6223.2452             -6223.2452
              1      -3161.3525      0.50089179      0.88298569         12.965301           11.315574      0.79172619     -0.49657285       5.6245903        5.6245903      -6333.9541             -6333.9541
              1      -3189.0319      0.50089179      0.87446066         12.968901           11.313485      0.79304253     -0.49670747       5.6245903        5.6245903      -6389.3129             -6389.3129
              2       -3228.897      0.50089179      0.88658982         12.971073           11.304031       0.7916376     -0.50068483       5.6245903        5.6245903      -6469.0432             -6469.0432
              2      -3225.2006      0.50089179       0.8746711         12.966424           11.304132      0.78426917     -0.53774015       5.6245903        5.6245903      -6461.6505             -6461.6505
              2      -3260.7626      0.50089179      0.85999067         12.952413           11.294961      0.78456183     -0.52632072       5.6245903        5.6245903      -6532.7744             -6532.7744
              2      -3289.8842      0.50089179      0.87360835         12.973691           11.294345      0.78048514     -0.54126823       5.6245903        5.6245903      -6591.0175             -6591.0175
              3      -3316.8702      0.50089179      0.84233176          12.96802            11.29173      0.76822748     -0.58825345       5.6245903        5.6245903      -6644.9895             -6644.9895
              3      -3397.4059      0.50089179      0.82742405         12.977897           11.283026       0.7620466     -0.56373967       5.6245903        5.6245903      -6806.0611             -6806.0611
              4      -3420.5158      0.50089179      0.82933293         12.977412           11.277557      0.76198997     -0.56962175       5.6245903        5.6245903      -6852.2807             -6852.2807
              1      -3426.0335      0.50089179      0.84639359         12.987288           11.276637      0.75157912      -0.5547213       5.6245903        5.6245903      -6863.3162             -6863.3162
              2      -3498.5041      0.50089179      0.84530678         12.994373           11.264872      0.76347769     -0.54191363       5.6245903        5.6245903      -7008.2573             -7008.2573
              1      -3499.1414       0.4912832      0.84530678         12.994373           11.264872      0.76347769     -0.54191363       5.6245903        5.6245903       -7009.532              -7009.532
              2      -3511.1299       0.4912832      0.85454122         12.981343           11.255787      0.75956182     -0.53112652       5.6245903        5.6245903      -7033.5089             -7033.5089
              3       -3564.034       0.4912832      0.82038474          12.98754           11.254658      0.76140667     -0.51199886       5.6245903        5.6245903      -7139.3172             -7139.3172
              1      -3622.9607       0.4912832       0.8305478         13.005232           11.245636      0.77572456     -0.52442941       5.6245903        5.6245903      -7257.1706             -7257.1706
              3      -3656.4115       0.4912832      0.82582643         13.005411           11.238951      0.77035465     -0.53259899       5.6245903        5.6245903      -7324.0721             -7324.0721
              4      -3732.2482       0.4912832      0.83330915         13.012721           11.221761      0.76527378      -0.5489017       5.6245903        5.6245903      -7475.7455             -7475.7455
              1      -3738.3349       0.4912832      0.82232986         13.009941           11.221841      0.77596614     -0.56551457       5.6245903        5.6245903      -7487.9191             -7487.9191
              1      -3826.9541       0.4912832      0.79906318         13.010902           11.206799      0.77278457     -0.55926341       5.6245903        5.6245903      -7665.1574             -7665.1574
              2      -3826.2968      0.50170198      0.79906318         13.010902           11.206799      0.77278457     -0.55926341       5.6245903        5.6245903      -7663.8427             -7663.8427
              1      -3847.3137      0.50170198      0.81824523         13.014043           11.198522      0.78157638     -0.55156968       5.6245903        5.6245903      -7705.8766             -7705.8766
              2      -3853.0472      0.50170198      0.81466325         13.020497           11.200178      0.78261728     -0.55081196       5.6245903        5.6245903      -7717.3436             -7717.3436
              1      -3865.7183      0.50170198      0.80787011         13.019725           11.198489      0.78079468     -0.54836998       5.6245903        5.6245903      -7742.6857             -7742.6857
              1      -3871.2831      0.50170198      0.80659272         13.020231           11.197495      0.78129503     -0.55253961       5.6245903        5.6245903      -7753.8154             -7753.8154
              3      -3877.6171      0.50170198       0.8018924         13.019616           11.197168      0.78776602     -0.54797932       5.6245903        5.6245903      -7766.4833             -7766.4833
              1      -3877.7899      0.50077795       0.8018924         13.019616           11.197168      0.78776602     -0.54797932       5.6245903        5.6245903      -7766.8289             -7766.8289
              2      -3891.8353      0.50077795      0.79482408         13.021738           11.196156      0.77674831     -0.53661688       5.6245903        5.6245903      -7794.9198             -7794.9198
              3      -3891.7546      0.50077795      0.79449239          13.02097           11.196108      0.77746524     -0.53348617       5.6245903        5.6245903      -7794.7585             -7794.7585
              2      -3898.5285      0.50077795      0.79328641         13.021843           11.194967      0.78309045     -0.54030244       5.6245903        5.6245903      -7808.3062             -7808.3062
              1      -3930.3986      0.50077795      0.82000521         13.037658           11.185366      0.78108876     -0.53710667       5.6245903        5.6245903      -7872.0463             -7872.0463
              1      -3962.0157      0.50077795      0.81901098         13.032078           11.175733      0.78016328     -0.53639076       5.6245903        5.6245903      -7935.2805             -7935.2805
              1      -3991.4344      0.50077795      0.80384016         13.036839           11.173517      0.77933913     -0.53250424       5.6245903        5.6245903      -7994.1181             -7994.1181
              2      -3995.1805      0.50077795      0.79938779         13.038779           11.172977      0.76700113     -0.57108921       5.6245903        5.6245903      -8001.6102             -8001.6102
              2      -4004.5789      0.50077795      0.79679988         13.039028           11.171037      0.76446036     -0.57740456       5.6245903        5.6245903      -8020.4069             -8020.4069
              1      -4006.2088      0.50077795      0.79650094         13.039955           11.170991      0.76397298     -0.57629402       5.6245903        5.6245903      -8023.6668             -8023.6668
              1       -4186.324      0.50077795      0.70779354         13.044863           11.148285      0.79639871      -0.5634595       5.6245903        5.6245903      -8383.8972             -8383.8972
              3      -4188.1322      0.50077795      0.70040762         13.038117           11.147932      0.79102926     -0.55242308       5.6245903        5.6245903      -8387.5136             -8387.5136
              1      -4194.2475      0.50077795      0.69483175         13.037355            11.14768      0.79092042     -0.54622414       5.6245903        5.6245903      -8399.7441             -8399.7441
              4      -4195.0261      0.50077795      0.69580013         13.038159            11.14747      0.79064549      -0.5450115       5.6245903        5.6245903      -8401.3014             -8401.3014
              1      -4216.9787      0.50077795      0.69963602          13.03155           11.138219      0.78860539     -0.54707193       5.6245903        5.6245903      -8445.2065             -8445.2065
              7      -4243.3541      0.50077795      0.69474672         13.035465           11.133583      0.79293667     -0.54029398       5.6245903        5.6245903      -8497.9573             -8497.9573
              1      -4264.9868      0.50077795      0.69282246         13.038802           11.128504       0.7922604      -0.5552678       5.6245903        5.6245903      -8541.2228             -8541.2228
              1      -4284.9373      0.50077795      0.67099138         13.045703           11.131033      0.79469257     -0.55018078       5.6245903        5.6245903      -8581.1237             -8581.1237
              1      -4381.7599      0.50077795      0.66698266          13.03896           11.103139      0.81923387     -0.52226398       5.6245903        5.6245903      -8774.7689             -8774.7689
              1      -4384.6815      0.50077795      0.66381527         13.040798             11.1037      0.81903288      -0.5215555       5.6245903        5.6245903      -8780.6121             -8780.6121
              1      -4388.7396      0.50077795      0.66200639         13.040154           11.102833      0.81869531     -0.52060068       5.6245903        5.6245903      -8788.7284             -8788.7284
              1      -4421.6755      0.50077795      0.66547786         13.045753           11.093231      0.82237344     -0.52859024       5.6245903        5.6245903      -8854.6001             -8854.6001
              1      -4422.3238      0.50077795      0.68498406         13.052189           11.089003      0.80393328      -0.5157083       5.6245903        5.6245903      -8855.8968             -8855.8968
              4      -4422.8928      0.50077795      0.69569725         13.054743           11.087717       0.8144926     -0.47826311       5.6245903        5.6245903      -8857.0348             -8857.0348
              1      -4430.3363      0.50077795      0.70915517         13.053464           11.080369      0.81167153     -0.50163931       5.6245903        5.6245903      -8871.9217             -8871.9217
              2        -4456.75      0.50077795      0.70197785          13.05757           11.074961      0.78845483     -0.48866323       5.6245903        5.6245903      -8924.7491             -8924.7491
              1      -4490.2597      0.50077795      0.67079055         13.057068            11.07301      0.78904062     -0.50433863       5.6245903        5.6245903      -8991.7686             -8991.7686
              2      -4502.9997      0.50077795       0.6527853         13.060835           11.074587       0.7825632      -0.5252369       5.6245903        5.6245903      -9017.2486             -9017.2486
              5      -4527.7995      0.50077795      0.64476471         13.064444           11.070064      0.79368256     -0.53087538       5.6245903        5.6245903      -9066.8482             -9066.8482
              1      -4551.4771      0.50077795      0.61892214         13.056206           11.068092      0.79407866     -0.52988452       5.6245903        5.6245903      -9114.2035             -9114.2035
              3      -4577.0306      0.50077795      0.61678931         13.059278           11.061087      0.78571056       -0.525755       5.6245903        5.6245903      -9165.3104             -9165.3104
              2      -4589.6536      0.50077795      0.62206756         13.057156            11.05519      0.79097791     -0.51403454       5.6245903        5.6245903      -9190.5563             -9190.5563
              1      -4589.9616      0.50077795      0.62215009         13.057415           11.055137       0.7914465     -0.51415279       5.6245903        5.6245903      -9191.1723             -9191.1723
              5      -4592.4598      0.50077795      0.62193459         13.054019           11.053403      0.79283211     -0.51907174       5.6245903        5.6245903      -9196.1687             -9196.1687
              4      -4619.7512      0.50077795      0.61464975         13.054788           11.046775       0.8018634     -0.52587966       5.6245903        5.6245903      -9250.7517             -9250.7517
              2      -4643.9494      0.50077795      0.58365552         13.049347            11.04646      0.79426171     -0.53428137       5.6245903        5.6245903      -9299.1481             -9299.1481
              1       -4656.961      0.50077795      0.57676883         13.053382           11.045117      0.79042544     -0.53599429       5.6245903        5.6245903      -9325.1711             -9325.1711
              1      -4663.5204      0.50077795      0.57275663         13.051772           11.043641      0.79157703     -0.54072314       5.6245903        5.6245903        -9338.29               -9338.29
              2      -4664.1321      0.50077795       0.5724388         13.052625           11.043773      0.79258023     -0.54080472       5.6245903        5.6245903      -9339.5135             -9339.5135
              2      -4671.1412      0.50077795      0.56640182         13.051452           11.043227      0.79333809     -0.53266386       5.6245903        5.6245903      -9353.5316             -9353.5316
              1      -4682.0562      0.50077795      0.60870143         13.036192           11.021843      0.77844073     -0.53609506       5.6245903        5.6245903      -9375.3616             -9375.3616
              2      -4686.0212      0.50077795      0.60959717         13.040985           11.021011       0.7761286     -0.54945171       5.6245903        5.6245903      -9383.2917             -9383.2917
              2      -4705.7617      0.50077795      0.57611412         13.025293           11.020052      0.77102126     -0.57044903       5.6245903        5.6245903      -9422.7726             -9422.7726
              1       -4708.762      0.50077795      0.57250012         13.026535           11.020422      0.77187545      -0.5735528       5.6245903        5.6245903      -9428.7732             -9428.7732
              1      -4709.4897      0.50077795      0.57478288         13.024205           11.018684      0.77248798     -0.58009348       5.6245903        5.6245903      -9430.2285             -9430.2285
              2      -4736.7308      0.50077795      0.57614881         13.027169           11.009986      0.78141542     -0.57125355       5.6245903        5.6245903      -9484.7109             -9484.7109
              2      -4739.7946      0.47806502      0.57614881         13.027169           11.009986      0.78141542     -0.57125355       5.6245903        5.6245903      -9490.8385             -9490.8385
              1      -4747.4434      0.47806502      0.55125731         13.019775           11.013633      0.77744047     -0.55534181       5.6245903        5.6245903       -9506.136              -9506.136
              1      -4754.5121      0.47806502      0.55274541         13.016996           11.010181      0.77974981     -0.55270748       5.6245903        5.6245903      -9520.2734             -9520.2734
              1      -4755.6293      0.47806502      0.55244441         13.017524           11.010039      0.77997418     -0.55184294       5.6245903        5.6245903      -9522.5078             -9522.5078
              3      -4754.2377      0.47806502      0.55906345          13.01756           11.008494      0.77475364     -0.54522263       5.6245903        5.6245903      -9519.7245             -9519.7245
              1       -4819.675      0.47806502       0.5609064         13.009531           10.983063      0.77420011     -0.55190898       5.6245903        5.6245903      -9650.5992             -9650.5992
              5      -4833.3146      0.47806502      0.54175256          13.00661           10.983632      0.77219703     -0.55114122       5.6245903        5.6245903      -9677.8784             -9677.8784
              1      -4834.9716      0.47806502      0.58160317         13.006239           10.970578      0.77907742      -0.5386826       5.6245903        5.6245903      -9681.1923             -9681.1923
              5      -4898.7387      0.47806502      0.55502194         12.990578           10.952474      0.78111115     -0.53589166       5.6245903        5.6245903      -9808.7265             -9808.7265
              1      -4924.9656      0.47806502      0.53583877         12.994565           10.950259      0.77896948     -0.51899243       5.6245903        5.6245903      -9861.1804             -9861.1804
              1       -4930.342      0.47806502      0.50646639         13.008465           10.960448      0.78522612      -0.5569393       5.6245903        5.6245903      -9871.9332             -9871.9332
              2      -4938.9423      0.47806502      0.50452466         13.007747           10.957601      0.78253122     -0.56132382       5.6245903        5.6245903      -9889.1337             -9889.1337
              1      -4944.5334      0.47806502      0.49074571         12.996436           10.957571      0.78879596     -0.56313162       5.6245903        5.6245903      -9900.3159             -9900.3159
              3      -4958.0837      0.47806502      0.49233956          12.99855           10.952556      0.79343158     -0.56359613       5.6245903        5.6245903      -9927.4165             -9927.4165
              1      -4970.8683      0.47806502      0.48576343         13.007313           10.952035      0.79316801      -0.5578569       5.6245903        5.6245903      -9952.9859             -9952.9859
              2      -4976.9811      0.47806502      0.48565226         13.007384           10.949751      0.79302951     -0.55927366       5.6245903        5.6245903      -9965.2114             -9965.2114
              1      -4984.2222      0.47806502      0.47429546         13.005427           10.950289      0.78937396     -0.56081139       5.6245903        5.6245903      -9979.6937             -9979.6937
              2      -5022.5548      0.47806502      0.45033487         13.020136           10.947231       0.7918684     -0.55133123       5.6245903        5.6245903      -10056.359             -10056.359
              1      -5048.9486      0.47806502      0.43148279         13.016348           10.942082      0.78253477     -0.57229318       5.6245903        5.6245903      -10109.146             -10109.146
              1      -5056.5314      0.47806502      0.43384707         13.016107           10.938323      0.78132291     -0.56839289       5.6245903        5.6245903      -10124.312             -10124.312
              2      -5086.0981      0.47806502      0.41866863         13.005571           10.929929        0.799605     -0.57144319       5.6245903        5.6245903      -10183.445             -10183.445
              4      -5092.3503      0.47806502      0.41303292         13.009367           10.930103       0.7968988      -0.5760772       5.6245903        5.6245903       -10195.95              -10195.95
              1      -5091.3618      0.47806502      0.39676569         13.009076           10.936161      0.80703936      -0.5800261       5.6245903        5.6245903      -10193.973             -10193.973
              3      -5090.5928      0.47191384      0.39676569         13.009076           10.936161      0.80703936      -0.5800261       5.6245903        5.6245903      -10192.435             -10192.435
              1      -5093.8644      0.47191384      0.40293528         13.005859           10.932338      0.81580641     -0.57319201       5.6245903        5.6245903      -10198.978             -10198.978
              1      -5103.9685      0.47191384      0.41777636         12.994407           10.920715      0.80294895     -0.56818107       5.6245903        5.6245903      -10219.186             -10219.186
              1      -5117.3182      0.47191384      0.40880371         12.992811           10.918134       0.8036817      -0.5726204       5.6245903        5.6245903      -10245.886             -10245.886
              3      -5117.3153      0.47191384      0.42464508         12.997763           10.913224      0.80571082     -0.59899975       5.6245903        5.6245903       -10245.88              -10245.88
              4      -5124.5284      0.47191384       0.4193992         13.001513           10.912873      0.79781932     -0.59745148       5.6245903        5.6245903      -10260.306             -10260.306
              6      -5138.2295      0.47191384      0.41328348          13.01071           10.911527      0.79891317     -0.59185072       5.6245903        5.6245903      -10287.708             -10287.708
              6      -5137.4259      0.47191384      0.42297532         13.005509           10.907379      0.80219627     -0.59492421       5.6245903        5.6245903      -10286.101             -10286.101
              1        -5152.55      0.47191384      0.43518834         12.999028           10.895524      0.80122707     -0.59989146       5.6245903        5.6245903      -10316.349             -10316.349
              1      -5152.6239        0.473152      0.43518834         12.999028           10.895524      0.80122707     -0.59989146       5.6245903        5.6245903      -10316.497             -10316.497
              1      -5160.7712        0.473152      0.41823717         12.993769            10.89663       0.7921312     -0.61758328       5.6245903        5.6245903      -10332.792             -10332.792
              4      -5166.4324        0.473152      0.40604441         12.983923           10.896899      0.79574282     -0.60155429       5.6245903        5.6245903      -10344.114             -10344.114
              1      -5190.1352        0.473152      0.38363227         12.979968           10.894076      0.79789796     -0.61535035       5.6245903        5.6245903       -10391.52              -10391.52
              6      -5193.4213        0.473152      0.38383076         12.981678           10.892873      0.79289677     -0.61977379       5.6245903        5.6245903      -10398.092             -10398.092
              1      -5193.3587      0.47077917      0.38383076         12.981678           10.892873      0.79289677     -0.61977379       5.6245903        5.6245903      -10397.967             -10397.967
              1      -5215.1505      0.47077917      0.35665958         12.967431           10.890663      0.79500646     -0.61548169       5.6245903        5.6245903       -10441.55              -10441.55
              1      -5242.8061      0.47077917      0.33959624         12.976929           10.887547       0.7971922     -0.60811437       5.6245903        5.6245903      -10496.861             -10496.861
              1      -5258.4887      0.47077917      0.32564496         12.979838           10.885766       0.7933133     -0.65384139       5.6245903        5.6245903      -10528.226             -10528.226
              1      -5258.2768      0.46789752      0.32564496         12.979838           10.885766       0.7933133     -0.65384139       5.6245903        5.6245903      -10527.803             -10527.803
              2      -5257.5283      0.46789752      0.32504758          12.97923           10.886129      0.79270724     -0.65551673       5.6245903        5.6245903      -10526.306             -10526.306
              2      -5268.6198      0.46789752      0.30233985         12.982042           10.890472      0.78862426     -0.64181984       5.6245903        5.6245903      -10548.489             -10548.489
              1      -5271.6388      0.46789752      0.30192718         12.994419           10.891632      0.78692161     -0.65616674       5.6245903        5.6245903      -10554.527             -10554.527
              1       -5281.677      0.46789752      0.30642503         12.999685           10.887041      0.79586964     -0.65050702       5.6245903        5.6245903      -10574.603             -10574.603
              1      -5284.2048      0.46789752      0.31003082         13.003058           10.885122      0.79413854      -0.6612048       5.6245903        5.6245903      -10579.659             -10579.659
              1       -5289.615      0.46789752      0.27574688         13.015157           10.897672      0.79911292     -0.66972586       5.6245903        5.6245903      -10590.479             -10590.479
              1      -5301.0127      0.46789752      0.26957146         13.012862           10.894627      0.80023309     -0.67324184       5.6245903        5.6245903      -10613.275             -10613.275
              2      -5340.3765      0.46789752      0.25561765         13.021546           10.884871      0.78858376     -0.65245314       5.6245903        5.6245903      -10692.002             -10692.002
              4      -5339.2625      0.48376702      0.25561765         13.021546           10.884871      0.78858376     -0.65245314       5.6245903        5.6245903      -10689.774             -10689.774
              1      -5348.0713      0.48376702      0.25966072         13.014754           10.878631      0.79889688     -0.63169447       5.6245903        5.6245903      -10707.392             -10707.392
              1      -5350.6932      0.48376702      0.24873803         13.011402           10.881119      0.79354481     -0.62032596       5.6245903        5.6245903      -10712.636             -10712.636
              5      -5354.0369      0.48376702      0.26983602         13.019905           10.873248      0.79460806     -0.62297158       5.6245903        5.6245903      -10719.323             -10719.323
              1      -5389.2676      0.48376702       0.2449725         13.033464           10.870137      0.79879031     -0.60320049       5.6245903        5.6245903      -10789.784             -10789.784
              2      -5395.2604      0.48376702      0.24709527         13.030173           10.866032      0.79700629     -0.59716675       5.6245903        5.6245903       -10801.77              -10801.77
              1       -5414.298      0.48376702      0.22877319         13.028428           10.864012      0.79514735     -0.60222406       5.6245903        5.6245903      -10839.845             -10839.845
              1      -5413.4808      0.48376702      0.21552974         13.041367           10.872663      0.78002031     -0.56368479       5.6245903        5.6245903      -10838.211             -10838.211
              2       -5412.786      0.48376702      0.21552504         13.041086            10.87293      0.77996834     -0.56363047       5.6245903        5.6245903      -10836.821             -10836.821
              5       -5414.464      0.48376702      0.21523267          13.04182           10.872325      0.77762366     -0.56612791       5.6245903        5.6245903      -10840.177             -10840.177
              4      -5467.5368      0.48376702      0.20285704         13.058205           10.855781      0.78510267     -0.55745458       5.6245903        5.6245903      -10946.323             -10946.323
              1      -5470.0801      0.48376702      0.23337083         13.064201            10.84308      0.78751653     -0.56736563       5.6245903        5.6245903      -10951.409             -10951.409
              1      -5480.8605      0.48376702      0.23166979         13.048099           10.835389      0.78103246     -0.57846165       5.6245903        5.6245903       -10972.97              -10972.97
              6      -5481.1179      0.48376702      0.23164139         13.048669           10.835358      0.77962197      -0.5783824       5.6245903        5.6245903      -10973.485             -10973.485
              1      -5496.3453      0.48376702      0.21921226         13.047614           10.833016       0.7710956     -0.56272499       5.6245903        5.6245903       -11003.94              -11003.94
              2      -5521.0025      0.48376702      0.23660517         13.053953            10.81503      0.77617963      -0.5548649       5.6245903        5.6245903      -11053.254             -11053.254
              1      -5592.6751      0.48376702      0.18023522         13.069384           10.804651      0.77324644     -0.56730993       5.6245903        5.6245903      -11196.599             -11196.599
              1      -5599.5786      0.48376702      0.17041068         13.063633            10.80461      0.78771789     -0.56483808       5.6245903        5.6245903      -11210.406             -11210.406
              4      -5618.9847      0.48376702      0.16475348         13.046945           10.793799      0.78071332      -0.5793166       5.6245903        5.6245903      -11249.219             -11249.219
              1      -5647.2507      0.48376702      0.13689513         13.043371           10.790355      0.77862104     -0.58146197       5.6245903        5.6245903      -11305.751             -11305.751
              2      -5683.5727      0.48376702      0.13659705         13.059114           10.773422       0.7858082     -0.60181132       5.6245903        5.6245903      -11378.395             -11378.395
              1      -5684.0098      0.48376702      0.13832281         13.061625           10.772678      0.77741816     -0.60344377       5.6245903        5.6245903      -11379.269             -11379.269
              2      -5688.4942      0.47087406      0.13832281         13.061625           10.772678      0.77741816     -0.60344377       5.6245903        5.6245903      -11388.238             -11388.238
              5      -5686.9849      0.47087406      0.13976783           13.0607           10.772743      0.77803711     -0.60219812       5.6245903        5.6245903      -11385.219             -11385.219
              3      -5690.0153      0.47087406      0.13858527         13.060724           10.771633       0.7784169     -0.60340728       5.6245903        5.6245903       -11391.28              -11391.28
              1      -5694.0815      0.47087406      0.12711752         13.059453           10.774367      0.78169391     -0.59821988       5.6245903        5.6245903      -11399.412             -11399.412
              4      -5693.8512      0.47217569      0.12711752         13.059453           10.774367      0.78169391     -0.59821988       5.6245903        5.6245903      -11398.952             -11398.952
              1      -5696.4931      0.47217569      0.15322493         13.057368           10.762111      0.80001695     -0.56168257       5.6245903        5.6245903      -11404.235             -11404.235
              1      -5702.2765      0.47217569       0.1622696         13.064927           10.755968       0.7978772     -0.57037082       5.6245903        5.6245903      -11415.802             -11415.802
              5      -5703.8755      0.47217569      0.14840023         13.078305           10.763247       0.8088519     -0.56965413       5.6245903        5.6245903          -11419                 -11419
              2      -5718.2235      0.47217569      0.16910697         13.081156           10.746669      0.80482131       -0.565767       5.6245903        5.6245903      -11447.696             -11447.696
              4      -5721.6759      0.47217569       0.1638021         13.072018           10.745556      0.80582419     -0.58389451       5.6245903        5.6245903      -11454.601             -11454.601
              2      -5728.0803      0.47217569      0.16444935         13.072451           10.741709      0.80083473     -0.58511515       5.6245903        5.6245903       -11467.41              -11467.41
              1      -5728.2734      0.47217569      0.14551633         13.065793           10.749055      0.79596142     -0.58081956       5.6245903        5.6245903      -11467.796             -11467.796
              3      -5739.2585      0.47217569      0.14183847         13.067905           10.744817      0.78985832     -0.58264317       5.6245903        5.6245903      -11489.766             -11489.766
              1      -5739.3201      0.47217569      0.14267533         13.067351            10.74437      0.78966814     -0.58019429       5.6245903        5.6245903      -11489.889             -11489.889
              1      -5740.1559      0.47217569      0.14089294         13.069714            10.74509      0.79000171     -0.57681341       5.6245903        5.6245903      -11491.561             -11491.561
              1      -5742.5723      0.47217569       0.1422197         13.069667           10.743058        0.787051     -0.58049667       5.6245903        5.6245903      -11496.394             -11496.394
              2      -5752.7635      0.47217569      0.13876716         13.060838           10.737758      0.78933769     -0.57691503       5.6245903        5.6245903      -11516.776             -11516.776
              1      -5759.8099      0.47217569      0.13177605         13.062117           10.737439       0.7803285     -0.54992553       5.6245903        5.6245903      -11530.869             -11530.869
              1      -5778.4962      0.47217569      0.12521053         13.067804           10.730721      0.78369062     -0.54853272       5.6245903        5.6245903      -11568.242             -11568.242
              1      -5779.4022      0.45555104      0.12521053         13.067804           10.730721      0.78369062     -0.54853272       5.6245903        5.6245903      -11570.054             -11570.054
              1      -5779.1304      0.45555104      0.13375965         13.062774           10.726688      0.78129292     -0.52955518       5.6245903        5.6245903       -11569.51              -11569.51
              1      -5798.1794      0.45555104      0.12004554         13.051669           10.720502       0.7752148     -0.54348056       5.6245903        5.6245903      -11607.608             -11607.608
              3        -5820.52      0.45555104       0.1000152          13.05136           10.717075      0.78455221     -0.53297962       5.6245903        5.6245903      -11652.289             -11652.289
              2      -5829.6495      0.45555104      0.12605444         13.051506           10.700236      0.79774561     -0.55220216       5.6245903        5.6245903      -11670.548             -11670.548
              1      -5828.1678      0.45555104      0.12429821         13.055243           10.702249      0.79790776     -0.55884458       5.6245903        5.6245903      -11667.585             -11667.585
              2      -5836.4308      0.45555104      0.11805629         13.052865           10.699955      0.79828898     -0.56528786       5.6245903        5.6245903      -11684.111             -11684.111
              1      -5847.1469      0.45555104      0.11630454          13.05636           10.694951      0.78816464     -0.56401801       5.6245903        5.6245903      -11705.543             -11705.543
              2      -5847.1457      0.45555104      0.11640821         13.056373           10.694907      0.78818512      -0.5640688       5.6245903        5.6245903      -11705.541             -11705.541
              1       -5861.242      0.45555104      0.10131628         13.053462           10.693098      0.78820764     -0.57410396       5.6245903        5.6245903      -11733.733             -11733.733
              5      -5861.2721       0.4561494      0.10131628         13.053462           10.693098      0.78820764     -0.57410396       5.6245903        5.6245903      -11733.793             -11733.793
              6      -5864.6206       0.4561494      0.10004413         13.052244           10.691554      0.78843597     -0.57669782       5.6245903        5.6245903       -11740.49              -11740.49
              1       -5879.625       0.4561494      0.10370875         13.053555           10.680861      0.78376367     -0.60946585       5.6245903        5.6245903      -11770.499             -11770.499
              3      -5879.0037      0.46241804      0.10370875         13.053555           10.680861      0.78376367     -0.60946585       5.6245903        5.6245903      -11769.257             -11769.257
             10      -5885.1085      0.46241804      0.10048725         13.053074           10.678691      0.78372765     -0.60705044       5.6245903        5.6245903      -11781.466             -11781.466
             23      -5885.7697      0.45575011      0.10048725         13.053074           10.678691      0.78372765     -0.60705044       5.6245903        5.6245903      -11782.788             -11782.788
              3      -5893.1787      0.45575011      0.10046165          13.05491           10.674553      0.78908198     -0.61096332       5.6245903        5.6245903      -11797.607             -11797.607
              5       -5893.178      0.45580469      0.10046165          13.05491           10.674553      0.78908198     -0.61096332       5.6245903        5.6245903      -11797.605             -11797.605
              7      -5892.7379      0.45580469       0.1051637         13.054316           10.672659      0.79209771     -0.60722241       5.6245903        5.6245903      -11796.725             -11796.725
              7      -5893.7952      0.45580469      0.10537112         13.052323           10.671735      0.79418211     -0.60559716       5.6245903        5.6245903       -11798.84              -11798.84
              2      -5902.3355      0.45580469      0.10085797         13.045772           10.667888      0.79981501     -0.61368723       5.6245903        5.6245903       -11815.92              -11815.92
              6      -5903.3979      0.45580469      0.10141913         13.044414           10.666866      0.79883812     -0.61037891       5.6245903        5.6245903      -11818.045             -11818.045
             11      -5904.7648      0.45580469      0.10256428          13.04377           10.665444      0.79895773      -0.6108418       5.6245903        5.6245903      -11820.779             -11820.779
              4      -5902.4274      0.45580469      0.10525236         13.046765           10.666015      0.79970718     -0.60729848       5.6245903        5.6245903      -11816.104             -11816.104
              1      -5902.6117      0.45580469      0.10983331         13.047479           10.663834      0.79889053     -0.61109268       5.6245903        5.6245903      -11816.473             -11816.473
              2      -5904.5247      0.45580469      0.11662963          13.05216               10.66      0.79499454     -0.61887952       5.6245903        5.6245903      -11820.299             -11820.299
              1      -5924.9847      0.45580469      0.10890926         13.050236           10.650915      0.80497837     -0.63232858       5.6245903        5.6245903      -11861.219             -11861.219
              9      -5920.1984      0.45580469      0.10981541         13.049129           10.653187      0.80491348     -0.63854641       5.6245903        5.6245903      -11851.646             -11851.646
              4      -5919.8574      0.45849919      0.10981541         13.049129           10.653187      0.80491348     -0.63854641       5.6245903        5.6245903      -11850.964             -11850.964
              1      -5922.4008      0.45849919      0.10777059         13.049973           10.652752      0.81049518     -0.63727997       5.6245903        5.6245903      -11856.051             -11856.051
              2      -5921.1873      0.45849919      0.10122725         13.045636           10.655782       0.8118277     -0.65560858       5.6245903        5.6245903      -11853.624             -11853.624
              8      -5923.3224      0.45849919      0.10411191         13.043821           10.652895      0.81199387     -0.65809789       5.6245903        5.6245903      -11857.894             -11857.894
              2      -5947.9854      0.45849919      0.10307628         13.033713           10.637179      0.80223882      -0.6428782       5.6245903        5.6245903       -11907.22              -11907.22
              5       -5948.238      0.45849919      0.10308312         13.032642           10.636905      0.80388158     -0.64263886       5.6245903        5.6245903      -11907.725             -11907.725
              2      -5949.3446      0.45849919      0.10152474         13.033391           10.637024      0.80303955     -0.64370991       5.6245903        5.6245903      -11909.938             -11909.938
              2      -5959.4049      0.45849919      0.10998475         13.047865            10.62832      0.80219809     -0.65734132       5.6245903        5.6245903      -11930.059             -11930.059
             13       -5965.718      0.45849919      0.10028234         13.047433           10.628794      0.80157185     -0.66625368       5.6245903        5.6245903      -11942.685             -11942.685
              1      -5967.4188      0.45849919      0.10144926         13.052044           10.627929      0.80517334     -0.65024941       5.6245903        5.6245903      -11946.087             -11946.087
              1      -5973.9711      0.45849919      0.12784572         13.054363            10.61137      0.80891773     -0.66179613       5.6245903        5.6245903      -11959.191             -11959.191
              1      -5978.3081      0.45849919      0.12892647         13.040923           10.606766      0.80724647     -0.64587833       5.6245903        5.6245903      -11967.865             -11967.865
              6      -5995.2853      0.45849919      0.11635374         13.029011           10.600301      0.82340146     -0.67339733       5.6245903        5.6245903       -12001.82              -12001.82
              1      -6001.5172      0.45849919        0.105231         13.029504           10.601741      0.82869725     -0.67168468       5.6245903        5.6245903      -12014.284             -12014.284
              6      -6003.3601      0.45849919      0.10326124         13.032941           10.601992      0.82659375      -0.6632608       5.6245903        5.6245903      -12017.969             -12017.969
              1      -6011.3064      0.45849919      0.10609239         13.045742           10.596795      0.81970471      -0.6701953       5.6245903        5.6245903      -12033.862             -12033.862
              9       -6025.304      0.45849919      0.10858146         13.045252           10.586454      0.82620474     -0.66761845       5.6245903        5.6245903      -12061.857             -12061.857
              6      -6040.7984      0.45849919      0.11399984         13.055121           10.574626       0.8215394     -0.66211305       5.6245903        5.6245903      -12092.846             -12092.846
              2      -6049.8795      0.45849919      0.10734549         13.048927           10.571242      0.82618778      -0.6583436       5.6245903        5.6245903      -12111.008             -12111.008
              1      -6051.0294      0.45849919      0.10743351         13.049071           10.570441      0.82577221     -0.65824574       5.6245903        5.6245903      -12113.308             -12113.308
              5      -6057.4111      0.45849919      0.10300811         13.046379           10.568183      0.82948561     -0.64928872       5.6245903        5.6245903      -12126.071             -12126.071
              1      -6070.8253      0.45849919      0.10769017         13.040124           10.556206       0.8341265     -0.64463175       5.6245903        5.6245903        -12152.9               -12152.9
              9      -6067.9776      0.45849919      0.10968927         13.044551           10.557724      0.84240199      -0.6402323       5.6245903        5.6245903      -12147.204             -12147.204
              1      -6075.8776      0.45849919      0.12923749         13.046249           10.542762      0.85195617      -0.6444812       5.6245903        5.6245903      -12163.004             -12163.004
              1      -6083.3652      0.45849919      0.11915627         13.031747           10.541646      0.86366588     -0.61197723       5.6245903        5.6245903       -12177.98              -12177.98
              1      -6086.5373      0.45849919      0.11825687         13.033944            10.54019      0.86224131     -0.60648098       5.6245903        5.6245903      -12184.324             -12184.324
              2      -6100.6846      0.45849919      0.11463803         13.030939            10.53177      0.86105618     -0.61241539       5.6245903        5.6245903      -12212.618             -12212.618
              1      -6098.9746      0.46163014      0.11463803         13.030939            10.53177      0.86105618     -0.61241539       5.6245903        5.6245903      -12209.198             -12209.198
              2      -6098.8701      0.46163014      0.11240649         13.029467           10.532809      0.85852758     -0.61194767       5.6245903        5.6245903      -12208.989             -12208.989
              1      -6104.7247      0.46163014      0.10141029         13.032899           10.534659      0.86343795     -0.61232515       5.6245903        5.6245903      -12220.699             -12220.699
              4      -6117.0398      0.46163014      0.10156429         13.040519           10.527133      0.86175041     -0.57509412       5.6245903        5.6245903      -12245.329             -12245.329
             11      -6121.8618      0.43084668      0.10156429         13.040519           10.527133      0.86175041     -0.57509412       5.6245903        5.6245903      -12254.973             -12254.973
              8      -6127.4629      0.43084668      0.10196615         13.039709           10.523119      0.86243938     -0.57541149       5.6245903        5.6245903      -12266.175             -12266.175
              5      -6133.0274      0.43084668      0.10420051         13.035799           10.517991      0.86727474     -0.57577942       5.6245903        5.6245903      -12277.304             -12277.304
              1      -6136.1835      0.43084668      0.11057862         13.037051           10.512925      0.86703256     -0.57108151       5.6245903        5.6245903      -12283.616             -12283.616
              3      -6143.6189      0.43084668      0.10402034         13.037716           10.511088      0.86489721     -0.57125107       5.6245903        5.6245903      -12298.487             -12298.487
              1      -6143.5177      0.43084668      0.10004617         13.038894           10.513301      0.86613497     -0.55731117       5.6245903        5.6245903      -12298.284             -12298.284
              1      -6142.9516      0.43084668      0.10036475         13.040808           10.513684      0.86617338     -0.55812387       5.6245903        5.6245903      -12297.152             -12297.152
              4      -6144.0338       0.4404252      0.10036475         13.040808           10.513684      0.86617338     -0.55812387       5.6245903        5.6245903      -12299.317             -12299.317
              4      -6143.3658       0.4404252       0.1011634         13.042522           10.513951      0.86728613     -0.55385043       5.6245903        5.6245903      -12297.981             -12297.981
              1      -6142.9543       0.4404252      0.10915522           13.0408           10.510087      0.86227605      -0.5558441       5.6245903        5.6245903      -12297.158             -12297.158
              6      -6150.1813       0.4404252      0.11054711         13.036794           10.503976      0.86980201     -0.56470978       5.6245903        5.6245903      -12311.612             -12311.612
              1      -6148.7949       0.4404252      0.11116027         13.036765           10.504643       0.8700082     -0.56442999       5.6245903        5.6245903      -12308.839             -12308.839
              2      -6149.5348       0.4404252      0.10651834         13.038054           10.506725      0.85730281     -0.53611114       5.6245903        5.6245903      -12310.319             -12310.319
             15      -6151.0352       0.4404252      0.10148367         13.040385            10.50858      0.86086888     -0.51698081       5.6245903        5.6245903       -12313.32              -12313.32
              1      -6173.2207       0.4404252      0.10191073          13.04819           10.493256      0.86299633     -0.53360354       5.6245903        5.6245903       -12357.69              -12357.69
              5      -6174.4185       0.4404252      0.10606025         13.048692           10.490353      0.85227227     -0.52733712       5.6245903        5.6245903      -12360.086             -12360.086
              5      -6176.9635       0.4404252      0.11777515         13.046711           10.482325      0.85637814     -0.54894523       5.6245903        5.6245903      -12365.176             -12365.176
              4      -6176.7564       0.4404252      0.12005959         13.018817           10.478915      0.83923637     -0.54344841       5.6245903        5.6245903      -12364.762             -12364.762
              2      -6181.5128       0.4404252       0.1166271          13.02835           10.478142      0.83170109     -0.52754881       5.6245903        5.6245903      -12374.275             -12374.275
              2      -6192.7383       0.4404252      0.10059461         13.041114           10.479159      0.84260509     -0.54075339       5.6245903        5.6245903      -12396.726             -12396.726
             16      -6192.4898      0.42976736      0.10059461         13.041114           10.479159      0.84260509     -0.54075339       5.6245903        5.6245903      -12396.229             -12396.229
              2      -6192.0444      0.44413466      0.10059461         13.041114           10.479159      0.84260509     -0.54075339       5.6245903        5.6245903      -12395.338             -12395.338
              4      -6195.3183      0.44413466      0.10001269         13.041023           10.477113       0.8401264     -0.53394432       5.6245903        5.6245903      -12401.886             -12401.886
             21      -6196.3446      0.43681246      0.10001269         13.041023           10.477113       0.8401264     -0.53394432       5.6245903        5.6245903      -12403.938             -12403.938
              1      -6195.4194      0.43681246      0.10058075         13.038217           10.477064      0.83993127     -0.55765069       5.6245903        5.6245903      -12402.088             -12402.088
              2      -6195.4608      0.43681246      0.10052826         13.038272           10.477067      0.84010261     -0.55759013       5.6245903        5.6245903      -12402.171             -12402.171
              4      -6199.2043      0.43681246      0.10180193         13.039826           10.473853      0.83989155     -0.55917227       5.6245903        5.6245903      -12409.658             -12409.658
              1      -6199.1201      0.43230689      0.10180193         13.039826           10.473853      0.83989155     -0.55917227       5.6245903        5.6245903      -12409.489             -12409.489
              4      -6232.8892      0.43230689       0.1049359         13.033149           10.447591      0.87337314      -0.5559337       5.6245903        5.6245903      -12477.028             -12477.028
              4      -6233.5945      0.43230689      0.10416371         13.030557            10.44745      0.87219411     -0.53238276       5.6245903        5.6245903      -12478.438             -12478.438
              5      -6234.4928      0.43230689      0.10449623         13.032012           10.446733      0.87110704     -0.53190906       5.6245903        5.6245903      -12480.235             -12480.235
              2      -6237.3689      0.43230689      0.10822358         13.032626           10.442733      0.87173055      -0.5390776       5.6245903        5.6245903      -12485.987             -12485.987
              1      -6250.4087      0.43230689      0.10465408         13.024066           10.434543      0.89212588      -0.5184883       5.6245903        5.6245903      -12512.066             -12512.066
              5      -6253.2925      0.43230689      0.10165305         13.037141           10.434962      0.89674451     -0.51489848       5.6245903        5.6245903      -12517.834             -12517.834
              8      -6256.2085      0.43230689      0.10765124         13.047759           10.430695       0.9005421     -0.49369769       5.6245903        5.6245903      -12523.666             -12523.666
              3       -6256.986      0.43230689      0.10610925         13.047548           10.430892      0.89995759     -0.49255997       5.6245903        5.6245903      -12525.221             -12525.221
              5      -6257.5211      0.43230689      0.10657515         13.045229           10.430035      0.89783892     -0.49741082       5.6245903        5.6245903      -12526.291             -12526.291
              2      -6282.6451      0.43230689      0.10728961          13.05435           10.411328      0.89910322     -0.49385961       5.6245903        5.6245903      -12576.539             -12576.539
              6      -6287.3033      0.43230689      0.10227675          13.05459           10.410132      0.90331588     -0.52652386       5.6245903        5.6245903      -12585.856             -12585.856
              1      -6288.2843      0.43230689       0.1080514         13.059519           10.406726      0.90307995     -0.52556221       5.6245903        5.6245903      -12587.818             -12587.818
              1      -6302.5221      0.43230689      0.10467496          13.05435           10.397135      0.90941737     -0.52896983       5.6245903        5.6245903      -12616.293             -12616.293
              3        -6331.77      0.43230689      0.11809701         13.030493           10.365282      0.89117917      -0.5421612       5.6245903        5.6245903      -12674.789             -12674.789
              4      -6344.2216      0.43230689      0.11753802         13.034828           10.356013      0.89940229     -0.53004435       5.6245903        5.6245903      -12699.692             -12699.692
              1      -6354.7411      0.43230689      0.11716156         13.027526           10.347204      0.89862074     -0.53137198       5.6245903        5.6245903      -12720.731             -12720.731
              3      -6359.5226      0.43230689      0.10978973          13.02786           10.347208      0.89999881     -0.53998989       5.6245903        5.6245903      -12730.294             -12730.294
              1      -6359.6749      0.43230689      0.11038388         13.028329           10.346797      0.90029199     -0.54023864       5.6245903        5.6245903      -12730.599             -12730.599
              2      -6360.0302      0.43230689      0.11392116         13.028619           10.344723      0.90941762     -0.53453341       5.6245903        5.6245903       -12731.31              -12731.31
              1      -6361.0622      0.41690577      0.11392116         13.028619           10.344723      0.90941762     -0.53453341       5.6245903        5.6245903      -12733.374             -12733.374
              2      -6364.8791      0.41690577       0.1065397         13.028399           10.345369      0.91432045     -0.56034057       5.6245903        5.6245903      -12741.007             -12741.007
              1      -6368.7884      0.41690577      0.11620072         13.030989           10.337412       0.9123033     -0.56552252       5.6245903        5.6245903      -12748.826             -12748.826
              3      -6373.3227      0.41690577      0.11314051         13.032229           10.335459      0.91078483     -0.56642958       5.6245903        5.6245903      -12757.895             -12757.895
              1      -6384.6826      0.41690577      0.12677386         13.030044           10.319408       0.9173517     -0.53008965       5.6245903        5.6245903      -12780.614             -12780.614
              2      -6395.8302      0.41690577      0.11660142         13.027919           10.315555      0.92729379     -0.54077766       5.6245903        5.6245903       -12802.91              -12802.91
              6      -6401.3911      0.41690577      0.10662846         13.034277           10.316655      0.93306144     -0.53900983       5.6245903        5.6245903      -12814.031             -12814.031
              4      -6401.7127      0.41690577      0.10684252         13.034354           10.316282      0.93271345     -0.53946817       5.6245903        5.6245903      -12814.675             -12814.675
              5      -6418.6806      0.41690577      0.10019639         13.031371           10.305833      0.93802826     -0.52664808       5.6245903        5.6245903       -12848.61              -12848.61
              3      -6418.2416      0.41690577      0.10062793         13.031408           10.305967      0.93798727     -0.52688962       5.6245903        5.6245903      -12847.732             -12847.732
              1      -6424.1299      0.41690577      0.12057782         13.025638           10.290162      0.93921896     -0.53841647       5.6245903        5.6245903      -12859.509             -12859.509
              2      -6431.3228      0.41690577      0.11266766         13.026557           10.288376      0.93799245     -0.54467286       5.6245903        5.6245903      -12873.895             -12873.895
              1       -6438.788      0.41690577      0.11815002         13.037143           10.279849       0.9165135     -0.51880183       5.6245903        5.6245903      -12888.825             -12888.825
              1      -6439.8839      0.41690577      0.11739993         13.037411            10.27935      0.91715097     -0.51762454       5.6245903        5.6245903      -12891.017             -12891.017
              1      -6441.7609      0.41690577      0.11461419         13.034206           10.279097      0.91627963      -0.5150143       5.6245903        5.6245903      -12894.771             -12894.771
              2      -6441.8507      0.41690577      0.11884803         13.036293           10.276886       0.9144852     -0.51106098       5.6245903        5.6245903      -12894.951             -12894.951
              6      -6460.2035      0.41690577      0.10688289         13.033059            10.26754      0.91460231     -0.51211478       5.6245903        5.6245903      -12931.656             -12931.656
              1      -6460.0216      0.41690577      0.10846661         13.032618           10.266866      0.92022856     -0.50704795       5.6245903        5.6245903      -12931.292             -12931.292
              1      -6467.7586      0.41690577      0.10500899         13.035165           10.262276      0.91792232     -0.49727584       5.6245903        5.6245903      -12946.766             -12946.766
             10      -6467.8381      0.41690577      0.10441151         13.035802           10.262563      0.91808894     -0.49745468       5.6245903        5.6245903      -12946.925             -12946.925
              7      -6466.8116       0.4230867      0.10441151         13.035802           10.262563      0.91808894     -0.49745468       5.6245903        5.6245903      -12944.872             -12944.872
              6       -6469.289       0.4230867      0.10293242          13.03689           10.261273      0.91718364     -0.49611998       5.6245903        5.6245903      -12949.827             -12949.827
              6      -6476.2663       0.4230867      0.10020545          13.04319           10.256943      0.91130494     -0.49942957       5.6245903        5.6245903      -12963.782             -12963.782
              3      -6477.2105       0.4230867      0.11051677          13.04499           10.250507      0.91299521     -0.50077587       5.6245903        5.6245903       -12965.67              -12965.67
              5      -6477.2549       0.4230867      0.11453818         13.045313           10.248255      0.91382445     -0.50243465       5.6245903        5.6245903      -12965.759             -12965.759
              4      -6481.3944       0.4230867      0.11207107         13.052271            10.24634      0.91240473     -0.49544123       5.6245903        5.6245903      -12974.038             -12974.038
              2      -6492.8637       0.4230867      0.10738919         13.064247           10.239129      0.91003279     -0.52313494       5.6245903        5.6245903      -12996.977             -12996.977
              3      -6499.4172       0.4230867      0.11622349         13.065515            10.22842       0.9078148     -0.51052356       5.6245903        5.6245903      -13010.084             -13010.084
              2      -6509.1814       0.4230867      0.10192489         13.078493           10.228226       0.9084308      -0.5045066       5.6245903        5.6245903      -13029.612             -13029.612
             13      -6509.2037       0.4230867      0.10156216         13.078531           10.228405      0.90815632     -0.50555696       5.6245903        5.6245903      -13029.657             -13029.657
              8      -6514.5171       0.4230867      0.10258231         13.075979            10.22288      0.91684005     -0.50826961       5.6245903        5.6245903      -13040.283             -13040.283
              1       -6516.759      0.40985828      0.10258231         13.075979            10.22288      0.91684005     -0.50826961       5.6245903        5.6245903      -13044.767             -13044.767
              8      -6526.0143      0.40985828      0.10378019         13.075113           10.213931       0.8987768     -0.50775192       5.6245903        5.6245903      -13063.278             -13063.278
              2      -6534.6014      0.40985828      0.11636036          13.07769           10.199445      0.89789881     -0.50767194       5.6245903        5.6245903      -13080.452             -13080.452
              3      -6536.2353      0.40985828       0.1105369          13.08641           10.201344        0.892904     -0.54822653       5.6245903        5.6245903       -13083.72              -13083.72
              5      -6539.3981      0.40985828      0.10716755         13.090575           10.200527       0.8925882     -0.54415809       5.6245903        5.6245903      -13090.045             -13090.045
              3      -6551.5209      0.40985828       0.1103064         13.089388            10.18778      0.89061882     -0.53050831       5.6245903        5.6245903      -13114.291             -13114.291
              5      -6551.9964      0.40985828      0.11804941         13.085291           10.182746      0.87613637      -0.5608765       5.6245903        5.6245903      -13115.242             -13115.242
              3      -6551.0061      0.40985828      0.12170775         13.081737           10.181491      0.87565233     -0.55986226       5.6245903        5.6245903      -13113.261             -13113.261
              1      -6550.5361      0.40985828      0.12652025         13.082145           10.179294      0.87786955     -0.55644299       5.6245903        5.6245903      -13112.321             -13112.321
              1      -6556.7314      0.40985828       0.1240835         13.080001           10.174772      0.88534932     -0.58301344       5.6245903        5.6245903      -13124.712             -13124.712
              5      -6566.5034      0.40985828      0.11538028         13.078879           10.170545      0.88478029     -0.57961663       5.6245903        5.6245903      -13144.256             -13144.256
              1      -6580.0802      0.40985828      0.11093579         13.100539           10.161324      0.90377793       -0.553112       5.6245903        5.6245903       -13171.41              -13171.41
              2      -6585.2288      0.40985828      0.10529184         13.103044           10.159726      0.90123326     -0.55717349       5.6245903        5.6245903      -13181.707             -13181.707
              4      -6592.1288      0.40985828      0.10620779         13.099094           10.152485      0.90848475     -0.57497322       5.6245903        5.6245903      -13195.507             -13195.507
              1      -6595.7321      0.40985828      0.10364519         13.088663           10.150121      0.91656266     -0.58023347       5.6245903        5.6245903      -13202.713             -13202.713
              1      -6597.1521      0.40985828      0.11236586         13.097372           10.144071      0.92304284     -0.60286807       5.6245903        5.6245903      -13205.553             -13205.553
              1      -6596.1376      0.40985828      0.11622297         13.093207           10.142647      0.91561664     -0.61477295       5.6245903        5.6245903      -13203.524             -13203.524
              1      -6595.2021      0.40985828      0.11260197         13.093615           10.145569       0.9183129     -0.62386266       5.6245903        5.6245903      -13201.653             -13201.653
              1      -6594.8923      0.40985828      0.11243466         13.094666           10.146002      0.91859277     -0.62271853       5.6245903        5.6245903      -13201.034             -13201.034
              4      -6617.6275      0.40985828      0.11062435          13.10542           10.125485      0.92552608     -0.63821375       5.6245903        5.6245903      -13246.504             -13246.504
              2      -6624.1777      0.40985828      0.10905777         13.103979           10.119887      0.92539284     -0.65272369       5.6245903        5.6245903      -13259.605             -13259.605
              4      -6625.8976      0.40985828      0.10361932         13.103261           10.121294      0.92050309     -0.65384248       5.6245903        5.6245903      -13263.044             -13263.044
              1      -6627.0862      0.40241454      0.10361932         13.103261           10.121294      0.92050309     -0.65384248       5.6245903        5.6245903      -13265.422             -13265.422
              1      -6627.8158      0.40241454      0.10283958         13.103448           10.121042       0.9203026      -0.6529945       5.6245903        5.6245903      -13266.881             -13266.881
              2       -6629.205      0.40241454      0.10465342         13.105996           10.118752      0.91834582     -0.65814967       5.6245903        5.6245903      -13269.659             -13269.659
              3      -6629.1782      0.40241454      0.11419151          13.10674           10.113455      0.92338698     -0.65156086       5.6245903        5.6245903      -13269.606             -13269.606
              1      -6651.6849      0.40241454       0.1050919         13.111097           10.096756      0.91442636     -0.67979958       5.6245903        5.6245903      -13314.619             -13314.619
              7      -6651.4632      0.40241454      0.10482819         13.111604            10.09714      0.91405799     -0.67984102       5.6245903        5.6245903      -13314.176             -13314.176
             10       -6657.566      0.40241454       0.1061849          13.11102           10.090393      0.91696775     -0.66395919       5.6245903        5.6245903      -13326.381             -13326.381
              7      -6660.5073      0.40241454      0.10536517          13.11324           10.088045      0.91006152     -0.65529513       5.6245903        5.6245903      -13332.264             -13332.264
              1      -6662.5277      0.40241454      0.10055054         13.112873           10.088783      0.90607914     -0.65613796       5.6245903        5.6245903      -13336.305             -13336.305
              2      -6663.4036      0.40241454      0.11271409         13.113326           10.080896      0.90191975     -0.67544331       5.6245903        5.6245903      -13338.056             -13338.056
              5       -6664.459      0.40241454      0.11427792          13.11721           10.079083      0.90045818       -0.669871       5.6245903        5.6245903      -13340.167             -13340.167
              2      -6668.4188      0.40241454       0.1120728         13.129523           10.076649      0.88813032     -0.70485924       5.6245903        5.6245903      -13348.087             -13348.087
              3       -6670.443      0.40241454      0.11598682         13.128233           10.072333      0.88698777     -0.70470264       5.6245903        5.6245903      -13352.135             -13352.135
              3      -6670.3861      0.40241454      0.11611706         13.128384           10.072316       0.8869492     -0.70600643       5.6245903        5.6245903      -13352.021             -13352.021
              3      -6670.9666       0.3961798      0.11611706         13.128384           10.072316       0.8869492     -0.70600643       5.6245903        5.6245903      -13353.182             -13353.182
              7      -6676.3157       0.3961798      0.11786556         13.135063           10.066225      0.87721808     -0.70320122       5.6245903        5.6245903      -13363.881             -13363.881
              1      -6676.6257       0.3961798      0.11730471           13.1321           10.066137      0.88174868     -0.71047676       5.6245903        5.6245903      -13364.501             -13364.501
              2      -6678.2527       0.3961798        0.116861         13.133412           10.064807      0.88220568      -0.7113762       5.6245903        5.6245903      -13367.755             -13367.755
              1      -6686.2926       0.3961798      0.10411419          13.13637           10.064153      0.88386466      -0.7033066       5.6245903        5.6245903      -13383.834             -13383.834
              1       -6687.163       0.3961798      0.10419349         13.136116           10.063233      0.88380523     -0.70305728       5.6245903        5.6245903      -13385.575             -13385.575
              1      -6689.6691       0.3961798      0.10260821         13.139161           10.061693      0.88511247     -0.71160191       5.6245903        5.6245903      -13390.587             -13390.587
              4      -6689.9655       0.3961798      0.10217554         13.139545           10.061653      0.88377759     -0.71176297       5.6245903        5.6245903       -13391.18              -13391.18
             12      -6705.8459       0.3961798       0.1042509         13.133031           10.044351      0.87154179     -0.68064836       5.6245903        5.6245903      -13422.941             -13422.941
              8       -6706.726       0.3961798      0.10046682         13.131556           10.045589      0.87274355     -0.68278597       5.6245903        5.6245903      -13424.701             -13424.701
              1      -6708.8247       0.3961798      0.11042466         13.133404           10.037722      0.86006179     -0.69965406       5.6245903        5.6245903      -13428.898             -13428.898
              7      -6707.0866       0.3961798      0.11777726         13.144954           10.035632      0.85448209     -0.66957325       5.6245903        5.6245903      -13425.422             -13425.422
              2      -6712.6356       0.3961798      0.10629669         13.142672            10.03651      0.85224196     -0.67211562       5.6245903        5.6245903       -13436.52              -13436.52
              2      -6723.0869       0.3961798      0.10198097         13.146413           10.028348      0.85127646      -0.6739268       5.6245903        5.6245903      -13457.423             -13457.423
              1      -6723.1331       0.3961798      0.10183813         13.146366           10.028376      0.85228898     -0.67664171       5.6245903        5.6245903      -13457.515             -13457.515
              3      -6726.1397       0.3961798      0.10151754         13.141063            10.02533      0.85548341     -0.67161531       5.6245903        5.6245903      -13463.529             -13463.529
              8      -6727.7292       0.3961798      0.10192275         13.144636             10.0236      0.86429658     -0.64605934       5.6245903        5.6245903      -13466.708             -13466.708
              1      -6732.7045       0.3961798      0.10201629         13.131364           10.018099      0.87843367     -0.62215099       5.6245903        5.6245903      -13476.658             -13476.658
              3      -6737.5689       0.3961798      0.10490026         13.131392           10.011321      0.87714461     -0.62529009       5.6245903        5.6245903      -13486.387             -13486.387
              3      -6739.8521       0.3961798      0.10960572         13.133115           10.006102      0.88188646     -0.67206781       5.6245903        5.6245903      -13490.953             -13490.953
              2      -6740.9165       0.3961798      0.11418817         13.144013           10.002566      0.87529154     -0.67109745       5.6245903        5.6245903      -13493.082             -13493.082
              1      -6739.1599       0.3961798      0.10695857         13.140173           10.008561       0.8757245     -0.66864506       5.6245903        5.6245903      -13489.569             -13489.569
              3      -6739.5601       0.3961798      0.11039101          13.13575           10.006033      0.87982887      -0.6644094       5.6245903        5.6245903      -13490.369             -13490.369
              7       -6745.364       0.3961798      0.10636708         13.135318           10.002322      0.87064239     -0.63620548       5.6245903        5.6245903      -13501.977             -13501.977
              2      -6746.5336       0.3961798      0.10467789         13.132913           10.002031      0.87229739     -0.63047206       5.6245903        5.6245903      -13504.316             -13504.316
             10      -6747.4615       0.3961798      0.10090597         13.131636           10.003235      0.86850992     -0.62910802       5.6245903        5.6245903      -13506.172             -13506.172
             10      -6750.2801       0.3961798      0.11892413         13.136575           9.9897306       0.8668047     -0.64472909       5.6245903        5.6245903      -13511.809             -13511.809
              1       -6752.811       0.3961798      0.11486041         13.139362           9.9894903      0.86717994     -0.64458035       5.6245903        5.6245903      -13516.871             -13516.871
              3      -6760.0596       0.3961798      0.11028764         13.137039           9.9843994      0.86752516     -0.63181852       5.6245903        5.6245903      -13531.368             -13531.368
              4      -6760.0394       0.3961798       0.1059503          13.12704           9.9867198      0.87151747     -0.64275758       5.6245903        5.6245903      -13531.328             -13531.328
              5      -6760.4113       0.3961798      0.10757133         13.128211           9.9853912      0.87333027     -0.64286786       5.6245903        5.6245903      -13532.072             -13532.072
              2      -6764.7262       0.3961798      0.10055568         13.126454           9.9848606      0.87561215     -0.64501125       5.6245903        5.6245903      -13540.702             -13540.702
              1      -6763.1191       0.3961798      0.10103907         13.126546           9.9863115      0.87615395     -0.64205895       5.6245903        5.6245903      -13537.487             -13537.487
              3      -6763.2508       0.3961798      0.10540989         13.136683           9.9838194      0.88624793     -0.64655348       5.6245903        5.6245903      -13537.751             -13537.751
              2      -6764.4465       0.3961798      0.11184137         13.127422           9.9785101      0.89407483     -0.64175616       5.6245903        5.6245903      -13540.142             -13540.142
              2      -6766.1307       0.3961798      0.11080059         13.128882           9.9773474      0.89244222     -0.63987728       5.6245903        5.6245903      -13543.511             -13543.511
              5      -6768.9031       0.3961798      0.10692465         13.123058           9.9765345      0.89159578     -0.62888745       5.6245903        5.6245903      -13549.055             -13549.055
              1      -6769.4275       0.3961798       0.1063335          13.12368            9.976336      0.89238864     -0.62781642       5.6245903        5.6245903      -13550.104             -13550.104
              3      -6769.5695       0.3961798      0.10623367         13.123632           9.9762406      0.89235716     -0.62773639       5.6245903        5.6245903      -13550.388             -13550.388
              2      -6776.8662       0.3961798      0.10453514         13.133233           9.9694943      0.89645525     -0.65198929       5.6245903        5.6245903      -13564.982             -13564.982
              2      -6777.8083      0.38209584      0.10453514         13.133233           9.9694943      0.89645525     -0.65198929       5.6245903        5.6245903      -13566.866             -13566.866
              3       -6779.522      0.38209584      0.12843736         13.125739           9.9538538      0.89811762     -0.64700198       5.6245903        5.6245903      -13570.293             -13570.293
              1      -6779.0611      0.38209584      0.15014722         13.129377           9.9419848      0.89026246     -0.64830445       5.6245903        5.6245903      -13569.371             -13569.371
              1      -6790.9177      0.38209584      0.13230172         13.138316           9.9397716      0.88565271     -0.65400996       5.6245903        5.6245903      -13593.085             -13593.085
              6      -6789.7839      0.38209584      0.13331791         13.138927           9.9404097      0.88569291     -0.65448308       5.6245903        5.6245903      -13590.817             -13590.817
              1      -6790.4775      0.38209584      0.12064548         13.141675           9.9470235      0.88518513       -0.654816       5.6245903        5.6245903      -13592.204             -13592.204
              1      -6794.5943      0.38209584      0.11752826         13.143262           9.9444641      0.87936687     -0.65163649       5.6245903        5.6245903      -13600.438             -13600.438
              1      -6794.9443      0.38209584      0.11462744         13.137076           9.9456501      0.87840265     -0.64536461       5.6245903        5.6245903      -13601.138             -13601.138
              2      -6798.1647      0.38209584       0.1106295         13.138024           9.9445403      0.87729031     -0.64273065       5.6245903        5.6245903      -13607.579             -13607.579
              2      -6798.1377      0.38209584      0.11080489         13.137498           9.9444582      0.87714713     -0.64208761       5.6245903        5.6245903      -13607.525             -13607.525
              2      -6808.1436      0.38209584      0.11308479         13.132859           9.9322104      0.86268632     -0.67701487       5.6245903        5.6245903      -13627.536             -13627.536
              3      -6810.6747      0.38209584      0.13152901         13.121222           9.9185528      0.86957919     -0.64738817       5.6245903        5.6245903      -13632.599             -13632.599
              3      -6813.0633      0.38209584      0.10910334         13.098962           9.9285144      0.88120045     -0.66084737       5.6245903        5.6245903      -13637.376             -13637.376
              5      -6815.0938      0.38209584      0.10358277         13.098416           9.9295012      0.88372543     -0.66868264       5.6245903        5.6245903      -13641.437             -13641.437
              1      -6815.1113      0.38320754      0.10358277         13.098416           9.9295012      0.88372543     -0.66868264       5.6245903        5.6245903      -13641.472             -13641.472
              3      -6814.9143      0.38320754      0.10422798         13.098235           9.9293358       0.8829076     -0.66787519       5.6245903        5.6245903      -13641.078             -13641.078
