#        weight    minuslogpost          sigma8        ygk_Ahmc ygk_LOWZ__1_lM1_0 ygk_LOWZ__1_lMmin_0   ygk_mass_bias       ygk_rhogy   minuslogprior minuslogprior__0            chi2 chi2__ygk_like.ygkLike
              1      -1965.9776      0.71943152      0.97705304         13.085874           11.460694      0.77450981     -0.51162967       5.6245903        5.6245903      -3943.2044             -3943.2044
              1      -2065.4835      0.71943152      0.99386198         13.102354           11.452803      0.78687324     -0.51649044       5.6245903        5.6245903      -4142.2161             -4142.2161
              2      -2088.0465      0.71943152       1.0000139         13.088619           11.445004      0.79984605     -0.49884404       5.6245903        5.6245903      -4187.3421             -4187.3421
              2      -2159.5503      0.71943152      0.98354865         13.090798           11.438062      0.79851651     -0.49468423       5.6245903        5.6245903      -4330.3498             -4330.3498
              1      -2164.0334      0.71943152      0.97594255          13.08912           11.437716      0.79726141     -0.49354145       5.6245903        5.6245903      -4339.3159             -4339.3159
              3      -2171.2098      0.71943152      0.97214449         13.088136           11.436859      0.80350686     -0.49819618       5.6245903        5.6245903      -4353.6687             -4353.6687
              1      -2170.8586      0.71943152       0.9718532          13.08838           11.437174      0.80358117     -0.49799733       5.6245903        5.6245903      -4352.9663             -4352.9663
              2      -2347.4565      0.66766482       0.9718532          13.08838           11.437174      0.80358117     -0.49799733       5.6245903        5.6245903      -4706.1621             -4706.1621
              1      -2353.1551      0.66766482      0.97312863         13.091273           11.437543      0.80262336     -0.49749456       5.6245903        5.6245903      -4717.5594             -4717.5594
              3       -2459.014      0.66766482      0.97881148         13.092509           11.420737      0.80358144     -0.48375107       5.6245903        5.6245903      -4929.2772             -4929.2772
              1      -2458.9765      0.66766482      0.98411724         13.093758           11.419812      0.80767158      -0.4920582       5.6245903        5.6245903      -4929.2022             -4929.2022
              2      -2473.0109      0.66766482      0.99225686         13.083385           11.414012      0.81871732     -0.47330426       5.6245903        5.6245903      -4957.2709             -4957.2709
              2      -2668.0428      0.59645367      0.99225686         13.083385           11.414012      0.81871732     -0.47330426       5.6245903        5.6245903      -5347.3347             -5347.3347
              1      -2697.9557      0.59645367        1.016845          13.08732           11.406188      0.80477815     -0.45211041       5.6245903        5.6245903      -5407.1605             -5407.1605
              1      -2725.3411      0.59645367       1.0101154         13.087118           11.402316      0.80386477     -0.45227406       5.6245903        5.6245903      -5461.9315             -5461.9315
              1      -2731.7986      0.59645367       1.0051342          13.09833           11.408075      0.80505631     -0.44482968       5.6245903        5.6245903      -5474.8464             -5474.8464
              4       -2786.747      0.59645367      0.97833278         13.092046           11.403082      0.81003889     -0.41265114       5.6245903        5.6245903      -5584.7431             -5584.7431
              1      -2840.5224      0.56468049      0.97833278         13.092046           11.403082      0.81003889     -0.41265114       5.6245903        5.6245903      -5692.2939             -5692.2939
              1      -2858.6219      0.56468049      0.94444617         13.098708            11.40689      0.82000041     -0.46904897       5.6245903        5.6245903      -5728.4929             -5728.4929
              4      -2862.4149      0.56468049      0.93432919         13.096026            11.40649      0.81153174     -0.47032858       5.6245903        5.6245903       -5736.079              -5736.079
              2      -2920.0454      0.56468049      0.94264952         13.110016           11.399375      0.80513481     -0.47515902       5.6245903        5.6245903      -5851.3401             -5851.3401
              1      -2939.8594      0.56468049      0.94272038         13.111277           11.396233      0.80066765     -0.46793904       5.6245903        5.6245903      -5890.9679             -5890.9679
              3      -2974.5303      0.56468049      0.95856929         13.123744           11.391037      0.80358814     -0.47861716       5.6245903        5.6245903      -5960.3097             -5960.3097
              1      -3121.6635      0.56468049      0.91022979         13.146626           11.388704      0.84647535     -0.39204265       5.6245903        5.6245903      -6254.5762             -6254.5762
              3       -3167.109      0.56468049      0.91512556         13.151037           11.380811      0.84252705     -0.37258764       5.6245903        5.6245903      -6345.4671             -6345.4671
              1      -3232.1421      0.56468049       0.8713092         13.156992           11.379111      0.83979872     -0.37193532       5.6245903        5.6245903      -6475.5333             -6475.5333
              2       -3251.049      0.56468049      0.87078035         13.158568           11.376323        0.847105     -0.37182536       5.6245903        5.6245903      -6513.3472             -6513.3472
              1      -3253.6449      0.56468049      0.87066844         13.158703           11.375724      0.84655755     -0.37318948       5.6245903        5.6245903      -6518.5389             -6518.5389
              1        -3357.12      0.56468049      0.86525213         13.166745           11.359045      0.85954013     -0.36109669       5.6245903        5.6245903      -6725.4892             -6725.4892
              2      -3392.3756      0.56468049      0.84674851          13.16484           11.355524      0.84853743     -0.33649294       5.6245903        5.6245903      -6796.0004             -6796.0004
              1      -3392.6166      0.56468049      0.84472968         13.158877           11.353742      0.85010047     -0.33808273       5.6245903        5.6245903      -6796.4824             -6796.4824
              6      -3401.7368      0.56468049      0.82352395         13.160933           11.357217      0.85298174     -0.34625078       5.6245903        5.6245903      -6814.7227             -6814.7227
              4      -3405.0512      0.55936773      0.82352395         13.160933           11.357217      0.85298174     -0.34625078       5.6245903        5.6245903      -6821.3516             -6821.3516
              1      -3405.3276      0.55936773      0.83274868         13.159412           11.355094      0.86017051     -0.34313031       5.6245903        5.6245903      -6821.9044             -6821.9044
              1      -3409.7274      0.54935355      0.83274868         13.159412           11.355094      0.86017051     -0.34313031       5.6245903        5.6245903       -6830.704              -6830.704
              1      -3452.0071      0.54935355      0.83741619         13.166499           11.346707      0.85797321     -0.34568701       5.6245903        5.6245903      -6915.2633             -6915.2633
              1      -3481.2222      0.54935355      0.83366743         13.173277           11.341939      0.85671168     -0.36985663       5.6245903        5.6245903      -6973.6937             -6973.6937
              1      -3497.7681      0.54935355      0.82530221         13.175375           11.340875      0.85214254     -0.36441225       5.6245903        5.6245903      -7006.7854             -7006.7854
              3      -3528.1496      0.54935355      0.84532812         13.188256           11.334242      0.85518498     -0.34846961       5.6245903        5.6245903      -7067.5484             -7067.5484
              1      -3537.9762      0.54935355      0.83915215         13.189246           11.334073      0.85892862     -0.34704967       5.6245903        5.6245903      -7087.2015             -7087.2015
              1      -3554.9165      0.54935355      0.81096239         13.190376           11.340641      0.87040843     -0.30088829       5.6245903        5.6245903      -7121.0821             -7121.0821
              2      -3567.7286      0.54935355      0.81110285         13.192371           11.338325      0.87347824      -0.3027335       5.6245903        5.6245903      -7146.7064             -7146.7064
              1      -3574.7488      0.54935355      0.80709396         13.196261           11.338741      0.87119142     -0.30352444       5.6245903        5.6245903      -7160.7467             -7160.7467
              3       -3610.228      0.54935355      0.81059198         13.195882           11.329464        0.866257     -0.29116305       5.6245903        5.6245903      -7231.7051             -7231.7051
              4      -3619.1145      0.54935355      0.81420929         13.199298           11.327585      0.86937659     -0.29321591       5.6245903        5.6245903      -7249.4781             -7249.4781
              2      -3638.3926      0.54935355       0.8174465         13.202032           11.324165      0.86767765     -0.26711859       5.6245903        5.6245903      -7288.0344             -7288.0344
              3      -3641.0587      0.54935355      0.81800356         13.210394           11.325795      0.87169344     -0.27668265       5.6245903        5.6245903      -7293.3666             -7293.3666
              3      -3651.1677      0.54935355      0.80831071         13.209372            11.32584      0.87545527      -0.2744739       5.6245903        5.6245903      -7313.5845             -7313.5845
              6      -3659.4679      0.54935355      0.82099746         13.212635           11.322312      0.88981632     -0.27809813       5.6245903        5.6245903       -7330.185              -7330.185
              7      -3689.1689      0.54935355      0.80662548         13.228898           11.322126      0.89479454     -0.31025398       5.6245903        5.6245903       -7389.587              -7389.587
              1      -3689.8854      0.54935355      0.80118476         13.227676           11.322864       0.8932006     -0.31084621       5.6245903        5.6245903        -7391.02               -7391.02
              2      -3729.4244      0.54935355      0.78409182         13.243354           11.322248      0.89526836      -0.3085585       5.6245903        5.6245903       -7470.098              -7470.098
              1      -3766.2277      0.54935355      0.77302875         13.239169           11.314287       0.9054823      -0.3219727       5.6245903        5.6245903      -7543.7046             -7543.7046
              2      -3780.9379      0.54935355      0.76953002         13.243592           11.312596      0.90002793     -0.31687253       5.6245903        5.6245903       -7573.125              -7573.125
              1      -3842.6632      0.54935355      0.76372533         13.243131           11.300518       0.9129658     -0.27992519       5.6245903        5.6245903      -7696.5755             -7696.5755
              3      -3842.7188      0.55057794      0.76372533         13.243131           11.300518       0.9129658     -0.27992519       5.6245903        5.6245903      -7696.6867             -7696.6867
              1        -3852.32      0.55057794      0.76338211         13.242272           11.297615      0.91326775     -0.28261433       5.6245903        5.6245903      -7715.8891             -7715.8891
              3       -3856.726      0.55057794      0.76112506          13.24377           11.297329      0.91204194     -0.28355594       5.6245903        5.6245903      -7724.7012             -7724.7012
              1      -3856.8727      0.55057794      0.73072416         13.236961           11.303559      0.91845918     -0.29500448       5.6245903        5.6245903      -7724.9945             -7724.9945
              3      -3856.2624      0.55930712      0.73072416         13.236961           11.303559      0.91845918     -0.29500448       5.6245903        5.6245903       -7723.774              -7723.774
              1      -3856.1886      0.55977424      0.73072416         13.236961           11.303559      0.91845918     -0.29500448       5.6245903        5.6245903      -7723.6263             -7723.6263
              5      -3858.8263      0.55977424      0.72511974         13.236283           11.304307       0.9197004     -0.29500503       5.6245903        5.6245903      -7728.9019             -7728.9019
              1      -3858.6625      0.55977424      0.72224071         13.234246            11.30473      0.91818198     -0.29041076       5.6245903        5.6245903      -7728.5742             -7728.5742
              4      -3891.1538      0.55977424        0.738358         13.237076           11.291633        0.907378     -0.28474577       5.6245903        5.6245903      -7793.5568             -7793.5568
              2       -3893.014      0.55977424      0.73703086         13.246517           11.295042      0.90605655     -0.27107217       5.6245903        5.6245903      -7797.2772             -7797.2772
              1      -3903.7537      0.55977424      0.73880319         13.246078           11.291361      0.90251085     -0.26738835       5.6245903        5.6245903      -7818.7565             -7818.7565
              2      -3981.1588      0.55977424      0.72763169         13.253417           11.275702      0.91636761     -0.26776497       5.6245903        5.6245903      -7973.5668             -7973.5668
              3       -4060.271      0.55977424      0.71702924         13.250615           11.253623      0.91942763     -0.28751511       5.6245903        5.6245903      -8131.7911             -8131.7911
              1      -4071.5157      0.55977424      0.69885185         13.242943           11.256414      0.94126149     -0.27235365       5.6245903        5.6245903      -8154.2806             -8154.2806
              4       -4088.063      0.55977424      0.69848566         13.252813           11.254724      0.94418204     -0.26839145       5.6245903        5.6245903      -8187.3752             -8187.3752
              7      -4168.9685      0.55977424      0.65465637         13.264189           11.245042      0.93887229      -0.2811336       5.6245903        5.6245903      -8349.1863             -8349.1863
              4      -4179.0457      0.55977424       0.6574013         13.262959           11.242069      0.93651627     -0.25825947       5.6245903        5.6245903      -8369.3405             -8369.3405
              1      -4185.7322      0.55977424       0.6393072         13.264016           11.244129      0.92267961     -0.26842962       5.6245903        5.6245903      -8382.7137             -8382.7137
              5      -4187.1615      0.54227086       0.6393072         13.264016           11.244129      0.92267961     -0.26842962       5.6245903        5.6245903      -8385.5721             -8385.5721
              1      -4241.2558      0.54227086      0.64765213         13.268675            11.22569      0.91557435     -0.26120892       5.6245903        5.6245903      -8493.7609             -8493.7609
              4      -4241.5897      0.54227086       0.6482172         13.269153           11.225536       0.9162954     -0.26183734       5.6245903        5.6245903      -8494.4286             -8494.4286
              1      -4247.7236      0.54227086      0.64529206         13.271132           11.224822      0.91488891     -0.26306365       5.6245903        5.6245903      -8506.6965             -8506.6965
              2       -4248.204      0.54227086       0.6448645         13.270974           11.224762      0.91495311     -0.26321608       5.6245903        5.6245903      -8507.6571             -8507.6571
              6      -4263.9314      0.54227086      0.66074021         13.269361           11.213236      0.91468942     -0.28344665       5.6245903        5.6245903       -8539.112              -8539.112
              1      -4268.0857      0.54227086      0.65171031          13.26616            11.21442      0.91082086      -0.2707473       5.6245903        5.6245903      -8547.4206             -8547.4206
              3      -4268.4855      0.54227086        0.651435         13.266315           11.214445       0.9110672     -0.27049576       5.6245903        5.6245903      -8548.2202             -8548.2202
              3      -4269.6574      0.54227086      0.64829532         13.264013           11.214373      0.90858695     -0.27010386       5.6245903        5.6245903      -8550.5641             -8550.5641
              1      -4347.3493      0.54227086      0.62598153         13.275432           11.198856      0.90571117     -0.26468346       5.6245903        5.6245903      -8705.9479             -8705.9479
              1      -4346.8488      0.54227086      0.62642051         13.275518           11.199059      0.90561301     -0.26148384       5.6245903        5.6245903      -8704.9468             -8704.9468
              1      -4359.0914      0.54227086      0.60781099         13.277944           11.200912      0.89832421     -0.26582843       5.6245903        5.6245903      -8729.4319             -8729.4319
              6      -4362.3262      0.54227086      0.60527853          13.27833           11.201099      0.89927256     -0.26016476       5.6245903        5.6245903      -8735.9017             -8735.9017
              1      -4365.3919      0.54227086      0.57314998         13.290534           11.211681      0.88786821     -0.27966684       5.6245903        5.6245903      -8742.0329             -8742.0329
              2      -4366.7713      0.54227086      0.57225737         13.290256           11.211459      0.88799891     -0.27968187       5.6245903        5.6245903      -8744.7918             -8744.7918
              2      -4416.5435      0.54227086      0.57056986         13.304652           11.198635      0.89393251     -0.28257608       5.6245903        5.6245903      -8844.3362             -8844.3362
              3      -4422.6396      0.54227086      0.56036929         13.307829           11.200883      0.89403189     -0.27822204       5.6245903        5.6245903      -8856.5283             -8856.5283
              5      -4471.2248      0.54227086      0.55068135         13.307397           11.187192      0.88775635     -0.27080403       5.6245903        5.6245903      -8953.6988             -8953.6988
              1      -4494.2491      0.54227086      0.52636681          13.30977           11.188161      0.88130814     -0.25795349       5.6245903        5.6245903      -8999.7475             -8999.7475
              1      -4543.0016      0.54227086      0.50586566         13.309302           11.179558      0.90289561     -0.25047216       5.6245903        5.6245903      -9097.2523             -9097.2523
              1      -4542.4255      0.54227086      0.50517427         13.307636           11.179634      0.90275839     -0.25084823       5.6245903        5.6245903      -9096.1001             -9096.1001
              2      -4570.9825      0.54227086      0.49628847         13.309737           11.171502      0.89941366     -0.27347315       5.6245903        5.6245903      -9153.2142             -9153.2142
              3      -4585.4091      0.54227086      0.49002649         13.306113           11.167804      0.90325155     -0.27630998       5.6245903        5.6245903      -9182.0674             -9182.0674
              2       -4585.913      0.54227086      0.48150782         13.308222           11.170748       0.9034037     -0.28281027       5.6245903        5.6245903      -9183.0752             -9183.0752
              1      -4585.9685      0.54227086      0.48345433         13.306768           11.169166       0.9086232     -0.30022239       5.6245903        5.6245903      -9183.1862             -9183.1862
              1      -4626.0491      0.54227086      0.47992026          13.28961           11.155056      0.92751143     -0.26711143       5.6245903        5.6245903      -9263.3474             -9263.3474
              1      -4638.7204      0.54227086      0.45143795          13.28014           11.157901      0.92269577     -0.27394136       5.6245903        5.6245903      -9288.6901             -9288.6901
              1      -4651.4892      0.54227086      0.44792986         13.282156           11.154806      0.92225616     -0.27440921       5.6245903        5.6245903      -9314.2276             -9314.2276
              1      -4651.1624      0.54368284      0.44792986         13.282156           11.154806      0.92225616     -0.27440921       5.6245903        5.6245903       -9313.574              -9313.574
              1      -4650.6697      0.54368284      0.45960231         13.276177           11.148839      0.91456006     -0.27816707       5.6245903        5.6245903      -9312.5887             -9312.5887
              2      -4671.9299      0.54368284      0.44695475         13.273377           11.144741      0.91433507     -0.28005091       5.6245903        5.6245903      -9355.1089             -9355.1089
              1      -4691.4788      0.54368284       0.4480205         13.282748           11.138533      0.91677789     -0.29006839       5.6245903        5.6245903      -9394.2068             -9394.2068
              4       -4696.487      0.54368284      0.45551744          13.28007           11.133803      0.91969444     -0.28471846       5.6245903        5.6245903      -9404.2233             -9404.2233
              1      -4704.2241      0.54368284      0.44711479         13.277309           11.133561      0.91786254      -0.2787321       5.6245903        5.6245903      -9419.6974             -9419.6974
              3      -4705.6027      0.51686029      0.44711479         13.277309           11.133561      0.91786254      -0.2787321       5.6245903        5.6245903      -9422.4545             -9422.4545
              3      -4747.5082      0.51686029      0.41194609         13.294968           11.133294      0.91962332     -0.29339848       5.6245903        5.6245903      -9506.2656             -9506.2656
              1      -4747.7457      0.51686029       0.4154299         13.296002           11.132403      0.92155297     -0.28911802       5.6245903        5.6245903      -9506.7406             -9506.7406
              1      -4754.9471      0.51686029      0.41040131         13.293844           11.131323      0.92095096     -0.28275344       5.6245903        5.6245903      -9521.1434             -9521.1434
              1       -4764.333      0.51686029      0.39456527         13.301858           11.135193      0.92433574     -0.28048952       5.6245903        5.6245903      -9539.9152             -9539.9152
              2      -4766.0814      0.52698131      0.39456527         13.301858           11.135193      0.92433574     -0.28048952       5.6245903        5.6245903       -9543.412              -9543.412
              3      -4771.9846      0.52698131      0.38950235         13.299706            11.13372      0.92022243     -0.29075177       5.6245903        5.6245903      -9555.2184             -9555.2184
              2      -4778.2412      0.52698131      0.41325224         13.301121           11.122588      0.91973091     -0.29647744       5.6245903        5.6245903      -9567.7316             -9567.7316
              2      -4776.0354      0.53988835      0.41325224         13.301121           11.122588      0.91973091     -0.29647744       5.6245903        5.6245903      -9563.3201             -9563.3201
              1      -4808.5182      0.53988835      0.40857819          13.30576           11.112429      0.91970518     -0.29354543       5.6245903        5.6245903      -9628.2855             -9628.2855
              1      -4827.9513      0.53988835      0.39063815         13.299756           11.109879      0.93472589     -0.31895262       5.6245903        5.6245903      -9667.1518             -9667.1518
              1      -4842.6823      0.53988835      0.35645154         13.310493            11.11759      0.92335973     -0.33493839       5.6245903        5.6245903      -9696.6138             -9696.6138
              4      -4849.3107      0.53988835      0.36100194         13.294399           11.108045      0.90661453     -0.35870383       5.6245903        5.6245903      -9709.8707             -9709.8707
              3       -4850.137      0.53988835      0.35997301          13.29655           11.108276      0.90491368     -0.36186023       5.6245903        5.6245903      -9711.5232             -9711.5232
              2       -4875.828      0.53988835        0.359524         13.309768           11.101099      0.91511789     -0.35982435       5.6245903        5.6245903      -9762.9053             -9762.9053
              1      -4887.5131      0.53988835      0.33268453         13.313769           11.107374      0.91409434     -0.36064265       5.6245903        5.6245903      -9786.2754             -9786.2754
              1      -4899.5363      0.53988835      0.32928641         13.313385           11.103714      0.91182818      -0.3575999       5.6245903        5.6245903      -9810.3218             -9810.3218
              1      -4893.7431      0.53988835      0.33270128         13.316085           11.105416      0.90927742     -0.35183549       5.6245903        5.6245903      -9798.7355             -9798.7355
              2      -4894.0786      0.53988835       0.3291022          13.31036           11.107212        0.916724     -0.32791617       5.6245903        5.6245903      -9799.4063             -9799.4063
              1      -4901.3692      0.53988835      0.33462187         13.309076           11.102434      0.91706143     -0.31582747       5.6245903        5.6245903      -9813.9875             -9813.9875
              1      -4909.2636      0.53988835      0.34145165         13.307432           11.095653      0.92122362     -0.33082993       5.6245903        5.6245903      -9829.7764             -9829.7764
              1      -4911.3406      0.53988835      0.33987114         13.310363           11.096342      0.92638615     -0.32835072       5.6245903        5.6245903      -9833.9304             -9833.9304
              1      -4929.5061      0.53988835        0.319143         13.299183           11.095272      0.93098958      -0.3258414       5.6245903        5.6245903      -9870.2613             -9870.2613
              1      -4961.6711      0.53988835      0.30429557         13.305206           11.088472      0.92746283      -0.3268615       5.6245903        5.6245903      -9934.5915             -9934.5915
              3      -4988.7487      0.53988835      0.29735138         13.292937           11.077966      0.92555832     -0.31552088       5.6245903        5.6245903      -9988.7466             -9988.7466
              1      -4993.2432       0.5264961      0.29735138         13.292937           11.077966      0.92555832     -0.31552088       5.6245903        5.6245903      -9997.7357             -9997.7357
              3      -4998.7442       0.5264961       0.2833372         13.291443           11.080497      0.92344807     -0.32260748       5.6245903        5.6245903      -10008.737             -10008.737
              4      -4998.4406       0.5264961       0.2958143         13.297811           11.077398      0.93876253     -0.32594134       5.6245903        5.6245903       -10008.13              -10008.13
              2      -5000.7603       0.5264961      0.28705382         13.299584           11.080886       0.9412298     -0.31281493       5.6245903        5.6245903       -10012.77              -10012.77
              2      -5012.3585       0.5264961      0.29235349          13.29454           11.073143      0.92243292     -0.28882896       5.6245903        5.6245903      -10035.966             -10035.966
              1      -5024.2487       0.5264961      0.31377517         13.307096           11.060958       0.9211596     -0.30272656       5.6245903        5.6245903      -10059.747             -10059.747
              1      -5033.3865       0.5264961       0.3015514         13.315255           11.063248      0.91832939     -0.29907832       5.6245903        5.6245903      -10078.022             -10078.022
              2      -5053.0488       0.5264961      0.28951239         13.312678           11.058585      0.91661908     -0.30996806       5.6245903        5.6245903      -10117.347             -10117.347
              3      -5064.3693       0.5264961      0.29587959         13.314273            11.05115      0.91814592     -0.31499208       5.6245903        5.6245903      -10139.988             -10139.988
              4      -5067.2379       0.5264961      0.29411256          13.31464           11.050754      0.91886558     -0.31354307       5.6245903        5.6245903      -10145.725             -10145.725
              2      -5065.8815      0.53057382      0.29411256          13.31464           11.050754      0.91886558     -0.31354307       5.6245903        5.6245903      -10143.012             -10143.012
              1      -5099.6251      0.53057382      0.28931076         13.324691           11.039518      0.92598912     -0.31265158       5.6245903        5.6245903      -10210.499             -10210.499
              2      -5113.1499      0.53057382      0.25784655         13.332655           11.046016      0.92075714     -0.34645689       5.6245903        5.6245903      -10237.549             -10237.549
              3      -5117.7154      0.53057382      0.25671613         13.332449           11.044271      0.92048178     -0.34872662       5.6245903        5.6245903       -10246.68              -10246.68
              3      -5120.7726      0.53057382      0.25517729         13.331929           11.043601       0.9216437      -0.3462738       5.6245903        5.6245903      -10252.794             -10252.794
              1      -5126.5674      0.53057382      0.25306429         13.332715           11.041986      0.92176319     -0.34585826       5.6245903        5.6245903      -10264.384             -10264.384
              1      -5127.4753      0.53057382      0.25368087         13.331115           11.041162      0.92374988     -0.34571315       5.6245903        5.6245903        -10266.2               -10266.2
              3      -5131.5317      0.53057382      0.24356383         13.328263           11.043198      0.92303583     -0.34312271       5.6245903        5.6245903      -10274.313             -10274.313
              1      -5163.4725      0.53057382      0.24195455         13.325458           11.029955      0.92997881      -0.3222987       5.6245903        5.6245903      -10338.194             -10338.194
              2      -5165.3019      0.52585882      0.24195455         13.325458           11.029955      0.92997881      -0.3222987       5.6245903        5.6245903      -10341.853             -10341.853
              1      -5173.4495      0.52585882       0.2334577         13.322346           11.028997      0.93940478     -0.33963837       5.6245903        5.6245903      -10358.148             -10358.148
              2      -5246.2268      0.52585882      0.18821045         13.318629           11.011895      0.91727839     -0.35913322       5.6245903        5.6245903      -10503.703             -10503.703
              3      -5278.4135      0.52585882      0.16827177            13.308           11.004106      0.92377829     -0.35256234       5.6245903        5.6245903      -10568.076             -10568.076
              1      -5283.5473      0.52585882      0.16018033         13.313096           11.006646      0.92482816     -0.33625723       5.6245903        5.6245903      -10578.344             -10578.344
              2      -5309.2837      0.52585882      0.15780752         13.325718            10.99687      0.93536626     -0.34983787       5.6245903        5.6245903      -10629.817             -10629.817
              5       -5340.098      0.52585882      0.15052318         13.319841           10.983307      0.92658996     -0.35841823       5.6245903        5.6245903      -10691.445             -10691.445
              1       -5339.654      0.52585882      0.14915174         13.319071           10.984037      0.92613708     -0.35790687       5.6245903        5.6245903      -10690.557             -10690.557
              1      -5343.1963      0.51765366      0.14915174         13.319071           10.984037      0.92613708     -0.35790687       5.6245903        5.6245903      -10697.642             -10697.642
              1      -5368.1395      0.51765366      0.12401686         13.323566            10.98488       0.9293773     -0.32285034       5.6245903        5.6245903      -10747.528             -10747.528
              1      -5368.8714      0.51765366      0.13076902          13.32383           10.981727      0.92940262     -0.31785059       5.6245903        5.6245903      -10748.992             -10748.992
              1      -5403.7568      0.51765366      0.11794346          13.33022           10.970444      0.93257071     -0.33041015       5.6245903        5.6245903      -10818.763             -10818.763
              1      -5409.3876      0.51765366      0.11467514         13.324766           10.968392      0.93332506     -0.33003733       5.6245903        5.6245903      -10830.024             -10830.024
              4      -5421.1147      0.51765366      0.10750026         13.324715           10.965057      0.91591446     -0.32839797       5.6245903        5.6245903      -10853.479             -10853.479
              1      -5429.8429      0.51765366      0.11904465         13.331582           10.954911      0.91465128     -0.36356199       5.6245903        5.6245903      -10870.935             -10870.935
              2      -5430.3827      0.51765366      0.11829832         13.332576           10.955137      0.91558339      -0.3634255       5.6245903        5.6245903      -10872.015             -10872.015
              6      -5434.9955      0.51765366      0.12591185         13.333851           10.949148      0.91431985     -0.37005941       5.6245903        5.6245903       -10881.24              -10881.24
              4      -5443.1511      0.51765366      0.12560928         13.338514           10.946008      0.91697314     -0.36127721       5.6245903        5.6245903      -10897.551             -10897.551
              1      -5450.6894      0.51765366      0.12545086         13.340536           10.942046      0.91463108     -0.36841036       5.6245903        5.6245903      -10912.628             -10912.628
              2      -5450.2486      0.51765366      0.13563587         13.335354           10.937008      0.92359675     -0.37509254       5.6245903        5.6245903      -10911.746             -10911.746
              1       -5455.417      0.51765366      0.12902193         13.340051           10.938956      0.93735124     -0.35867786       5.6245903        5.6245903      -10922.083             -10922.083
              3      -5461.9978      0.51765366      0.13014226         13.339199           10.934955      0.93740633     -0.35553563       5.6245903        5.6245903      -10935.245             -10935.245
              7      -5478.7258      0.51765366      0.11627247         13.343991           10.932968      0.93431076     -0.35529139       5.6245903        5.6245903      -10968.701             -10968.701
              5      -5479.6911      0.51765366      0.15536442         13.368517           10.917575      0.92962998     -0.32957109       5.6245903        5.6245903      -10970.631             -10970.631
              3      -5482.8573      0.51765366      0.14158348         13.375037           10.923457      0.93045995     -0.31881121       5.6245903        5.6245903      -10976.964             -10976.964
              3      -5489.6957      0.51765366      0.14833215         13.363692           10.915719      0.93525593     -0.31109314       5.6245903        5.6245903      -10990.641             -10990.641
              1      -5500.2979      0.51765366      0.13486786         13.364696           10.917247      0.93445817     -0.28530569       5.6245903        5.6245903      -11011.845             -11011.845
              2      -5507.9677      0.51765366      0.14153767         13.359817           10.909061      0.93942508     -0.29770365       5.6245903        5.6245903      -11027.185             -11027.185
              1      -5527.1562      0.51765366      0.13215614         13.354537           10.902333      0.93192293     -0.28869312       5.6245903        5.6245903      -11065.561             -11065.561
              1      -5529.7696      0.51248354      0.13215614         13.354537           10.902333      0.93192293     -0.28869312       5.6245903        5.6245903      -11070.788             -11070.788
              2      -5532.6883      0.51248354      0.14725275         13.363275           10.894879      0.93199228     -0.27452565       5.6245903        5.6245903      -11076.626             -11076.626
              1      -5532.8312      0.51248354      0.14722635         13.363232           10.894805      0.93211097     -0.27473255       5.6245903        5.6245903      -11076.912             -11076.912
              4      -5536.2063      0.50310785      0.14722635         13.363232           10.894805      0.93211097     -0.27473255       5.6245903        5.6245903      -11083.662             -11083.662
              3      -5539.4695      0.50310785      0.14646135         13.362811           10.893496      0.93319809     -0.26991333       5.6245903        5.6245903      -11090.188             -11090.188
              1      -5559.8762      0.50310785      0.13340442         13.363914           10.889067      0.93657333     -0.25220609       5.6245903        5.6245903      -11131.002             -11131.002
              4      -5562.3395      0.50310785       0.1358771         13.362041           10.886248      0.92905656     -0.24700512       5.6245903        5.6245903      -11135.928             -11135.928
              1      -5561.5838      0.50310785      0.13465021         13.362034            10.88725      0.92850848     -0.24627087       5.6245903        5.6245903      -11134.417             -11134.417
              1       -5593.106      0.50310785      0.11100598          13.36634           10.881379      0.93138421      -0.2449604       5.6245903        5.6245903      -11197.461             -11197.461
              3      -5595.2209      0.50310785      0.11081489         13.364632           10.880201      0.93069018     -0.24098395       5.6245903        5.6245903      -11201.691             -11201.691
              1      -5605.9049      0.50310785       0.1040616         13.369407           10.877378      0.93020748     -0.25735314       5.6245903        5.6245903      -11223.059             -11223.059
             20      -5623.7028      0.50310785      0.10168372         13.371607            10.86844      0.91648838     -0.24602352       5.6245903        5.6245903      -11258.655             -11258.655
              6      -5623.5272      0.50310785      0.10158329         13.372034           10.868571      0.91668608     -0.24849169       5.6245903        5.6245903      -11258.304             -11258.304
              4      -5629.6817      0.50310785       0.1028082         13.375724           10.864669      0.91554043     -0.25106834       5.6245903        5.6245903      -11270.613             -11270.613
              3      -5651.5359      0.50310785      0.10783422         13.373923            10.84904       0.9200168     -0.26734189       5.6245903        5.6245903      -11314.321             -11314.321
              6      -5650.4133      0.50310785      0.11200318         13.372629           10.847719      0.91995257     -0.26047597       5.6245903        5.6245903      -11312.076             -11312.076
              2      -5684.1732      0.50310785      0.10989378         13.372336           10.828903      0.91561325     -0.24657929       5.6245903        5.6245903      -11379.596             -11379.596
              1      -5693.6169      0.50310785       0.1098067         13.376336           10.823882      0.91413075     -0.23321485       5.6245903        5.6245903      -11398.483             -11398.483
              7      -5697.0442      0.50310785      0.10941131         13.376831           10.821931      0.91355617     -0.23699806       5.6245903        5.6245903      -11405.338             -11405.338
              4      -5706.9511      0.50310785      0.10576958         13.373075           10.817751      0.91794355     -0.22855726       5.6245903        5.6245903      -11425.151             -11425.151
              2      -5711.2398      0.50310785      0.10315652         13.374205           10.816623      0.92105907     -0.22886542       5.6245903        5.6245903      -11433.729             -11433.729
              1      -5719.2519      0.50310785      0.10155469         13.372242           10.812541      0.92016858     -0.22027904       5.6245903        5.6245903      -11449.753             -11449.753
              2      -5729.1895      0.50310785      0.10420133         13.376712           10.805024      0.91609679     -0.23167802       5.6245903        5.6245903      -11469.628             -11469.628
              2      -5728.3175      0.50310785      0.10557237         13.376347           10.804844       0.9164445     -0.23195384       5.6245903        5.6245903      -11467.884             -11467.884
              9      -5737.5719      0.50310785      0.12509647         13.382397           10.789633      0.92041092     -0.23645238       5.6245903        5.6245903      -11486.393             -11486.393
              5      -5756.4837      0.50310785      0.10163624         13.402961           10.791175      0.91828932     -0.23766588       5.6245903        5.6245903      -11524.217             -11524.217
              1      -5761.1502      0.50310785      0.10065558         13.397815           10.788145      0.91925275     -0.24646431       5.6245903        5.6245903      -11533.549             -11533.549
             18      -5767.9345       0.4706632      0.10065558         13.397815           10.788145      0.91925275     -0.24646431       5.6245903        5.6245903      -11547.118             -11547.118
              4      -5772.6263       0.4706632      0.10030697         13.395774           10.785444      0.92117069     -0.24519707       5.6245903        5.6245903      -11556.502             -11556.502
              4      -5792.5014       0.4706632       0.1134233         13.407223           10.768037      0.91603778     -0.23462623       5.6245903        5.6245903      -11596.252             -11596.252
              2      -5810.1035       0.4706632      0.10712234         13.410945           10.760653      0.91371271      -0.2291629       5.6245903        5.6245903      -11631.456             -11631.456
             12      -5811.6647       0.4706632      0.10400658         13.409585           10.761149      0.91324015     -0.22716969       5.6245903        5.6245903      -11634.579             -11634.579
              1      -5810.0341      0.46334849      0.10400658         13.409585           10.761149      0.91324015     -0.22716969       5.6245903        5.6245903      -11631.317             -11631.317
              2      -5819.6806      0.46334849      0.11472759         13.413512           10.750383      0.91111608     -0.22641514       5.6245903        5.6245903       -11650.61              -11650.61
              2      -5832.4508      0.46334849      0.10268372         13.426571           10.749536      0.92525431     -0.21626469       5.6245903        5.6245903      -11676.151             -11676.151
              1      -5831.7662      0.46334849      0.10471048         13.427454           10.749227      0.93650719     -0.21502077       5.6245903        5.6245903      -11674.782             -11674.782
              1      -5835.2049      0.46334849      0.11456166         13.426214           10.742259      0.93598533     -0.21557122       5.6245903        5.6245903      -11681.659             -11681.659
              2      -5841.5328      0.46334849      0.11164059         13.434917           10.740026      0.93584646     -0.23272531       5.6245903        5.6245903      -11694.315             -11694.315
              6      -5844.1297      0.46334849      0.11055009         13.437232           10.739146      0.93554186     -0.22737418       5.6245903        5.6245903      -11699.508             -11699.508
              1      -5842.7902      0.46334849      0.11033013         13.437301           10.740084      0.93513252     -0.22701868       5.6245903        5.6245903       -11696.83              -11696.83
              1      -5845.0296      0.46334849       0.1143468         13.435093           10.736582      0.92815184       -0.221739       5.6245903        5.6245903      -11701.308             -11701.308
              1      -5847.4838      0.46334849      0.11265496         13.434807           10.735841       0.9280329     -0.22352378       5.6245903        5.6245903      -11706.217             -11706.217
              5      -5851.8104      0.46334849      0.11787095         13.439653           10.730894      0.92967842     -0.22380962       5.6245903        5.6245903       -11714.87              -11714.87
              1      -5852.3612      0.46334849      0.13412768         13.436469           10.722461      0.93034381     -0.22357793       5.6245903        5.6245903      -11715.972             -11715.972
              2      -5867.0405      0.46334849      0.12756176         13.443854           10.716833      0.93488395     -0.22840316       5.6245903        5.6245903       -11745.33              -11745.33
              2      -5870.0981      0.46334849      0.12843971         13.449346           10.714994      0.93039709       -0.204283       5.6245903        5.6245903      -11751.445             -11751.445
              2      -5891.7767      0.46334849      0.11829646         13.453101            10.70631      0.92872856     -0.20645092       5.6245903        5.6245903      -11794.803             -11794.803
              2      -5895.3516      0.46334849      0.11988257         13.454847           10.703607      0.94198126     -0.19926732       5.6245903        5.6245903      -11801.952             -11801.952
              2       -5899.953      0.46334849      0.11120859         13.451925           10.704797      0.94320861     -0.20177822       5.6245903        5.6245903      -11811.155             -11811.155
              1      -5913.9325      0.46334849      0.11571063         13.455772           10.693819      0.93814527     -0.18481959       5.6245903        5.6245903      -11839.114             -11839.114
              4      -5918.6874      0.46334849      0.11608549         13.449888           10.690332      0.94259857     -0.18329201       5.6245903        5.6245903      -11848.624             -11848.624
              4      -5922.0751      0.46334849      0.11874484         13.447574           10.686405       0.9376675     -0.19795473       5.6245903        5.6245903      -11855.399             -11855.399
              5      -5926.7744      0.46334849      0.12007369         13.438415           10.682094      0.94048064     -0.20997576       5.6245903        5.6245903      -11864.798             -11864.798
              1      -5926.4728      0.46334849      0.11974504         13.431087           10.682095      0.94126816     -0.21070842       5.6245903        5.6245903      -11864.195             -11864.195
              4      -5956.8001      0.46334849      0.10187017         13.429752           10.670251      0.91948332     -0.24299987       5.6245903        5.6245903      -11924.849             -11924.849
              8      -5979.5468      0.46334849      0.10006489         13.436845            10.65681      0.92733337     -0.20428469       5.6245903        5.6245903      -11970.343             -11970.343
             36       -5981.121      0.46334849      0.10137748         13.435709           10.654974      0.92620152     -0.20632636       5.6245903        5.6245903      -11973.491             -11973.491
              8       -5979.935      0.46334849      0.10607089         13.435235           10.653361      0.92504723      -0.2044313       5.6245903        5.6245903      -11971.119             -11971.119
              4      -5983.5949      0.46334849      0.10803244         13.422759           10.649173       0.9319997      -0.2205077       5.6245903        5.6245903      -11978.439             -11978.439
              2      -5987.6197      0.46334849        0.126533         13.426193           10.637149      0.93279301     -0.21765267       5.6245903        5.6245903      -11986.489             -11986.489
              1      -5998.5599      0.46334849      0.11654496         13.431914            10.63504      0.93378365     -0.21708433       5.6245903        5.6245903      -12008.369             -12008.369
              2      -6011.2957      0.46334849      0.10748176         13.435318           10.631154      0.93561181     -0.21108412       5.6245903        5.6245903      -12033.841             -12033.841
              2      -6013.7898      0.46334849      0.11392279         13.432548           10.625984      0.93312363     -0.20542953       5.6245903        5.6245903      -12038.829             -12038.829
              1      -6026.1248      0.46334849      0.10677131         13.426629           10.620661      0.93707004     -0.22140003       5.6245903        5.6245903      -12063.499             -12063.499
              2      -6027.8768      0.46334849      0.10691313         13.429224           10.619369      0.93397502     -0.22664806       5.6245903        5.6245903      -12067.003             -12067.003
              2      -6030.3402      0.46334849      0.11882857         13.424278           10.611202      0.92721724     -0.21853502       5.6245903        5.6245903       -12071.93              -12071.93
              2      -6044.4526      0.46334849       0.1144126         13.431297           10.603643      0.92559669     -0.23077412       5.6245903        5.6245903      -12100.154             -12100.154
              1      -6039.9832      0.46334849      0.11733838         13.424213           10.604741      0.92485324     -0.25039827       5.6245903        5.6245903      -12091.216             -12091.216
              3      -6038.3705      0.46334849       0.1177101         13.421413           10.605608      0.92215326     -0.24385485       5.6245903        5.6245903       -12087.99              -12087.99
              1      -6056.2065      0.46334849      0.10812247         13.424807           10.597982      0.91593322     -0.24372843       5.6245903        5.6245903      -12123.662             -12123.662
              5      -6061.3745      0.46334849      0.10748771         13.419673           10.594354      0.91780581     -0.24746617       5.6245903        5.6245903      -12133.998             -12133.998
              2      -6061.5221      0.46334849      0.11453148         13.420979            10.59052      0.91845499     -0.25430226       5.6245903        5.6245903      -12134.293             -12134.293
              1      -6067.1106      0.46334849      0.11157756         13.417168            10.58795      0.92336107     -0.25263068       5.6245903        5.6245903       -12145.47              -12145.47
              7      -6071.9887      0.46334849      0.10723843         13.419046           10.586839      0.92502845     -0.25050935       5.6245903        5.6245903      -12155.227             -12155.227
              4      -6092.3102      0.46334849      0.11614657         13.431616           10.567318      0.90865933     -0.27259854       5.6245903        5.6245903       -12195.87              -12195.87
              1       -6094.205      0.45604251      0.11614657         13.431616           10.567318      0.90865933     -0.27259854       5.6245903        5.6245903      -12199.659             -12199.659
              1      -6098.4227      0.45604251      0.11190502         13.426657           10.566281      0.90685347     -0.27023825       5.6245903        5.6245903      -12208.095             -12208.095
              1      -6101.1368      0.45604251      0.10952017          13.42747            10.56565      0.90796903     -0.26538071       5.6245903        5.6245903      -12213.523             -12213.523
              8      -6098.8744      0.45604251      0.10790768          13.42368            10.56803      0.91640135     -0.27014432       5.6245903        5.6245903      -12208.998             -12208.998
              4      -6099.8985      0.45604251      0.10587137         13.429352           10.568541      0.92144511     -0.28030231       5.6245903        5.6245903      -12211.046             -12211.046
              2       -6100.555      0.45604251      0.10553208         13.429408           10.568243      0.92149294     -0.28041179       5.6245903        5.6245903      -12212.359             -12212.359
             11      -6106.3664      0.45604251      0.10108788         13.425813             10.5662      0.91114549     -0.26978636       5.6245903        5.6245903      -12223.982             -12223.982
              7      -6115.7907      0.45604251      0.11145317         13.425833           10.553716      0.91621597     -0.28487698       5.6245903        5.6245903      -12242.831             -12242.831
              2      -6118.6713      0.45604251      0.10198684         13.425427           10.556621      0.91349261     -0.27899358       5.6245903        5.6245903      -12248.592             -12248.592
              4      -6134.6995      0.45604251      0.11333351         13.411825           10.538114      0.90394777     -0.27240152       5.6245903        5.6245903      -12280.648             -12280.648
              2      -6143.1409      0.45604251      0.11076785         13.411851           10.533284       0.9131779     -0.26855083       5.6245903        5.6245903      -12297.531             -12297.531
              2      -6143.2511      0.45604251      0.11074644         13.411827            10.53321      0.91321413     -0.26876969       5.6245903        5.6245903      -12297.751             -12297.751
              3      -6142.4582       0.4341436      0.11074644         13.411827            10.53321      0.91321413     -0.26876969       5.6245903        5.6245903      -12296.166             -12296.166
              1       -6145.273       0.4341436      0.11293806         13.396942           10.529596      0.91103272     -0.25901044       5.6245903        5.6245903      -12301.795             -12301.795
              4      -6149.7734       0.4341436      0.12594313         13.401143           10.520049       0.9065281     -0.23703844       5.6245903        5.6245903      -12310.796             -12310.796
              1      -6163.4025       0.4341436      0.11139393         13.408768            10.51791      0.90767103     -0.23703906       5.6245903        5.6245903      -12338.054             -12338.054
              1      -6166.9653       0.4341436      0.10609852         13.407131            10.51793      0.90177602      -0.2374533       5.6245903        5.6245903       -12345.18              -12345.18
              2      -6166.9518       0.4341436      0.11012144         13.404854           10.515776      0.90177284     -0.24114141       5.6245903        5.6245903      -12345.153             -12345.153
              1        -6191.41       0.4341436      0.10006817          13.40624           10.503215      0.90116402     -0.22618909       5.6245903        5.6245903      -12394.069             -12394.069
              9      -6191.7039      0.43538218      0.10006817          13.40624           10.503215      0.90116402     -0.22618909       5.6245903        5.6245903      -12394.657             -12394.657
              3      -6198.2155      0.43538218      0.10029468         13.405852           10.498282      0.90583466     -0.22849909       5.6245903        5.6245903       -12407.68              -12407.68
              3      -6198.2456      0.43538218      0.11680908         13.409703           10.489932      0.90003809     -0.20502718       5.6245903        5.6245903       -12407.74              -12407.74
              1      -6198.4618      0.44607214      0.11680908         13.409703           10.489932      0.90003809     -0.20502718       5.6245903        5.6245903      -12408.173             -12408.173
              1       -6204.306      0.44607214      0.13501464         13.410031           10.475729      0.90292973     -0.20739175       5.6245903        5.6245903      -12419.861             -12419.861
              2      -6205.7097      0.44607214      0.13345427         13.413515            10.47602      0.91479955     -0.16639642       5.6245903        5.6245903      -12422.669             -12422.669
              1      -6206.1328      0.44607214      0.13262858         13.413239           10.476126      0.91630528     -0.16808108       5.6245903        5.6245903      -12423.515             -12423.515
              3      -6206.1297      0.44607214      0.13263137         13.413234           10.476127      0.91630524     -0.16807936       5.6245903        5.6245903      -12423.509             -12423.509
              5      -6219.8177      0.44607214      0.10098139         13.413828            10.48276      0.91946531     -0.14271057       5.6245903        5.6245903      -12450.885             -12450.885
              1      -6219.2624      0.44607214      0.10372762         13.416405           10.481798      0.92023642     -0.14384074       5.6245903        5.6245903      -12449.774             -12449.774
              3      -6224.2366      0.44607214       0.1118997         13.414372           10.473507      0.91475104      -0.1292564       5.6245903        5.6245903      -12459.722             -12459.722
              3      -6235.3138      0.44607214      0.11586179         13.405551           10.462092      0.91381683     -0.16375654       5.6245903        5.6245903      -12481.877             -12481.877
              3      -6241.8346      0.44607214      0.10711487         13.402127           10.461533      0.91079773     -0.16504438       5.6245903        5.6245903      -12494.918             -12494.918
              1      -6258.6191      0.44607214       0.1090247          13.40359           10.447146      0.91086038     -0.16921724       5.6245903        5.6245903      -12528.487             -12528.487
              4      -6263.0973      0.44607214      0.10647451         13.399449           10.444643      0.91189307     -0.19224485       5.6245903        5.6245903      -12537.444             -12537.444
              2      -6269.1373      0.44607214      0.10174317         13.422102           10.443091      0.92116767     -0.20567721       5.6245903        5.6245903      -12549.524             -12549.524
              2      -6270.0092      0.43023193      0.10174317         13.422102           10.443091      0.92116767     -0.20567721       5.6245903        5.6245903      -12551.267             -12551.267
              2      -6272.5954      0.43023193      0.10096423         13.419041           10.441413      0.92042129     -0.20323588       5.6245903        5.6245903       -12556.44              -12556.44
             35      -6273.4511      0.43023193      0.10000407         13.422301           10.441368      0.91482443     -0.19415939       5.6245903        5.6245903      -12558.151             -12558.151
              5      -6284.6765      0.43023193      0.10565995         13.413825           10.429283      0.89710183     -0.18550594       5.6245903        5.6245903      -12580.602             -12580.602
              4      -6286.4576      0.43023193      0.10629249         13.407678           10.427682      0.90769963     -0.14385926       5.6245903        5.6245903      -12584.164             -12584.164
              4      -6287.4352      0.43023193      0.10484247         13.406611           10.427647      0.90561748     -0.14197263       5.6245903        5.6245903       -12586.12              -12586.12
              6      -6287.5628      0.43141285      0.10484247         13.406611           10.427647      0.90561748     -0.14197263       5.6245903        5.6245903      -12586.375             -12586.375
              4      -6291.5075      0.43141285       0.1013295         13.409006           10.426459      0.90322596      -0.1419994       5.6245903        5.6245903      -12594.264             -12594.264
              1       -6300.136      0.43141285      0.10340123         13.415157           10.418679      0.90493046     -0.14495889       5.6245903        5.6245903      -12611.521             -12611.521
              3      -6300.1595      0.43523541      0.10340123         13.415157           10.418679      0.90493046     -0.14495889       5.6245903        5.6245903      -12611.568             -12611.568
              2      -6304.6924      0.43523541      0.10559181         13.414748           10.413809      0.90602967     -0.14899508       5.6245903        5.6245903      -12620.634             -12620.634
              3      -6314.3727      0.43523541      0.10728355         13.427602           10.405466      0.89530359     -0.12470589       5.6245903        5.6245903      -12639.995             -12639.995
              2      -6313.2476      0.42285126      0.10728355         13.427602           10.405466      0.89530359     -0.12470589       5.6245903        5.6245903      -12637.744             -12637.744
              9      -6314.5203      0.42285126      0.10886768         13.429834           10.403707      0.89570827     -0.12047769       5.6245903        5.6245903       -12640.29              -12640.29
              2      -6314.5636      0.42285126      0.11321848         13.426024           10.401185      0.89835526     -0.14267167       5.6245903        5.6245903      -12640.376             -12640.376
              2      -6315.5096      0.42285126      0.10682436         13.427619           10.403876      0.89984845     -0.14007795       5.6245903        5.6245903      -12642.268             -12642.268
              4       -6315.389      0.42285126      0.10813703          13.42823           10.403314      0.89988378     -0.13609683       5.6245903        5.6245903      -12642.027             -12642.027
              2      -6316.5833      0.43214293      0.10813703          13.42823           10.403314      0.89988378     -0.13609683       5.6245903        5.6245903      -12644.416             -12644.416
              7      -6316.5694      0.43214293      0.11093975           13.4262           10.401598      0.88679137     -0.14759141       5.6245903        5.6245903      -12644.388             -12644.388
              3      -6319.4371      0.43214293       0.1130089         13.426971           10.398156      0.88789278     -0.15184478       5.6245903        5.6245903      -12650.123             -12650.123
              2      -6319.9973      0.43214293      0.11294483         13.427945           10.397723      0.87930357     -0.14825691       5.6245903        5.6245903      -12651.244             -12651.244
              1      -6319.9894      0.42989845      0.11294483         13.427945           10.397723      0.87930357     -0.14825691       5.6245903        5.6245903      -12651.228             -12651.228
              3      -6342.6452      0.42989845      0.10460329         13.426595           10.383785       0.8806859       -0.140436       5.6245903        5.6245903       -12696.54              -12696.54
             10      -6342.6143      0.42813946      0.10460329         13.426595           10.383785       0.8806859       -0.140436       5.6245903        5.6245903      -12696.478             -12696.478
              3       -6347.246      0.42813946      0.10009365         13.427741           10.382448      0.87801352     -0.14040417       5.6245903        5.6245903      -12705.741             -12705.741
              1      -6372.5778      0.42813946      0.11750823         13.421413            10.35182      0.87910147     -0.13291638       5.6245903        5.6245903      -12756.405             -12756.405
              3      -6373.6876      0.42813946      0.11613146         13.421024           10.351624      0.87878348     -0.13406209       5.6245903        5.6245903      -12758.624             -12758.624
              2      -6381.5211      0.42813946      0.10458188          13.41884           10.351392      0.88129219     -0.11983857       5.6245903        5.6245903      -12774.291             -12774.291
             11      -6381.5621      0.42813946      0.10052516         13.423483           10.353712      0.88162526     -0.11871584       5.6245903        5.6245903      -12774.373             -12774.373
             12      -6410.1058      0.42813946      0.10190683         13.428438           10.328593      0.86585793     -0.12504609       5.6245903        5.6245903      -12831.461             -12831.461
              4      -6410.1683      0.41965529      0.10190683         13.428438           10.328593      0.86585793     -0.12504609       5.6245903        5.6245903      -12831.586             -12831.586
             10      -6410.4824      0.41965529      0.10189908         13.429095           10.328342      0.86509197     -0.12516388       5.6245903        5.6245903      -12832.214             -12832.214
              1      -6410.3925      0.41965529      0.11972127         13.433564            10.31868      0.85925249     -0.15459151       5.6245903        5.6245903      -12832.034             -12832.034
              1      -6410.4218      0.42002758      0.11972127         13.433564            10.31868      0.85925249     -0.15459151       5.6245903        5.6245903      -12832.093             -12832.093
              1      -6411.3496      0.42002758      0.11938683         13.435308           10.318118      0.85872666     -0.15257965       5.6245903        5.6245903      -12833.948             -12833.948
              1      -6413.4982      0.42002758      0.11861138         13.432644           10.316645       0.8545857     -0.14944616       5.6245903        5.6245903      -12838.246             -12838.246
              1      -6419.9505      0.42002758      0.13473801         13.424491            10.30209      0.85382699     -0.16394714       5.6245903        5.6245903       -12851.15              -12851.15
              4      -6419.8188       0.4176317      0.13473801         13.424491            10.30209      0.85382699     -0.16394714       5.6245903        5.6245903      -12850.887             -12850.887
              1      -6418.0941       0.4176317      0.13630571         13.423881           10.302698      0.85315749     -0.16312988       5.6245903        5.6245903      -12847.437             -12847.437
              1       -6427.368       0.4176317      0.13275523         13.427646           10.296752       0.8481461     -0.16335903       5.6245903        5.6245903      -12865.985             -12865.985
              2      -6427.2315       0.4176317      0.13900602          13.42492           10.293399      0.84901129     -0.16703403       5.6245903        5.6245903      -12865.712             -12865.712
              2      -6428.1205       0.4176317      0.14047924         13.427622           10.291919      0.85250001     -0.16385647       5.6245903        5.6245903       -12867.49              -12867.49
              2      -6428.1592      0.42074908      0.14047924         13.427622           10.291919      0.85250001     -0.16385647       5.6245903        5.6245903      -12867.568             -12867.568
              1      -6438.1769      0.42074908      0.14235124         13.415623           10.281818      0.83569289     -0.16311944       5.6245903        5.6245903      -12887.603             -12887.603
              1      -6438.1531      0.42074908        0.142432         13.415607           10.281794      0.83572163     -0.16310112       5.6245903        5.6245903      -12887.555             -12887.555
              6       -6449.694      0.42074908      0.12900933         13.412286           10.279056      0.83946553     -0.15384184       5.6245903        5.6245903      -12910.637             -12910.637
              1      -6460.5362      0.42074908      0.11616095         13.405768           10.276457      0.82698841     -0.14174721       5.6245903        5.6245903      -12932.322             -12932.322
              5      -6461.7077      0.42074908      0.11026133         13.406875           10.278714      0.82661298     -0.14523591       5.6245903        5.6245903      -12934.665             -12934.665
              1      -6464.7294      0.42074908      0.11211963         13.404666           10.274969      0.82843204     -0.14300208       5.6245903        5.6245903      -12940.708             -12940.708
              4      -6465.5729      0.42074908      0.11211482         13.405422           10.274238      0.82770238     -0.14253181       5.6245903        5.6245903      -12942.395             -12942.395
              1      -6466.6472      0.42074908      0.10897078         13.411128           10.275105      0.83499939      -0.1684571       5.6245903        5.6245903      -12944.544             -12944.544
              6      -6475.3516      0.42074908      0.10599073         13.412446           10.269044      0.83473488      -0.1680445       5.6245903        5.6245903      -12961.952             -12961.952
              5      -6500.8291      0.42074908      0.10283572         13.408922           10.247641      0.83647451     -0.19348736       5.6245903        5.6245903      -13012.907             -13012.907
              1      -6501.5606      0.42074908      0.10626474          13.40816           10.245014      0.83446767     -0.19078162       5.6245903        5.6245903       -13014.37              -13014.37
             14      -6503.6623      0.42074908      0.10534521         13.409739           10.243644       0.8349577     -0.19170237       5.6245903        5.6245903      -13018.574             -13018.574
              3      -6503.7082      0.42074908      0.10524627         13.409451           10.243647       0.8344424     -0.19264446       5.6245903        5.6245903      -13018.666             -13018.666
              5      -6509.9692      0.42074908      0.10425656         13.408796           10.238454      0.83640753     -0.19220808       5.6245903        5.6245903      -13031.188             -13031.188
              1       -6510.732      0.42074908      0.10688686          13.41067           10.236286      0.83474082     -0.19268278       5.6245903        5.6245903      -13032.713             -13032.713
              1      -6512.3511      0.42074908      0.10452519         13.411818           10.236189      0.83465192      -0.1846178       5.6245903        5.6245903      -13035.951             -13035.951
              2      -6521.0422      0.42074908      0.10266642         13.410006           10.229189      0.84095783     -0.18418873       5.6245903        5.6245903      -13053.334             -13053.334
              7      -6521.5439      0.42074908       0.1022394         13.409505           10.228955      0.84052051     -0.18405883       5.6245903        5.6245903      -13054.337             -13054.337
             17      -6523.3319      0.42074908      0.10075416         13.411454           10.228139      0.83785175     -0.19338305       5.6245903        5.6245903      -13057.913             -13057.913
              8      -6521.2282      0.42074908      0.10542033          13.41009           10.227408      0.83925371     -0.19229452       5.6245903        5.6245903      -13053.706             -13053.706
              4       -6521.245      0.42074908      0.10593376         13.409951           10.227098       0.8395465     -0.19172151       5.6245903        5.6245903      -13053.739             -13053.739
              1      -6522.2908      0.42074908      0.10434309         13.410332           10.227045      0.84069177     -0.19238064       5.6245903        5.6245903      -13055.831             -13055.831
              1      -6531.7276      0.42074908      0.10086562         13.402344           10.220022      0.84008247     -0.20158336       5.6245903        5.6245903      -13074.704             -13074.704
              6      -6532.1989      0.42074908      0.10378596         13.404051            10.21792      0.83512742     -0.20088565       5.6245903        5.6245903      -13075.647             -13075.647
             11      -6538.2877      0.42074908      0.10092264         13.397205           10.213743      0.84287243     -0.19609412       5.6245903        5.6245903      -13087.824             -13087.824
              1      -6538.2903      0.42073925      0.10092264         13.397205           10.213743      0.84287243     -0.19609412       5.6245903        5.6245903       -13087.83              -13087.83
             18       -6539.385      0.42073925      0.10096976         13.397319           10.212684      0.84277048     -0.19622134       5.6245903        5.6245903      -13090.019             -13090.019
              2      -6545.4229      0.42073925       0.1080169          13.40315           10.203005      0.83781159     -0.19321724       5.6245903        5.6245903      -13102.095             -13102.095
              2      -6552.1842      0.42073925      0.11125052         13.392422           10.194424      0.84096711     -0.20728043       5.6245903        5.6245903      -13115.618             -13115.618
              2        -6552.15      0.42073925       0.1129562          13.39627           10.193556      0.84724617     -0.21087519       5.6245903        5.6245903      -13115.549             -13115.549
              6       -6556.789      0.42073925      0.11000811         13.395376           10.190806      0.84655837     -0.20756488       5.6245903        5.6245903      -13124.827             -13124.827
              4      -6555.7766      0.42073925      0.10851496         13.398474           10.192753      0.85284618     -0.20161708       5.6245903        5.6245903      -13122.802             -13122.802
              8       -6563.416      0.42073925      0.10386351          13.39074           10.188054      0.84989834     -0.16805453       5.6245903        5.6245903      -13138.081             -13138.081
              3      -6572.4444      0.42073925      0.10639505         13.386354           10.177876      0.86033114     -0.13729731       5.6245903        5.6245903      -13156.138             -13156.138
              2      -6576.9116      0.42073925      0.10398373         13.386278           10.174917       0.8584107      -0.1384539       5.6245903        5.6245903      -13165.072             -13165.072
              1      -6574.0002      0.42073925      0.10692576         13.379775           10.175839      0.85459786     -0.15249979       5.6245903        5.6245903       -13159.25              -13159.25
              2      -6581.5331      0.42073925       0.1231455         13.387214           10.159019      0.85537709     -0.16814581       5.6245903        5.6245903      -13174.315             -13174.315
              2      -6589.3948      0.42073925      0.11469229         13.384354           10.156174      0.85907342      -0.1693804       5.6245903        5.6245903      -13190.039             -13190.039
              2      -6591.1763      0.42073925      0.11462637         13.382959           10.154424      0.85697596     -0.16499388       5.6245903        5.6245903      -13193.602             -13193.602
              3      -6594.6739      0.42073925      0.12135866         13.386398           10.146925      0.87751569     -0.21432443       5.6245903        5.6245903      -13200.597             -13200.597
              3      -6598.9719      0.42073925       0.1212545         13.385366           10.142635      0.87333463     -0.21898108       5.6245903        5.6245903      -13209.193             -13209.193
              5      -6600.9206      0.42073925      0.11991064         13.383276           10.141386      0.86993394      -0.2307919       5.6245903        5.6245903       -13213.09              -13213.09
              2      -6602.0683      0.42073925      0.12825386         13.387656           10.135361      0.87322507     -0.23295129       5.6245903        5.6245903      -13215.386             -13215.386
              3      -6604.4753      0.42073925      0.12973624         13.393049           10.132137      0.86042543     -0.22552263       5.6245903        5.6245903        -13220.2               -13220.2
              2      -6604.5758      0.42073925      0.12945004         13.393243            10.13221      0.86048161     -0.22551722       5.6245903        5.6245903      -13220.401             -13220.401
              1      -6604.9116      0.42073925      0.12922691         13.393443           10.132007      0.86035212     -0.22542849       5.6245903        5.6245903      -13221.072             -13221.072
              1      -6609.2388      0.40583234      0.12922691         13.393443           10.132007      0.86035212     -0.22542849       5.6245903        5.6245903      -13229.727             -13229.727
              1      -6616.6266      0.40583234      0.12256651         13.394591           10.128606      0.86689501     -0.24542843       5.6245903        5.6245903      -13244.502             -13244.502
              2       -6622.086      0.40583234      0.11846454         13.386137           10.125436      0.85914515     -0.25398959       5.6245903        5.6245903      -13255.421             -13255.421
              1      -6627.1542      0.40583234      0.12823041         13.391358           10.115031      0.86561736     -0.22356636       5.6245903        5.6245903      -13265.558             -13265.558
              1      -6627.3167      0.40583234      0.12689301         13.396046           10.115711      0.86226785     -0.22257331       5.6245903        5.6245903      -13265.883             -13265.883
              2      -6627.5313      0.40583234      0.12451038         13.398095           10.116908      0.86548808     -0.22431919       5.6245903        5.6245903      -13266.312             -13266.312
              1      -6627.7319      0.40354805      0.12451038         13.398095           10.116908      0.86548808     -0.22431919       5.6245903        5.6245903      -13266.713             -13266.713
              2      -6646.6184      0.40354805      0.11163255          13.39912           10.105658      0.86506122     -0.23591541       5.6245903        5.6245903      -13304.486             -13304.486
              1      -6650.4185      0.40354805      0.11138891         13.388677           10.101844      0.85939845     -0.23289662       5.6245903        5.6245903      -13312.086             -13312.086
              3      -6658.7961      0.40354805      0.10242849         13.390679           10.098655      0.85626232     -0.24556695       5.6245903        5.6245903      -13328.841             -13328.841
              1      -6658.6737      0.40354805      0.10181975         13.390757           10.099132      0.85585677     -0.24516565       5.6245903        5.6245903      -13328.597             -13328.597
              5      -6658.8918      0.40354805      0.10107445         13.393425           10.099384      0.85684115     -0.24821748       5.6245903        5.6245903      -13329.033             -13329.033
              1      -6656.7875      0.40354805      0.10374741         13.393766           10.099937      0.85490136     -0.24999699       5.6245903        5.6245903      -13324.824             -13324.824
              1      -6658.7931      0.40354805      0.10365904         13.378919           10.097786      0.87087815     -0.24546963       5.6245903        5.6245903      -13328.835             -13328.835
              4      -6658.7388      0.40354805      0.10366916         13.378926           10.097835      0.87089233     -0.24548147       5.6245903        5.6245903      -13328.727             -13328.727
              2      -6658.9778      0.40354805      0.10539613         13.382937           10.096684      0.87396494     -0.23838863       5.6245903        5.6245903      -13329.205             -13329.205
              2      -6674.8408      0.40354805      0.10529312         13.367874           10.080488      0.87958432     -0.23835619       5.6245903        5.6245903      -13360.931             -13360.931
              1      -6674.4174      0.40354805      0.10810559          13.36439           10.079105      0.86632203     -0.27265932       5.6245903        5.6245903      -13360.084             -13360.084
              2      -6691.4451      0.40354805      0.10327453         13.376094            10.06468      0.85607854     -0.25964299       5.6245903        5.6245903      -13394.139             -13394.139
              7      -6692.7843      0.40354805       0.1015262         13.375727           10.064333      0.85821717     -0.25617273       5.6245903        5.6245903      -13396.818             -13396.818
              9      -6693.1666      0.40354805      0.10505181          13.38065           10.061936      0.85801755     -0.25609077       5.6245903        5.6245903      -13397.582             -13397.582
              5      -6699.2628      0.40354805       0.1133884         13.404572           10.051076      0.85269378     -0.23262102       5.6245903        5.6245903      -13409.775             -13409.775
              1      -6699.9203       0.3907301       0.1133884         13.404572           10.051076      0.85269378     -0.23262102       5.6245903        5.6245903       -13411.09              -13411.09
              1      -6700.2318       0.3907301      0.11259539         13.404668           10.051216      0.85275494     -0.23244644       5.6245903        5.6245903      -13411.713             -13411.713
              7      -6704.9028       0.3907301      0.10837264         13.405321           10.048903      0.84907838     -0.24049226       5.6245903        5.6245903      -13421.055             -13421.055
              3      -6706.0179       0.3907301      0.10550056         13.405282           10.049441       0.8508135     -0.22914688       5.6245903        5.6245903      -13423.285             -13423.285
              4      -6706.8494       0.3907301      0.10511505         13.404698           10.048813      0.84957741     -0.22837705       5.6245903        5.6245903      -13424.948             -13424.948
              9      -6710.2929       0.3907301      0.10569249         13.402785           10.044976      0.85025789     -0.22603989       5.6245903        5.6245903      -13431.835             -13431.835
              4      -6713.5574       0.3907301      0.11140737         13.411154           10.038485      0.84571207     -0.22494802       5.6245903        5.6245903      -13438.364             -13438.364
              4      -6713.2853       0.3907301       0.1169975         13.406228           10.035499      0.84269967      -0.2185935       5.6245903        5.6245903       -13437.82              -13437.82
              5      -6731.5523       0.3907301      0.10038646         13.404486           10.026267      0.85671347     -0.24344169       5.6245903        5.6245903      -13474.354             -13474.354
              1      -6735.9263       0.3907301      0.10264594         13.406367           10.020432      0.85117749      -0.2492977       5.6245903        5.6245903      -13483.102             -13483.102
              1      -6734.8069       0.3907301      0.10261573         13.409796           10.021654      0.85152389      -0.2502985       5.6245903        5.6245903      -13480.863             -13480.863
              1      -6736.7559       0.3907301      0.10630036         13.411247           10.017512      0.85197891     -0.25011315       5.6245903        5.6245903      -13484.761             -13484.761
              8      -6739.4622       0.3907301      0.10263562         13.411252           10.016821       0.8532423     -0.25157066       5.6245903        5.6245903      -13490.174             -13490.174
              4      -6739.7739       0.3907301      0.10230409         13.410948           10.016685      0.85332512     -0.25154461       5.6245903        5.6245903      -13490.797             -13490.797
              2      -6740.3139       0.3907301      0.10195308         13.411471           10.016332      0.85376431     -0.25256699       5.6245903        5.6245903      -13491.877             -13491.877
              3      -6739.3842       0.3907301      0.10305923         13.403842           10.016553      0.85805851     -0.26149138       5.6245903        5.6245903      -13490.018             -13490.018
              3      -6738.4475       0.3907301      0.10388936         13.399637           10.016995      0.85794936     -0.25999582       5.6245903        5.6245903      -13488.144             -13488.144
              3      -6749.1651       0.3907301      0.10357246         13.398223           10.005934      0.85485338     -0.26354881       5.6245903        5.6245903      -13509.579             -13509.579
             11      -6748.5409      0.39758479      0.10357246         13.398223           10.005934      0.85485338     -0.26354881       5.6245903        5.6245903      -13508.331             -13508.331
              8      -6748.4294      0.39758479      0.10285816         13.401024           10.006493      0.86544532     -0.28371126       5.6245903        5.6245903      -13508.108             -13508.108
              1      -6750.3233      0.39758479      0.10656604         13.400342           10.002241      0.86846588     -0.28590209       5.6245903        5.6245903      -13511.896             -13511.896
              2      -6753.8436      0.39758479       0.1083442         13.406089           9.9974911      0.86585344     -0.26758204       5.6245903        5.6245903      -13518.936             -13518.936
              1      -6756.9621      0.39758479      0.12043603         13.400962           9.9867502      0.84236722     -0.28685559       5.6245903        5.6245903      -13525.173             -13525.173
              1      -6756.7753      0.39758479      0.11996068         13.400276           9.9872265       0.8423179     -0.28798488       5.6245903        5.6245903        -13524.8               -13524.8
              2      -6758.9418      0.39758479      0.10705752         13.405518           9.9926712      0.84976284     -0.28738952       5.6245903        5.6245903      -13529.133             -13529.133
              1       -6764.887      0.39758479      0.10891368         13.409397           9.9850951      0.85385062     -0.31107861       5.6245903        5.6245903      -13541.023             -13541.023
              2      -6763.4043      0.39758479      0.10283094         13.419274           9.9904528      0.84054349     -0.32112524       5.6245903        5.6245903      -13538.058             -13538.058
              9        -6763.41      0.39758479      0.10169073         13.422269           9.9911614      0.84443815     -0.32744253       5.6245903        5.6245903      -13538.069             -13538.069
              8       -6761.805      0.39758479      0.10301546         13.423303            9.992124       0.8427448      -0.3273954       5.6245903        5.6245903      -13534.859             -13534.859
              1       -6762.814      0.39758479      0.10240451          13.42395           9.9913992      0.84135347     -0.32733465       5.6245903        5.6245903      -13536.877             -13536.877
              3      -6764.0776      0.39758479       0.1018005         13.426061           9.9904216       0.8436168     -0.32338036       5.6245903        5.6245903      -13539.404             -13539.404
              2      -6763.7179      0.39758479      0.10273496         13.426101           9.9902532      0.84349088     -0.32320027       5.6245903        5.6245903      -13538.685             -13538.685
              1      -6775.3445      0.39758479      0.10102354         13.419748           9.9784521      0.84965121     -0.33566694       5.6245903        5.6245903      -13561.938             -13561.938
              3      -6773.5652      0.39758479      0.10121075         13.418591           9.9802781      0.85080859      -0.3392298       5.6245903        5.6245903       -13558.38              -13558.38
              6      -6782.6911      0.39758479      0.10037832         13.416892            9.970669      0.85703395     -0.34867632       5.6245903        5.6245903      -13576.631             -13576.631
              1      -6780.8214      0.39758479      0.10246213         13.417429           9.9715281      0.85001068     -0.32163796       5.6245903        5.6245903      -13572.892             -13572.892
              1      -6781.7514      0.39342278      0.10246213         13.417429           9.9715281      0.85001068     -0.32163796       5.6245903        5.6245903      -13574.752             -13574.752
              6      -6779.1297      0.39342278      0.10255975         13.404049            9.974103      0.82451543     -0.34739965       5.6245903        5.6245903      -13569.509             -13569.509
              2      -6784.3378      0.39342278      0.10318475         13.408489           9.9681021      0.82557612     -0.33608996       5.6245903        5.6245903      -13579.925             -13579.925
