#        weight    minuslogpost          sigma8        ygk_Ahmc ygk_LOWZ__1_lM1_0 ygk_LOWZ__1_lMmin_0   ygk_mass_bias       ygk_rhogy   minuslogprior minuslogprior__0            chi2 chi2__ygk_like.ygkLike
              3       -3800.162       1.0998691       1.0177652         13.013958           11.766824         0.75127     -0.59445884       5.6245903        5.6245903      -7611.5732             -7611.5732
              1      -3888.1919       1.0998691       1.0096205         13.013551           11.772258      0.75354715     -0.59076636       5.6245903        5.6245903      -7787.6329             -7787.6329
              1      -4225.6169       1.0998691       1.0167927         13.014849            11.77598      0.75196597     -0.59238379       5.6245903        5.6245903       -8462.483              -8462.483
              1      -4681.0402       1.0998691       1.0117592         13.013673           11.776582      0.74823322     -0.59833956       5.6245903        5.6245903      -9373.3296             -9373.3296
              1      -5109.0008       1.1454706       1.0117592         13.013673           11.776582      0.74823322     -0.59833956       5.6245903        5.6245903      -10229.251             -10229.251
              1      -5578.6449       1.1454706       1.0212307         12.996263           11.777727      0.74144698     -0.57511763       5.6245903        5.6245903      -11168.539             -11168.539
              1      -6590.4249       1.1454706       1.0250517         12.991071           11.778596      0.74648577     -0.58652668       5.6245903        5.6245903      -13192.099             -13192.099
              3      -6711.9931       1.1803471       1.0250517         12.991071           11.778596      0.74648577     -0.58652668       5.6245903        5.6245903      -13435.235             -13435.235
              1      -6756.9559       1.1803471       1.0233299         12.992663           11.780511      0.74825792     -0.58820366       5.6245903        5.6245903      -13525.161             -13525.161
              2       -6886.827       1.1803471       1.0235286         12.991432           11.782133      0.74815181     -0.58612496       5.6245903        5.6245903      -13784.903             -13784.903
              2      -7099.4594       1.1803471       1.0334701         12.988868           11.781553      0.75190681     -0.58820871       5.6245903        5.6245903      -14210.168             -14210.168
              1      -12725.617       1.1803471       1.0263471         12.984263           11.792389      0.74988113     -0.62619293       5.6245903        5.6245903      -25462.484             -25462.484
              3      -14433.789       1.1803471       1.0610373         12.993993           11.810653      0.73806789     -0.61405501       5.6245903        5.6245903      -28878.828             -28878.828
              9      -14591.751       1.1803471       1.0604184         12.992733           11.808921      0.73645695     -0.61525317       5.6245903        5.6245903       -29194.75              -29194.75
              1      -15802.755       1.1803471       1.0964521         12.992363            11.81759      0.73429419     -0.60490003       5.6245903        5.6245903       -31616.76              -31616.76
              1      -15839.672       1.1814647       1.0964521         12.992363            11.81759      0.73429419     -0.60490003       5.6245903        5.6245903      -31690.592             -31690.592
              1      -17584.206       1.1814647       1.0918112         12.985597           11.824559      0.74246982     -0.60622146       5.6245903        5.6245903      -35179.662             -35179.662
              1      -18902.088       1.1814647       1.1111166         12.979937           11.828239       0.7389128     -0.59682043       5.6245903        5.6245903      -37815.426             -37815.426
              2      -19307.572       1.1814647       1.1140149         12.982338           11.825505      0.73257442     -0.60230331       5.6245903        5.6245903      -38626.394             -38626.394
              1      -19777.887       1.1814647       1.1158903         12.982931            11.82656       0.7332264     -0.60539055       5.6245903        5.6245903      -39567.023             -39567.023
              2      -19858.242       1.1832474       1.1158903         12.982931            11.82656       0.7332264     -0.60539055       5.6245903        5.6245903      -39727.734             -39727.734
              2      -22676.409       1.2914234       1.1158903         12.982931            11.82656       0.7332264     -0.60539055       5.6245903        5.6245903      -45364.068             -45364.068
              2       -23105.29       1.2914234       1.1086391         12.979486           11.826772      0.73247735     -0.60339575       5.6245903        5.6245903      -46221.829             -46221.829
              1       -31591.94       1.2914234        1.108003         12.977965           11.842337      0.73543141     -0.61840426       5.6245903        5.6245903      -63195.129             -63195.129
              1      -35613.796       1.2914234       1.1059524         12.975952           11.837511      0.73568583     -0.63732227       5.6245903        5.6245903       -71238.84              -71238.84
              1      -37561.748       1.3378721       1.1059524         12.975952           11.837511      0.73568583     -0.63732227       5.6245903        5.6245903      -75134.746             -75134.746
              1      -38116.202       1.3378721       1.1115684         12.979269            11.84008      0.73796055     -0.64058141       5.6245903        5.6245903      -76243.653             -76243.653
              3      -39997.047       1.3378721        1.104834         12.978251           11.839984      0.74109534     -0.64788089       5.6245903        5.6245903      -80005.344             -80005.344
              4      -51041.881       1.3378721       1.1252553          12.97789           11.827262      0.73031566     -0.68436667       5.6245903        5.6245903      -102095.01             -102095.01
              1      -53837.404       1.3649775       1.1252553          12.97789           11.827262      0.73031566     -0.68436667       5.6245903        5.6245903      -107686.06             -107686.06
              1      -56811.528       1.3649775       1.1211119          12.97576           11.827474      0.71072728     -0.67654273       5.6245903        5.6245903      -113634.31             -113634.31
              2      -59089.139       1.3649775       1.1323962         12.960114           11.798861      0.70936599     -0.69814656       5.6245903        5.6245903      -118189.53             -118189.53
              4      -61956.182       1.3649775       1.1440022         12.949582           11.809149      0.72023753     -0.68442982       5.6245903        5.6245903      -123923.61             -123923.61
              2      -75994.374       1.3649775       1.1416204         12.935969            11.80267      0.72153529     -0.70890266       5.6245903        5.6245903         -152000                -152000
              1      -76516.629       1.3649775       1.1842519         12.934894           11.803956      0.72882637     -0.70598131       5.6245903        5.6245903      -153044.51             -153044.51
              1       -77646.67       1.3649775       1.1867696         12.920277           11.823176       0.7144974     -0.65502566       5.6245903        5.6245903      -155304.59             -155304.59
              1       -85539.51       1.4299562       1.1867696         12.920277           11.823176       0.7144974     -0.65502566       5.6245903        5.6245903      -171090.27             -171090.27
              4      -88808.713       1.4299562       1.1765549         12.908232           11.824487       0.7274902     -0.65570615       5.6245903        5.6245903      -177628.68             -177628.68
              1      -93852.208       1.4299562       1.1727802         12.911329           11.820092      0.72486106     -0.66939009       5.6245903        5.6245903      -187715.66             -187715.66
              4      -139890.02       1.4299562       1.0601196          12.95187           11.893837      0.73430806     -0.70360608       5.6245903        5.6245903      -279791.29             -279791.29
              7      -140153.67       1.4299562       1.0593854         12.951314           11.894207      0.73426433     -0.70285504       5.6245903        5.6245903      -280318.58             -280318.58
              3      -141159.32       1.4299562       1.0590991         12.951066             11.8944      0.73443948     -0.70361822       5.6245903        5.6245903      -282329.89             -282329.89
              6      -169742.48       1.4299562       1.0893575          12.94221           11.901105       0.7241785     -0.70608828       5.6245903        5.6245903      -339496.21             -339496.21
              2      -176434.18       1.4299562       1.1222007         12.922584           11.901878      0.74351718     -0.69538008       5.6245903        5.6245903      -352879.61             -352879.61
              2         -191014       1.4299562       1.1330619         12.920666           11.906409       0.7421479     -0.69887519       5.6245903        5.6245903      -382039.26             -382039.26
              1      -218450.69       1.4299562       1.1063808         12.912724            11.92191      0.75490335     -0.70395807       5.6245903        5.6245903      -436912.63             -436912.63
              2      -243153.51       1.4299562        1.088284          12.91921           11.928364      0.74023757     -0.71798293       5.6245903        5.6245903      -486318.27             -486318.27
              4      -244939.76       1.4299562       1.0869966         12.919614           11.928763      0.73869294     -0.71876176       5.6245903        5.6245903      -489890.78             -489890.78
              2      -265528.35       1.4299562       1.1082418         12.901221           11.926807      0.72719183     -0.70482398       5.6245903        5.6245903      -531067.95             -531067.95
              2      -277808.22       1.4299562       1.1107068         12.899914           11.926298      0.72997293     -0.71474083       5.6245903        5.6245903      -555627.69             -555627.69
              2      -294137.75       1.4299562       1.1074918         12.886983           11.931818      0.73434976     -0.70494535       5.6245903        5.6245903      -588286.75             -588286.75
              2      -298250.07       1.4299562       1.1033387         12.888016           11.934175       0.7346386     -0.70668254       5.6245903        5.6245903      -596511.38             -596511.38
              3      -346360.81       1.4299562       1.0939806          12.87887           11.944845      0.73046898     -0.71138788       5.6245903        5.6245903      -692732.87             -692732.87
              1      -371627.73       1.4614418       1.0939806          12.87887           11.944845      0.73046898     -0.71138788       5.6245903        5.6245903      -743266.71             -743266.71
              1      -382280.18       1.4614418       1.0877498         12.877766           11.944233      0.73779265      -0.7219173       5.6245903        5.6245903       -764571.6              -764571.6
              1      -390745.66       1.4614418       1.1079121         12.883588           11.957166      0.74558774     -0.71760687       5.6245903        5.6245903      -781502.57             -781502.57
              1      -470185.88       1.4614418       1.0890551         12.871614           11.946198      0.73461549     -0.75794095       5.6245903        5.6245903      -940383.02             -940383.02
              2      -522436.04       1.4614418       1.0942885         12.866815           11.950272      0.75328241     -0.77943312       5.6245903        5.6245903      -1044883.3             -1044883.3
              1      -581159.45       1.4614418       1.1144854         12.856724           11.956801      0.74814395     -0.77840259       5.6245903        5.6245903      -1162330.1             -1162330.1
              1      -583289.32       1.4614418       1.1149737         12.857321           11.957178      0.74787696     -0.77945885       5.6245903        5.6245903      -1166589.9             -1166589.9
              3      -622909.96       1.4614418       1.0920635         12.854526           11.969521      0.74663298     -0.77750258       5.6245903        5.6245903      -1245831.2             -1245831.2
              1      -657532.95       1.4828632       1.0920635         12.854526           11.969521      0.74663298     -0.77750258       5.6245903        5.6245903      -1315077.2             -1315077.2
              1      -687484.62       1.4828632       1.0945328         12.871702           11.979949      0.76198141     -0.80290764       5.6245903        5.6245903      -1374980.5             -1374980.5
              3      -723678.43       1.4828632       1.0975646         12.870325           11.988861       0.7585639     -0.79996295       5.6245903        5.6245903      -1447368.1             -1447368.1
              2      -725860.36       1.4828632       1.0977044          12.87168            11.99008      0.75707644     -0.80025622       5.6245903        5.6245903        -1451732               -1451732
              1      -730309.91       1.4828632       1.0870629          12.86871           11.992454      0.75583023     -0.79545853       5.6245903        5.6245903      -1460631.1             -1460631.1
              2      -747328.78       1.4828632       1.0566652         12.880219           11.993995      0.76829319     -0.82448853       5.6245903        5.6245903      -1494668.8             -1494668.8
              5      -787653.58       1.4828632       1.0922579         12.882927           11.999093      0.76456812     -0.82865262       5.6245903        5.6245903      -1575318.4             -1575318.4
              2      -822790.38       1.4828632       1.0898981         12.885508           12.000701      0.76723267     -0.84376798       5.6245903        5.6245903        -1645592               -1645592
              2      -899568.67       1.4828632         1.10356         12.896808           12.008251      0.77296764     -0.87455554       5.6245903        5.6245903      -1799148.6             -1799148.6
              1      -915745.56       1.4828632       1.1158907         12.893133           12.006023      0.77336626     -0.87636696       5.6245903        5.6245903      -1831502.4             -1831502.4
              1      -917415.07       1.4828632       1.1154409         12.892994           12.005759      0.77314941     -0.87719144       5.6245903        5.6245903      -1834841.4             -1834841.4
              5      -1030502.1       1.4828632       1.1168888         12.885863           12.018704      0.76457376     -0.88070965       5.6245903        5.6245903      -2061015.5             -2061015.5
              1      -1064889.2       1.4828632       1.1434653         12.872567           12.013031      0.77953969     -0.87947428       5.6245903        5.6245903      -2129789.7             -2129789.7
              1      -1066049.7       1.4828632       1.1486959         12.874352           12.010745       0.7780516     -0.88504366       5.6245903        5.6245903      -2132110.7             -2132110.7
              1      -1225664.6       1.4828632       1.1551564          12.87754           12.033802      0.77820718      -0.8972754       5.6245903        5.6245903      -2451340.5             -2451340.5
              1      -1327282.9       1.4828632       1.1251237         12.870694           12.033692      0.78194073     -0.92091068       5.6245903        5.6245903        -2654577               -2654577
              1      -1371587.3       1.4828632       1.1369092         12.868367           12.031874      0.78596164     -0.93061495       5.6245903        5.6245903      -2743185.8             -2743185.8
              3      -1501805.2       1.4828632       1.1480436         12.860927           12.029286      0.75857928     -0.95339818       5.6245903        5.6245903      -3003621.6             -3003621.6
              1      -1543171.6       1.4828632       1.1484151         12.861613           12.025029      0.75754582     -0.97354206       5.6245903        5.6245903      -3086354.5             -3086354.5
              4      -1552206.7       1.4828632       1.1513785         12.864537            12.02769      0.75737131     -0.97530309       5.6245903        5.6245903      -3104424.7             -3104424.7
             10      -1666197.9       1.4828632       1.1566483         12.860187           12.031791      0.80295752     -0.98861886       5.6245903        5.6245903      -3332407.1             -3332407.1
              3      -1701475.5       1.4828632       1.1464285          12.85839           12.034782      0.80018963     -0.99062256       5.6245903        5.6245903      -3402962.2             -3402962.2
              3      -1767189.6       1.4828632        1.137899         12.854175           12.043467       0.8020541     -0.98507526       5.6245903        5.6245903      -3534390.5             -3534390.5
              4      -1927909.7       1.4828632       1.1676522         12.840173           12.043182      0.81122721     -0.99242856       5.6245903        5.6245903      -3855830.7             -3855830.7
              4      -1949162.6       1.4828632       1.1647846         12.837426           12.045683      0.81537704     -0.98863007       5.6245903        5.6245903      -3898336.5             -3898336.5
              1      -1979142.1       1.4828632       1.1689281         12.836168           12.045852      0.81585543     -0.99167632       5.6245903        5.6245903      -3958295.4             -3958295.4
              2      -1983728.1       1.4828632       1.1641971         12.836103           12.047051      0.82033434     -0.99127747       5.6245903        5.6245903      -3967467.4             -3967467.4
              3      -2086123.3       1.4828632       1.1687609         12.831536            12.04979      0.82090478     -0.99870048       5.6245903        5.6245903      -4172257.9             -4172257.9
              3      -2095520.2       1.4828632       1.1672825         12.831665           12.052439      0.81975508     -0.99636997       5.6245903        5.6245903      -4191051.6             -4191051.6
              1      -2095543.5       1.4828632       1.1695322         12.828884           12.053837      0.81967279     -0.98916979       5.6245903        5.6245903      -4191098.2             -4191098.2
              3      -2157627.5       1.4828632       1.1467204         12.827379           12.061408      0.83053236     -0.98975125       5.6245903        5.6245903      -4315266.3             -4315266.3
              1      -2172252.1       1.4828632       1.1438055         12.831471           12.067438      0.82902342     -0.98882908       5.6245903        5.6245903      -4344515.4             -4344515.4
              5      -2199005.8       1.4828632        1.154733         12.836386           12.068098      0.83832469     -0.99789804       5.6245903        5.6245903      -4398022.8             -4398022.8
              2      -2252694.1       1.4907511        1.154733         12.836386           12.068098      0.83832469     -0.99789804       5.6245903        5.6245903      -4505399.5             -4505399.5
              1      -2303152.4       1.4907511       1.1499949         12.827518            12.06729      0.85039483     -0.99550242       5.6245903        5.6245903      -4606316.1             -4606316.1
              4      -2306641.8       1.4907511       1.1505939         12.827753           12.067211      0.85066781     -0.99645166       5.6245903        5.6245903      -4613294.8             -4613294.8
              7        -2308480       1.4907511       1.1522407         12.826394           12.066776      0.85036339     -0.99519616       5.6245903        5.6245903      -4616971.3             -4616971.3
              3      -2313905.4       1.4907511       1.1526126         12.826559           12.066872      0.85032975     -0.99612129       5.6245903        5.6245903        -4627822               -4627822
             10      -2455684.2       1.4907511       1.1685661         12.815225           12.069366      0.84386657     -0.99580813       5.6245903        5.6245903      -4911379.7             -4911379.7
              2        -2457851       1.4907511       1.1693492         12.814716           12.069268      0.84390027     -0.99542642       5.6245903        5.6245903      -4915713.2             -4915713.2
              8      -2485229.9       1.4907511       1.1630916         12.812248           12.074832      0.83818947     -0.98802984       5.6245903        5.6245903        -4970471               -4970471
              2      -2527387.5       1.4907511       1.1690276         12.805269           12.066058      0.84614589      -0.9980887       5.6245903        5.6245903      -5054786.2             -5054786.2
              2      -2529379.9       1.4907511       1.1460626         12.791216           12.063657       0.8391984     -0.98624853       5.6245903        5.6245903      -5058771.1             -5058771.1
              1      -2549053.3       1.4933621       1.1460626         12.791216           12.063657       0.8391984     -0.98624853       5.6245903        5.6245903      -5098117.8             -5098117.8
              5      -2554983.5       1.4933621       1.1473016          12.79011           12.063528      0.84094244     -0.98556048       5.6245903        5.6245903      -5109978.3             -5109978.3
              2      -2586980.8       1.4933621       1.1423038         12.788423           12.066844      0.84080483     -0.98352844       5.6245903        5.6245903      -5173972.8             -5173972.8
              1      -2736147.7       1.4933621       1.1231297         12.781094           12.074622      0.81833823     -0.98616041       5.6245903        5.6245903      -5472306.7             -5472306.7
              2      -3023338.6       1.4933621        1.129919         12.774819           12.086769      0.82345596     -0.99688908       5.6245903        5.6245903      -6046688.4             -6046688.4
             13      -3033710.2       1.4933621       1.1303385         12.774364           12.086112      0.82334184     -0.99875478       5.6245903        5.6245903      -6067431.7             -6067431.7
              1      -3053424.2       1.4933621       1.1233708         12.769847           12.087157      0.82166014     -0.99445004       5.6245903        5.6245903      -6106859.6             -6106859.6
              1      -3073668.6       1.4933621       1.1255013         12.769421           12.087161      0.82233891     -0.99623149       5.6245903        5.6245903      -6147348.4             -6147348.4
             11      -3125794.3       1.4933621       1.1203694         12.768557           12.089125      0.82341696     -0.99988272       5.6245903        5.6245903      -6251599.9             -6251599.9
              4      -3137277.1       1.4933621       1.1420098         12.767516           12.091372      0.84456089     -0.99147058       5.6245903        5.6245903      -6274565.4             -6274565.4
              1      -3140397.9       1.4933621       1.1567607         12.772023           12.095062      0.84039525     -0.98924659       5.6245903        5.6245903      -6280807.1             -6280807.1
              2      -3164583.7       1.4933621       1.1501428         12.768822           12.102922      0.83978926      -0.9761129       5.6245903        5.6245903      -6329178.7             -6329178.7
              1      -3169729.5       1.4933621       1.1499289         12.767493           12.101061      0.84130236     -0.97805957       5.6245903        5.6245903      -6339470.2             -6339470.2
              2      -3242619.1       1.4933621       1.1327255         12.769967           12.105355      0.84514547      -0.9873988       5.6245903        5.6245903      -6485249.4             -6485249.4
              3      -3352666.8       1.4933621       1.1238928         12.755796           12.112369      0.84605529      -0.9717434       5.6245903        5.6245903      -6705344.9             -6705344.9
              1      -3393421.6       1.4976597       1.1238928         12.755796           12.112369      0.84605529      -0.9717434       5.6245903        5.6245903      -6786854.5             -6786854.5
              5      -3721078.3       1.4976597       1.1242654         12.751151           12.124334      0.83795696     -0.98449354       5.6245903        5.6245903      -7442167.8             -7442167.8
              4      -4117857.4       1.4976597       1.1289277         12.735869           12.131511      0.82329039     -0.99501402       5.6245903        5.6245903        -8235726               -8235726
              1      -4212842.2       1.4976597        1.112317         12.725215           12.140613      0.83456779     -0.97852158       5.6245903        5.6245903      -8425695.7             -8425695.7
              4      -4255251.6       1.4976597       1.1003746         12.707531           12.122465      0.83635539     -0.99166711       5.6245903        5.6245903      -8510514.5             -8510514.5
              2      -4335214.4       1.4976597       1.1035368         12.704303           12.125017      0.83726371     -0.99076571       5.6245903        5.6245903      -8670440.1             -8670440.1
              8      -4378905.4       1.4976597       1.0812615         12.706228            12.12811      0.83478441     -0.99765774       5.6245903        5.6245903        -8757822               -8757822
              7        -4414906       1.4976597       1.0868824         12.706492           12.132009      0.83066559     -0.99404788       5.6245903        5.6245903      -8829823.2             -8829823.2
              6      -4606818.9       1.4976597       1.0982462         12.696757           12.131577      0.82790742      -0.9987238       5.6245903        5.6245903        -9213649               -9213649
             15      -5005087.8       1.4976597       1.1136055         12.685744           12.146506      0.82152278     -0.99420522       5.6245903        5.6245903       -10010187              -10010187
              7      -5136968.6       1.4976597       1.1107153         12.682346           12.148732      0.81079003     -0.99920512       5.6245903        5.6245903       -10273949              -10273949
              3      -5173504.1       1.4976597       1.1080434         12.678106           12.147777      0.81573189     -0.99901231       5.6245903        5.6245903       -10347019              -10347019
              1      -5178380.5       1.4976597       1.1082177         12.678217           12.147769      0.81585529     -0.99960361       5.6245903        5.6245903       -10356772              -10356772
              2      -5462900.5       1.4976597       1.0917612         12.683091           12.170936      0.82226073     -0.99659881       5.6245903        5.6245903       -10925812              -10925812
              7      -5475004.6       1.4976597       1.0860334          12.68587            12.17499       0.8164189      -0.9959484       5.6245903        5.6245903       -10950020              -10950020
              1      -5642092.9       1.4976597       1.0990874         12.663009            12.16626      0.79954279     -0.99192176       5.6245903        5.6245903       -11284197              -11284197
              1      -5701325.8       1.4976597       1.1072633         12.655287           12.176915      0.80758789     -0.96649597       5.6245903        5.6245903       -11402663              -11402663
              2      -6371787.3       1.4976597       1.1033549         12.653044           12.195946      0.79870524     -0.98862321       5.6245903        5.6245903       -12743586              -12743586
              9      -6431119.1       1.4976597       1.1071841         12.649073           12.196381      0.80235271     -0.98647354       5.6245903        5.6245903       -12862249              -12862249
              3        -6542056       1.4976597       1.1135731         12.651862           12.204607      0.80139259     -0.98319881       5.6245903        5.6245903       -13084123              -13084123
              3      -6612352.7       1.4976597       1.1112793         12.647359            12.20442       0.8026838     -0.98377943       5.6245903        5.6245903       -13224717              -13224717
              3      -6773419.3       1.4976597       1.1338239         12.642736           12.213338      0.79951115     -0.96911714       5.6245903        5.6245903       -13546850              -13546850
              6      -7428505.5       1.4976597       1.1298773         12.626052           12.220379      0.79920542     -0.98581132       5.6245903        5.6245903       -14857022              -14857022
              4      -7574499.7       1.4976597       1.1184849         12.625826           12.225011      0.80487951      -0.9911283       5.6245903        5.6245903       -15149011              -15149011
              1      -7725241.9       1.4976597       1.1170131         12.628542           12.235759      0.79638626     -0.98723793       5.6245903        5.6245903       -15450495              -15450495
              2      -7903843.4       1.4976597       1.1385254         12.619717           12.243593      0.80456341     -0.96962715       5.6245903        5.6245903       -15807698              -15807698
              4      -7947550.3       1.4976597        1.145857         12.606563           12.240473      0.80905763     -0.96002854       5.6245903        5.6245903       -15895112              -15895112
              1      -7959370.2       1.4976597       1.1474303         12.608747           12.243853      0.81595804     -0.95779118       5.6245903        5.6245903       -15918752              -15918752
              2      -8036074.2       1.4976597       1.1373947         12.613399           12.243591      0.81600681     -0.97149625       5.6245903        5.6245903       -16072160              -16072160
              1      -8118970.9       1.4976597       1.1368237         12.612781           12.246092      0.81320932     -0.97214773       5.6245903        5.6245903       -16237953              -16237953
              1        -8271871       1.4976597       1.1396359         12.610881           12.247542      0.81505644     -0.97687139       5.6245903        5.6245903       -16543753              -16543753
              1      -8291807.8       1.4976597        1.152766         12.612124           12.242721      0.81024464     -0.98449784       5.6245903        5.6245903       -16583627              -16583627
             11        -8326869       1.4993418        1.152766         12.612124           12.242721      0.81024464     -0.98449784       5.6245903        5.6245903       -16653749              -16653749
              3      -8919401.4       1.4993418       1.1551221         12.593255           12.248545      0.82138588     -0.98918169       5.6245903        5.6245903       -17838814              -17838814
              5      -8949884.5       1.4993418       1.1491285         12.589538           12.246033      0.82356489     -0.99236191       5.6245903        5.6245903       -17899780              -17899780
              9      -8998240.1       1.4993418       1.1481242         12.588211           12.244281      0.82091647     -0.99697699       5.6245903        5.6245903       -17996492              -17996492
              7      -9022114.4       1.4993418       1.1484102         12.587619           12.244339      0.81980429     -0.99759596       5.6245903        5.6245903       -18044240              -18044240
              1      -9059760.7       1.4993418       1.1451883         12.586012           12.248383      0.82248772     -0.99206104       5.6245903        5.6245903       -18119533              -18119533
              3      -9155369.1       1.4993418        1.142902         12.582606           12.248449      0.82086206     -0.99438517       5.6245903        5.6245903       -18310749              -18310749
              1      -9304877.4       1.4993418       1.1395054          12.57823           12.253152      0.82286635     -0.99135559       5.6245903        5.6245903       -18609766              -18609766
              2      -9504388.5       1.4993418        1.137023         12.580558           12.257475      0.81982201     -0.99947084       5.6245903        5.6245903       -19008788              -19008788
             14      -9641713.9       1.4993418       1.1456539         12.572947           12.256085      0.80992852     -0.99896408       5.6245903        5.6245903       -19283439              -19283439
              2      -9978975.1       1.4993418       1.1627934          12.57819           12.268601      0.81031548     -0.99915459       5.6245903        5.6245903       -19957961              -19957961
              1       -10166496       1.4993418       1.1549168         12.566181           12.276517      0.80602545     -0.98455061       5.6245903        5.6245903       -20333003              -20333003
              6       -10328756       1.4993418       1.1372663         12.567147           12.281822      0.81605105     -0.99061423       5.6245903        5.6245903       -20657524              -20657524
              1       -10547971       1.4993418       1.1308633         12.558904           12.288158       0.8164185     -0.98475605       5.6245903        5.6245903       -21095954              -21095954
              2       -11130393       1.4993418       1.1624924         12.556845           12.294909      0.82894775     -0.99412223       5.6245903        5.6245903       -22260798              -22260798
              7       -11213628       1.4993418       1.1749088         12.558999           12.295831      0.83415593       -0.995938       5.6245903        5.6245903       -22427267              -22427267
              4       -11279953       1.4993418       1.1706299         12.552478           12.299762      0.83824602     -0.98711685       5.6245903        5.6245903       -22559916              -22559916
              6       -11404809       1.4993418       1.1568045          12.54948           12.302901      0.83964758     -0.98882641       5.6245903        5.6245903       -22809630              -22809630
              1       -11688333       1.4993418       1.1988757          12.54411           12.307334      0.84184117     -0.97924932       5.6245903        5.6245903       -23376677              -23376677
              7       -11896830       1.4993418       1.1969972         12.546491           12.318398       0.8290354     -0.97440904       5.6245903        5.6245903       -23793671              -23793671
              1       -12103072       1.4993418       1.1978028         12.543163           12.323555      0.81924505     -0.97207788       5.6245903        5.6245903       -24206155              -24206155
              1       -12353216       1.4993418       1.2127093          12.53701           12.324693       0.8222522     -0.97192123       5.6245903        5.6245903       -24706443              -24706443
              2       -13310285       1.4993418       1.2120047         12.545475           12.349064      0.83139436     -0.98539093       5.6245903        5.6245903       -26620581              -26620581
              2       -13689705       1.4993418       1.2119733         12.545258           12.354134      0.83378368     -0.99385291       5.6245903        5.6245903       -27379421              -27379421
              1       -13726771       1.4993418       1.2117462         12.537277           12.363172      0.83232564     -0.97301872       5.6245903        5.6245903       -27453554              -27453554
              4       -13938591       1.4993418       1.1930359         12.533385           12.363584      0.82250898     -0.98264929       5.6245903        5.6245903       -27877193              -27877193
              4       -14178227       1.4993418       1.1966283         12.529856           12.368457      0.82279305     -0.98062494       5.6245903        5.6245903       -28356465              -28356465
              1       -14335243       1.4993418       1.1915246         12.536982           12.375125      0.82086514     -0.98501447       5.6245903        5.6245903       -28670497              -28670497
              4       -14393274       1.4993418       1.1927983          12.53674           12.375768      0.82087587     -0.98585116       5.6245903        5.6245903       -28786559              -28786559
              3       -14587949       1.4993418        1.182388         12.531557           12.378468      0.81937543     -0.98748246       5.6245903        5.6245903       -29175910              -29175910
              3       -14841270       1.4993418       1.1821868         12.529477           12.379575      0.82056772     -0.99439348       5.6245903        5.6245903       -29682550              -29682550
              1       -14863509       1.4993418       1.1627029         12.527453           12.383628      0.81560682     -0.99221629       5.6245903        5.6245903       -29727029              -29727029
              2       -14998310       1.4993418       1.1717946         12.518547           12.388352      0.81565613     -0.97869671       5.6245903        5.6245903       -29996632              -29996632
              7       -15881357       1.4993418        1.167838         12.517562           12.403267      0.81839466     -0.99038738       5.6245903        5.6245903       -31762725              -31762725
             12       -16149126       1.4993418       1.1745503          12.51943           12.406254      0.81943287     -0.99592675       5.6245903        5.6245903       -32298264              -32298264
              1       -16415704       1.4993418        1.175921         12.517902           12.409507      0.82009618     -0.99913528       5.6245903        5.6245903       -32831420              -32831420
              3       -16432150       1.4993418       1.1769281         12.516746           12.408965      0.81937241     -0.99930005       5.6245903        5.6245903       -32864311              -32864311
              1       -16914886       1.4993418       1.2024815         12.522073           12.421623      0.81688946     -0.99490985       5.6245903        5.6245903       -33829782              -33829782
             12       -17260807       1.4993418       1.2022454         12.516502           12.425182      0.82157993      -0.9969419       5.6245903        5.6245903       -34521625              -34521625
              8       -17363484       1.4993418       1.2020158         12.519957             12.4286      0.82360749     -0.99845764       5.6245903        5.6245903       -34726980              -34726980
              1       -17445919       1.4993418       1.2150377         12.515844           12.426062      0.82740358     -0.99797679       5.6245903        5.6245903       -34891850              -34891850
              2       -17629233       1.4993418       1.2231449           12.5111           12.432299      0.81915868     -0.98782299       5.6245903        5.6245903       -35258478              -35258478
              3       -18271892       1.4993418        1.232764         12.504803           12.436374      0.81614375     -0.99598462       5.6245903        5.6245903       -36543795              -36543795
              7       -18277423       1.4993418       1.2336392         12.506602           12.436697      0.81426002     -0.99707751       5.6245903        5.6245903       -36554858              -36554858
              1       -18315700       1.4993418       1.2350587         12.507033           12.436694      0.81403024     -0.99845974       5.6245903        5.6245903       -36631412              -36631412
              8       -18780429       1.4993418       1.2455206         12.500822           12.441924      0.81708584     -0.99754868       5.6245903        5.6245903       -37560870              -37560870
             10       -19012694       1.4993418       1.2493857         12.496675            12.44377      0.81418788     -0.99780816       5.6245903        5.6245903       -38025400              -38025400
              3       -19031951       1.4993418       1.2522522          12.49834           12.443825      0.81464575     -0.99904784       5.6245903        5.6245903       -38063914              -38063914
              5       -19506613       1.4993418       1.2601173         12.486162            12.44853      0.79105342      -0.9946696       5.6245903        5.6245903       -39013237              -39013237
             18       -19552150       1.4993418       1.2462705         12.484768           12.449519      0.79136014     -0.99764598       5.6245903        5.6245903       -39104312              -39104312
              6       -19572899       1.4993418       1.2476773         12.483826           12.449157      0.79179663     -0.99770427       5.6245903        5.6245903       -39145809              -39145809
             33       -19598132       1.4993418       1.2487268         12.483888           12.448394       0.7908845     -0.99968606       5.6245903        5.6245903       -39196276              -39196276
              4       -19727266       1.4993418       1.2527807         12.483728           12.450807      0.78954936     -0.99872158       5.6245903        5.6245903       -39454544              -39454544
              2       -20389813       1.4993418       1.2235929         12.476542           12.467466      0.79681776     -0.99572115       5.6245903        5.6245903       -40779638              -40779638
              8       -20474637       1.4993418       1.2248705         12.476599           12.467488      0.79836658     -0.99823629       5.6245903        5.6245903       -40949286              -40949286
             13       -20483520       1.4993418       1.2207627         12.477295           12.469823      0.80001646     -0.99639547       5.6245903        5.6245903       -40967052              -40967052
              1       -20682556       1.4993418       1.2107519         12.475704           12.475638      0.80206532     -0.99509686       5.6245903        5.6245903       -41365123              -41365123
              4       -20899151       1.4993418       1.2148718         12.472226           12.475822      0.80429747     -0.99776231       5.6245903        5.6245903       -41798313              -41798313
              2       -21234610       1.4993418       1.2303698         12.465653           12.477693      0.82322531     -0.99514143       5.6245903        5.6245903       -42469232              -42469232
              1       -21248846       1.4993418       1.2303348         12.465608           12.477868      0.82320448     -0.99528946       5.6245903        5.6245903       -42497703              -42497703
              1       -21400174       1.4993418       1.2740686         12.448993           12.478965      0.80754185     -0.97124774       5.6245903        5.6245903       -42800359              -42800359
              2       -21837673       1.4993418       1.2937291         12.457151           12.478832      0.80687983     -0.98615944       5.6245903        5.6245903       -43675358              -43675358
              1       -22277201       1.4993418       1.3089847         12.441974           12.494548      0.81723918     -0.95791034       5.6245903        5.6245903       -44554414              -44554414
              2       -22437101       1.4993418       1.2818934         12.438883           12.495291      0.82832521     -0.96784011       5.6245903        5.6245903       -44874214              -44874214
              4       -22567869       1.4993418       1.2818989         12.441088           12.497955      0.82845486     -0.96922338       5.6245903        5.6245903       -45135750              -45135750
              2       -22600376       1.4993418       1.2789817         12.441684           12.498457      0.82755237     -0.97069838       5.6245903        5.6245903       -45200764              -45200764
              3       -22801364       1.4993418       1.2877184         12.444302           12.496596      0.82456419     -0.97896353       5.6245903        5.6245903       -45602739              -45602739
              7       -22862259       1.4993418       1.2963935         12.449676           12.494932      0.82881826      -0.9850441       5.6245903        5.6245903       -45724529              -45724529
              5       -23174270       1.4993418       1.3064098         12.452043           12.498191       0.8403715     -0.98792627       5.6245903        5.6245903       -46348552              -46348552
             11       -24368454       1.4993418       1.3293779           12.4456           12.507662      0.83928959     -0.99517624       5.6245903        5.6245903       -48736919              -48736919
              5       -25264362       1.4993418       1.3213534         12.437406            12.52358      0.83697216     -0.99073918       5.6245903        5.6245903       -50528735              -50528735
              1       -25480804       1.4993418        1.316194         12.422442           12.525009      0.83729759     -0.98506916       5.6245903        5.6245903       -50961619              -50961619
             11       -25876480       1.4993418       1.3004167         12.423809           12.530363      0.84805288      -0.9928575       5.6245903        5.6245903       -51752972              -51752972
             12       -25889417       1.4993418       1.3022596          12.42633           12.532522      0.84654793     -0.99100223       5.6245903        5.6245903       -51778845              -51778845
              1       -25945231       1.4993418       1.3109507          12.42614             12.5336      0.84461218     -0.98801823       5.6245903        5.6245903       -51890473              -51890473
              2       -25990236       1.4993418        1.309702         12.423788           12.527971      0.83685762     -0.99697044       5.6245903        5.6245903       -51980484              -51980484
             13       -26337247       1.4993418       1.3192897         12.424552           12.530322      0.85517197     -0.99972682       5.6245903        5.6245903       -52674506              -52674506
              5       -27366308       1.4993418       1.3416906         12.413577           12.538524      0.85566346     -0.99896828       5.6245903        5.6245903       -54732626              -54732626
              4       -27789124       1.4993418       1.3558108         12.414461           12.552307      0.85130813     -0.98489614       5.6245903        5.6245903       -55578259              -55578259
              1       -27874279       1.4993418       1.3631059         12.417845           12.549618      0.84427203     -0.99124547       5.6245903        5.6245903       -55748569              -55748569
              5       -28089652       1.4993418       1.3564931         12.412918           12.550929      0.84393056     -0.99322838       5.6245903        5.6245903       -56179316              -56179316
              1       -28377428       1.4993418       1.3577721         12.413677           12.553875      0.84199454     -0.99592047       5.6245903        5.6245903       -56754868              -56754868
              5       -28380984       1.4993418       1.3391063         12.416022           12.561306      0.83854507     -0.99163199       5.6245903        5.6245903       -56761978              -56761978
              3       -28670641       1.4993418       1.3431816          12.41509           12.564454      0.83908936     -0.99192583       5.6245903        5.6245903       -57341293              -57341293
              3       -28711520       1.4993418       1.3425713         12.421825           12.565937      0.83821066     -0.99534416       5.6245903        5.6245903       -57423051              -57423051
              9       -28720561       1.4993418       1.3429293         12.421913           12.566308      0.83903759     -0.99491497       5.6245903        5.6245903       -57441132              -57441132
              3       -29516697       1.4993418       1.3516831         12.415394           12.572232       0.8483823     -0.99762757       5.6245903        5.6245903       -59033406              -59033406
              1       -29648846       1.4993418       1.3766112         12.410881           12.574326      0.83885023     -0.98685601       5.6245903        5.6245903       -59297703              -59297703
              1       -31062894       1.4993418       1.3841957         12.401893           12.589147      0.83961201     -0.98811059       5.6245903        5.6245903       -62125799              -62125799
              5       -31383463       1.4993418       1.3875352         12.400369           12.587609      0.83998639     -0.99598499       5.6245903        5.6245903       -62766937              -62766937
              3       -31544913       1.4993418       1.3719287         12.399031           12.598958      0.83975219     -0.98533207       5.6245903        5.6245903       -63089837              -63089837
              3       -32087294       1.4993418       1.3775066         12.392368           12.600814      0.83490187     -0.98884157       5.6245903        5.6245903       -64174599              -64174599
             16       -32397852       1.4993418       1.3845715         12.394065           12.598558      0.83870943     -0.99823388       5.6245903        5.6245903       -64795714              -64795714
              3       -32451064       1.4993418       1.3861757         12.391886           12.598888      0.83746445     -0.99705679       5.6245903        5.6245903       -64902139              -64902139
              9       -33022690       1.4993418       1.4025171         12.394264           12.605301      0.83055426     -0.99619102       5.6245903        5.6245903       -66045391              -66045391
              3       -33066966       1.4993418       1.4035705         12.395194           12.605012       0.8322179     -0.99788238       5.6245903        5.6245903       -66133944              -66133944
             19       -33171659       1.4993418       1.4014761          12.39343            12.60505      0.83214629     -0.99972157       5.6245903        5.6245903       -66343329              -66343329
              3       -33194315       1.4993418       1.3980206         12.393281           12.606215      0.83099501     -0.99939446       5.6245903        5.6245903       -66388641              -66388641
              1       -33247117       1.4993418       1.4104637         12.394467           12.615813      0.83245291     -0.98194698       5.6245903        5.6245903       -66494245              -66494245
              7       -33641207       1.4993418       1.4137873         12.397441           12.620398      0.83133036     -0.98404187       5.6245903        5.6245903       -67282426              -67282426
              4       -34257746       1.4993418       1.4377649         12.403455           12.622004      0.83569364     -0.99107468       5.6245903        5.6245903       -68515502              -68515502
              3       -34283839       1.4997416       1.4377649         12.403455           12.622004      0.83569364     -0.99107468       5.6245903        5.6245903       -68567689              -68567689
              5       -34315027       1.4997416       1.4378227         12.402428           12.622449      0.83518275     -0.99036357       5.6245903        5.6245903       -68630065              -68630065
              5       -35200271       1.4997416         1.45289         12.414385           12.630395      0.85874225     -0.99872342       5.6245903        5.6245903       -70400553              -70400553
              5       -35301136       1.4997416       1.4482552         12.411612           12.631946       0.8581777     -0.99803973       5.6245903        5.6245903       -70602284              -70602284
              2       -37557811       1.4997416       1.4830541         12.408276           12.653032      0.86159823     -0.99629697       5.6245903        5.6245903       -75115633              -75115633
              3       -37795962       1.4997416         1.49795         12.417652           12.658734       0.8696551     -0.99258352       5.6245903        5.6245903       -75591935              -75591935
              4       -38162668       1.4997416       1.4949077         12.409306           12.659084      0.88079157     -0.99489028       5.6245903        5.6245903       -76325346              -76325346
              4       -38165259       1.4997416       1.4946567         12.409114           12.659026      0.88103813     -0.99499301       5.6245903        5.6245903       -76330530              -76330530
              1       -38165524       1.4997416        1.494681         12.409125           12.659025      0.88102904     -0.99499757       5.6245903        5.6245903       -76331058              -76331058
              2       -39356298       1.4997416        1.490254         12.409646           12.675896       0.8774328     -0.99254012       5.6245903        5.6245903       -78712607              -78712607
              2       -39732961       1.4997416       1.4906858         12.409225           12.676262      0.87795034     -0.99842664       5.6245903        5.6245903       -79465934              -79465934
              8       -40332934       1.4997416       1.5071706         12.392444           12.675877      0.86911583     -0.99561977       5.6245903        5.6245903       -80665879              -80665879
              1       -41136325       1.4997416       1.5165226         12.394487           12.684007      0.86176882     -0.99560666       5.6245903        5.6245903       -82272661              -82272661
              5       -41139624       1.4997416       1.5026385         12.392548           12.694497      0.86842544     -0.98216686       5.6245903        5.6245903       -82279260              -82279260
              3       -41154515       1.4997416       1.5020747         12.392724             12.6948      0.86853591     -0.98221774       5.6245903        5.6245903       -82309042              -82309042
              4       -41171118       1.4997416       1.5020744         12.393149           12.694708      0.86803543      -0.9828826       5.6245903        5.6245903       -82342248              -82342248
             13       -41935994       1.4997416       1.5130745         12.402516           12.695154      0.86098168     -0.99749884       5.6245903        5.6245903       -83871999              -83871999
             15       -41975693       1.4997416       1.5142324         12.402273           12.694483      0.86149043     -0.99879478       5.6245903        5.6245903       -83951398              -83951398
              9       -42218535       1.4997416       1.5122328         12.400564           12.697576      0.86098219     -0.99774212       5.6245903        5.6245903       -84437081              -84437081
             22       -42489787       1.4997416        1.516858         12.397763           12.698562      0.85130005     -0.99806372       5.6245903        5.6245903       -84979585              -84979585
              3       -46399650       1.4997416       1.5401563         12.369594           12.730768       0.8626892     -0.98952549       5.6245903        5.6245903       -92799312              -92799312
              2       -46688613       1.4997416       1.5387552         12.367326           12.732058      0.85452432     -0.99153124       5.6245903        5.6245903       -93377237              -93377237
              6       -46779467       1.4997416       1.5459773         12.368483           12.734064      0.84894436     -0.98804865       5.6245903        5.6245903       -93558946              -93558946
              3       -47101628       1.4997416       1.5402335         12.352602           12.734054       0.8463098     -0.98728163       5.6245903        5.6245903       -94203268              -94203268
              6       -47133422       1.4997416       1.5405649         12.352562           12.734189       0.8463549     -0.98746285       5.6245903        5.6245903       -94266855              -94266855
              6       -47228591       1.4997416       1.5528792         12.350351           12.732806      0.84001316     -0.98615183       5.6245903        5.6245903       -94457194              -94457194
              1       -47259048       1.4997416       1.5538517         12.351448           12.733013      0.83914297     -0.98654596       5.6245903        5.6245903       -94518106              -94518106
              1       -48019655       1.4997416       1.5813258         12.346039           12.742164      0.84058741     -0.97242199       5.6245903        5.6245903       -96039321              -96039321
              2       -50101236       1.4997416       1.5776135         12.341922           12.750313      0.83849732     -0.99177175       5.6245903        5.6245903  -1.0020248e+08         -1.0020248e+08
              1       -50725299       1.4997416       1.5825973         12.331564           12.752935      0.83351247     -0.99070404       5.6245903        5.6245903  -1.0145061e+08         -1.0145061e+08
              4       -51643266       1.4997416       1.5385164         12.331432           12.768442      0.83077421     -0.99352485       5.6245903        5.6245903  -1.0328654e+08         -1.0328654e+08
              6       -52716102       1.4997416       1.5589892         12.340827           12.773106      0.82799235     -0.99982075       5.6245903        5.6245903  -1.0543221e+08         -1.0543221e+08
              1       -53338101       1.4997416       1.5574254         12.336233           12.790731       0.8308494     -0.97688118       5.6245903        5.6245903  -1.0667621e+08         -1.0667621e+08
              1       -53577403       1.4997416       1.5508243         12.323046           12.787483      0.83987507      -0.9824093       5.6245903        5.6245903  -1.0715482e+08         -1.0715482e+08
              5       -53927097       1.4997416       1.5448259         12.324275           12.789212      0.84042756      -0.9874242       5.6245903        5.6245903  -1.0785421e+08         -1.0785421e+08
              7       -54591471       1.4997416       1.5587608         12.321635           12.786656      0.84801397      -0.9957734       5.6245903        5.6245903  -1.0918295e+08         -1.0918295e+08
              4       -54634118       1.4997416       1.5661687         12.318919           12.786653       0.8477684     -0.99274026       5.6245903        5.6245903  -1.0926825e+08         -1.0926825e+08
              1       -56379554       1.4997416       1.5574157         12.290476           12.795206      0.85413055     -0.99508219       5.6245903        5.6245903  -1.1275912e+08         -1.1275912e+08
              7       -56449511       1.4997416       1.5591452         12.293239           12.794853      0.86736924     -0.99704088       5.6245903        5.6245903  -1.1289903e+08         -1.1289903e+08
              1       -56932584       1.4997416       1.5356821         12.284469           12.804328      0.86619255     -0.99287892       5.6245903        5.6245903  -1.1386518e+08         -1.1386518e+08
              2       -57507459       1.4997416       1.5413892          12.28901           12.811055      0.86077098     -0.98981537       5.6245903        5.6245903  -1.1501493e+08         -1.1501493e+08
              3       -57744499       1.4997416       1.5419313         12.288027           12.810648      0.85910307     -0.99323213       5.6245903        5.6245903  -1.1548901e+08         -1.1548901e+08
              3       -58626911       1.4997416       1.5878212         12.303856           12.815831      0.85577702     -0.98780708       5.6245903        5.6245903  -1.1725383e+08         -1.1725383e+08
              3       -59846546       1.4997416       1.5865702         12.302366           12.824662      0.85748426     -0.98939999       5.6245903        5.6245903   -1.196931e+08          -1.196931e+08
              1       -60321156       1.4997416       1.5809481         12.300344           12.824282      0.86372277     -0.99748926       5.6245903        5.6245903  -1.2064232e+08         -1.2064232e+08
              3       -60744881       1.4997416       1.5781325         12.292691            12.83011      0.86298011     -0.99126929       5.6245903        5.6245903  -1.2148977e+08         -1.2148977e+08
              8       -61188600       1.4997416       1.5674317         12.283286           12.832434       0.8690887     -0.99320089       5.6245903        5.6245903  -1.2237721e+08         -1.2237721e+08
              3       -61766226       1.4997416       1.5521948         12.274084           12.846686      0.87194836     -0.97847813       5.6245903        5.6245903  -1.2353246e+08         -1.2353246e+08
              1       -62999801       1.4997416       1.5422977         12.275945           12.848903       0.8743244     -0.99450103       5.6245903        5.6245903  -1.2599961e+08         -1.2599961e+08
              5       -63323083       1.4997416       1.5430563         12.285019           12.860839      0.86514812     -0.98207107       5.6245903        5.6245903  -1.2664618e+08         -1.2664618e+08
              2       -63743503       1.4997416       1.5727678         12.287636           12.858442      0.86514017      -0.9823465       5.6245903        5.6245903  -1.2748702e+08         -1.2748702e+08
              1       -65763791       1.4997416       1.5526431         12.277865           12.872089      0.85948161     -0.98834279       5.6245903        5.6245903  -1.3152759e+08         -1.3152759e+08
              6       -66084953       1.4997416       1.5368039         12.284217           12.872749      0.86697875     -0.99888259       5.6245903        5.6245903  -1.3216992e+08         -1.3216992e+08
              7       -67295706       1.4997416       1.5456829         12.299838           12.883064      0.87708301     -0.99864605       5.6245903        5.6245903  -1.3459142e+08         -1.3459142e+08
              5       -67320691       1.4997416       1.5455075         12.299771           12.883036      0.87713536     -0.99903105       5.6245903        5.6245903  -1.3464139e+08         -1.3464139e+08
              2       -67933968       1.4997416       1.5517509         12.289912           12.889421      0.87940363     -0.98994649       5.6245903        5.6245903  -1.3586795e+08         -1.3586795e+08
              7       -69012962       1.4997416        1.553251         12.291446           12.895845      0.86880179     -0.99179307       5.6245903        5.6245903  -1.3802594e+08         -1.3802594e+08
              5       -69978499       1.4997416       1.5571828          12.28831           12.900055      0.85900485     -0.99353381       5.6245903        5.6245903  -1.3995701e+08         -1.3995701e+08
              7       -70425551       1.4997416       1.5807438         12.282567            12.89988      0.85245937     -0.98900362       5.6245903        5.6245903  -1.4085111e+08         -1.4085111e+08
              8       -71923614       1.4997416       1.5751707         12.309542           12.912564      0.86434622     -0.99534899       5.6245903        5.6245903  -1.4384724e+08         -1.4384724e+08
              1       -72445830       1.4997416       1.6089892         12.340739           12.928178      0.85565387     -0.97378195       5.6245903        5.6245903  -1.4489167e+08         -1.4489167e+08
              1       -72581556       1.4997416       1.6093659         12.341116           12.927967      0.85576878     -0.97575733       5.6245903        5.6245903  -1.4516312e+08         -1.4516312e+08
              5       -72664860       1.4997416       1.6124433         12.338946           12.925925      0.84573617     -0.97828973       5.6245903        5.6245903  -1.4532973e+08         -1.4532973e+08
              1       -74852548       1.4997416       1.6144109         12.332546           12.936115      0.84585527     -0.98221224       5.6245903        5.6245903  -1.4970511e+08         -1.4970511e+08
              1       -75120744       1.4997416       1.6087927         12.338194           12.939853      0.84969038     -0.98258705       5.6245903        5.6245903   -1.502415e+08          -1.502415e+08
             22       -77259794       1.4997416       1.6317023         12.345397            12.94184      0.84515811     -0.99801282       5.6245903        5.6245903   -1.545196e+08          -1.545196e+08
             19       -77623757       1.4997416        1.629642          12.33752           12.945605      0.84240074     -0.99278229       5.6245903        5.6245903  -1.5524753e+08         -1.5524753e+08
              4       -77938060       1.4997416       1.6292236         12.342569           12.946067      0.83643488     -0.99765263       5.6245903        5.6245903  -1.5587613e+08         -1.5587613e+08
              1       -77956840       1.4997416       1.6294805         12.342932           12.946143      0.83637558     -0.99777142       5.6245903        5.6245903  -1.5591369e+08         -1.5591369e+08
              2       -78085672       1.4997416        1.636862          12.34107           12.946722      0.83220702     -0.99475443       5.6245903        5.6245903  -1.5617136e+08         -1.5617136e+08
              2       -78965777       1.4997416       1.6401341         12.340095             12.9548      0.83651201     -0.98757565       5.6245903        5.6245903  -1.5793157e+08         -1.5793157e+08
              1       -79703686       1.4997416       1.6914816          12.34616           12.949401      0.82410859     -0.99012713       5.6245903        5.6245903  -1.5940738e+08         -1.5940738e+08
              2       -81237044       1.4997416        1.694653         12.341617           12.957564       0.8215277     -0.98841047       5.6245903        5.6245903   -1.624741e+08          -1.624741e+08
              1       -81843401       1.4997416       1.7118718          12.33224           12.955272      0.83583501     -0.98984831       5.6245903        5.6245903  -1.6368681e+08         -1.6368681e+08
              3       -82034312       1.4997416       1.7110737          12.33071           12.954371      0.83483731     -0.99343813       5.6245903        5.6245903  -1.6406863e+08         -1.6406863e+08
              8       -82138750       1.4997416       1.7202863         12.324298           12.951691       0.8390429     -0.99404172       5.6245903        5.6245903  -1.6427751e+08         -1.6427751e+08
              9       -82220316       1.4997416         1.71828         12.323857           12.951873      0.83959638     -0.99513834       5.6245903        5.6245903  -1.6444064e+08         -1.6444064e+08
              2       -82931366       1.4997416       1.7121155         12.323704           12.955321       0.8350362     -0.99846127       5.6245903        5.6245903  -1.6586274e+08         -1.6586274e+08
              3       -84697764       1.4997416       1.7341527         12.309928           12.962699       0.8321071     -0.99010674       5.6245903        5.6245903  -1.6939554e+08         -1.6939554e+08
              4       -87194776       1.4997416       1.7220592         12.306547           12.973322      0.84590163     -0.99869247       5.6245903        5.6245903  -1.7438956e+08         -1.7438956e+08
              1       -87529691       1.4997416       1.7297521         12.305671           12.975536      0.84522469      -0.9947217       5.6245903        5.6245903  -1.7505939e+08         -1.7505939e+08
              5       -87550455       1.4997416       1.7319717         12.306038           12.974591      0.84590634     -0.99612408       5.6245903        5.6245903  -1.7510092e+08         -1.7510092e+08
              2       -87902112       1.4997416         1.75571         12.301592           12.974089       0.8219539     -0.99070444       5.6245903        5.6245903  -1.7580424e+08         -1.7580424e+08
              7       -88025926       1.4997416       1.7557336         12.300747            12.97388      0.82203927     -0.99214866       5.6245903        5.6245903  -1.7605186e+08         -1.7605186e+08
              7       -88149512       1.4997416       1.7560338              12.3           12.974476      0.82210287     -0.99187012       5.6245903        5.6245903  -1.7629904e+08         -1.7629904e+08
              1       -88280122       1.4997416       1.7511868         12.298895           12.974576      0.82426607     -0.99446688       5.6245903        5.6245903  -1.7656026e+08         -1.7656026e+08
              4       -88695768       1.4997416       1.7522681         12.298353            12.97569      0.82407953     -0.99601446       5.6245903        5.6245903  -1.7739155e+08         -1.7739155e+08
              2       -94665477       1.4997416       1.8084111         12.271122           12.993581      0.83989085      -0.9923768       5.6245903        5.6245903  -1.8933097e+08         -1.8933097e+08
             19       -95172028       1.4997416        1.808949         12.271844           12.995339      0.83875877     -0.99396793       5.6245903        5.6245903  -1.9034407e+08         -1.9034407e+08
              1       -95277295       1.4997416       1.8074175         12.271363           12.995757      0.83822427     -0.99459467       5.6245903        5.6245903   -1.905546e+08          -1.905546e+08
              4       -97886120       1.4997416       1.8036009         12.279906           13.012906       0.8453346     -0.99000124       5.6245903        5.6245903  -1.9577225e+08         -1.9577225e+08
              2  -1.0164422e+08       1.4997416       1.7871272         12.258935            13.02713      0.83381295     -0.99633931       5.6245903        5.6245903  -2.0328844e+08         -2.0328844e+08
              4   -1.036243e+08       1.4997416        1.814243         12.259834           13.041889      0.83770221     -0.97450923       5.6245903        5.6245903  -2.0724861e+08         -2.0724861e+08
              3  -1.0370166e+08       1.4997416       1.8138416         12.261425           13.041954      0.83829635     -0.97571631       5.6245903        5.6245903  -2.0740332e+08         -2.0740332e+08
              5  -1.0370691e+08       1.4997416       1.8058985         12.260912           13.045187      0.83972804     -0.97226118       5.6245903        5.6245903  -2.0741383e+08         -2.0741383e+08
              4  -1.0418738e+08       1.4997416       1.8013763         12.262073           13.045802      0.84314366     -0.97749802       5.6245903        5.6245903  -2.0837478e+08         -2.0837478e+08
              2    -1.08337e+08       1.4997416       1.8255624         12.257621           13.049898      0.84813902     -0.99608989       5.6245903        5.6245903  -2.1667401e+08         -2.1667401e+08
              8  -1.0970075e+08       1.4997416       1.8241571         12.260145           13.058099      0.84838092     -0.99284738       5.6245903        5.6245903  -2.1940151e+08         -2.1940151e+08
              1  -1.1019038e+08       1.4997416       1.8251557         12.261399           13.057618      0.84777652     -0.99803961       5.6245903        5.6245903  -2.2038076e+08         -2.2038076e+08
              1  -1.1102753e+08       1.4997416       1.8501088         12.258802            13.05843      0.84263182     -0.99365664       5.6245903        5.6245903  -2.2205506e+08         -2.2205506e+08
              7  -1.1163863e+08       1.4997416       1.8517941         12.268003           13.065279      0.84254374     -0.98694049       5.6245903        5.6245903  -2.2327728e+08         -2.2327728e+08
             19  -1.1248849e+08       1.4997416       1.8548139          12.26945           13.062541       0.8461238     -0.99910431       5.6245903        5.6245903  -2.2497699e+08         -2.2497699e+08
              2  -1.1251491e+08       1.4997416       1.8611819         12.267521           13.061572      0.84604758     -0.99838576       5.6245903        5.6245903  -2.2502983e+08         -2.2502983e+08
              3   -1.126675e+08       1.4997416       1.8632622         12.263829           13.060978      0.84434598      -0.9990859       5.6245903        5.6245903  -2.2533501e+08         -2.2533501e+08
              5  -1.1308787e+08       1.4997416       1.8580295         12.261987           13.065298      0.84483553     -0.99522728       5.6245903        5.6245903  -2.2617575e+08         -2.2617575e+08
              1  -1.1417736e+08       1.4997416       1.8528212         12.279148           13.077293       0.8487056     -0.98643059       5.6245903        5.6245903  -2.2835474e+08         -2.2835474e+08
              4  -1.1421082e+08       1.4997416          1.8463         12.274629           13.083559      0.84036692     -0.97453039       5.6245903        5.6245903  -2.2842166e+08         -2.2842166e+08
              6  -1.1636505e+08       1.4997416       1.8558944         12.273986           13.084543      0.83515881     -0.98667222       5.6245903        5.6245903  -2.3273012e+08         -2.3273012e+08
              2  -1.1650711e+08       1.4997416       1.8582368         12.273671           13.084565      0.83355687     -0.98683001       5.6245903        5.6245903  -2.3301424e+08         -2.3301424e+08
              2  -1.1718376e+08       1.4997416       1.8668537         12.267534           13.087517      0.83781208     -0.98114208       5.6245903        5.6245903  -2.3436754e+08         -2.3436754e+08
              1  -1.1739888e+08       1.4997416       1.8670405         12.268152           13.088561      0.83776432     -0.98078383       5.6245903        5.6245903  -2.3479776e+08         -2.3479776e+08
              1   -1.223327e+08       1.4997416       1.8810891         12.258208            13.10628      0.84423015     -0.97501006       5.6245903        5.6245903   -2.446654e+08          -2.446654e+08
              1  -1.2346101e+08       1.4997416       1.8842306         12.267539           13.110663      0.84513712     -0.97625218       5.6245903        5.6245903  -2.4692204e+08         -2.4692204e+08
              9  -1.2359386e+08       1.4997416       1.8546617           12.2675           13.113977      0.85326814     -0.98167408       5.6245903        5.6245903  -2.4718773e+08         -2.4718773e+08
              6  -1.2641804e+08       1.4997416         1.83683         12.259859           13.127399      0.86232654     -0.98032281       5.6245903        5.6245903  -2.5283609e+08         -2.5283609e+08
              4  -1.2996886e+08       1.4997416       1.8584833         12.256656           13.146264      0.85186349      -0.9575003       5.6245903        5.6245903  -2.5993774e+08         -2.5993774e+08
              1  -1.3274771e+08       1.4997416       1.8645769         12.248541           13.152362      0.84591736     -0.96007446       5.6245903        5.6245903  -2.6549544e+08         -2.6549544e+08
              5  -1.3626197e+08       1.4997416       1.8680864         12.259406           13.152475      0.83501589     -0.98698795       5.6245903        5.6245903  -2.7252395e+08         -2.7252395e+08
              4   -1.375541e+08       1.4997416       1.8584125         12.252985           13.165684      0.84269824     -0.96862816       5.6245903        5.6245903  -2.7510821e+08         -2.7510821e+08
              1  -1.4095755e+08       1.4997416       1.9097931         12.251242           13.171737      0.84377677     -0.95977561       5.6245903        5.6245903  -2.8191511e+08         -2.8191511e+08
              1  -1.4297613e+08       1.4997416       1.9157719         12.249211           13.165854      0.85207735     -0.98403181       5.6245903        5.6245903  -2.8595228e+08         -2.8595228e+08
              2  -1.4538667e+08       1.4997416       1.9052856         12.236919            13.17859       0.8667186     -0.97481368       5.6245903        5.6245903  -2.9077336e+08         -2.9077336e+08
              1  -1.4579697e+08       1.4997416       1.9045138         12.247929           13.181858      0.87278358     -0.97356029       5.6245903        5.6245903  -2.9159394e+08         -2.9159394e+08
             13  -1.5189417e+08       1.4997416       1.9118197         12.251574           13.192941      0.87446068     -0.98764046       5.6245903        5.6245903  -3.0378836e+08         -3.0378836e+08
              3  -1.5200955e+08       1.4997416       1.9131613         12.253589           13.195027      0.87580732     -0.98380336       5.6245903        5.6245903  -3.0401911e+08         -3.0401911e+08
              2  -1.5254118e+08       1.4997416        1.917649         12.254265           13.194676      0.87610649     -0.98644843       5.6245903        5.6245903  -3.0508237e+08         -3.0508237e+08
              2  -1.5547494e+08       1.4997416       1.9181958         12.254351           13.211557      0.88229888     -0.96775116       5.6245903        5.6245903  -3.1094989e+08         -3.1094989e+08
              2  -1.5888172e+08       1.4997416       1.9014305         12.260612           13.214087      0.89303094     -0.99073193       5.6245903        5.6245903  -3.1776346e+08         -3.1776346e+08
              1  -1.6026039e+08       1.4997416       1.8969162          12.25947           13.216668      0.88916154     -0.99477404       5.6245903        5.6245903  -3.2052079e+08         -3.2052079e+08
              1  -1.6064505e+08       1.4997416       1.8968807         12.255204           13.216551      0.89078271     -0.99641991       5.6245903        5.6245903  -3.2129012e+08         -3.2129012e+08
