#        weight    minuslogpost          sigma8        ygk_Ahmc ygk_LOWZ__1_lM1_0 ygk_LOWZ__1_lMmin_0   ygk_mass_bias       ygk_rhogy   minuslogprior minuslogprior__0            chi2 chi2__ygk_like.ygkLike
              2      -431.89518      0.70329083      0.94377791         12.954152           11.615006      0.76112208     -0.43399778       5.6245903        5.6245903      -875.03954             -875.03954
              2      -451.36439      0.70329083      0.93081878         12.952881           11.612752      0.75848339     -0.43064818       5.6245903        5.6245903      -913.97796             -913.97796
              1      -451.30119      0.70329083       0.9320927         12.952242           11.612272      0.75810587     -0.42917154       5.6245903        5.6245903      -913.85156             -913.85156
              1      -471.64451      0.70329083      0.93854278         12.952638           11.612129      0.75478647     -0.39677087       5.6245903        5.6245903      -954.53819             -954.53819
              1      -591.92242      0.67187911      0.93854278         12.952638           11.612129      0.75478647     -0.39677087       5.6245903        5.6245903       -1195.094              -1195.094
              1      -604.07453      0.67187911      0.94386289         12.954022           11.610263      0.75275244     -0.39876404       5.6245903        5.6245903      -1219.3982             -1219.3982
              2      -724.74313      0.67187911      0.94333216          12.95619           11.597023      0.76486794     -0.39403311       5.6245903        5.6245903      -1460.7354             -1460.7354
              1      -818.50571      0.67187911       0.9117466         12.955647           11.586593      0.75309361     -0.39272797       5.6245903        5.6245903      -1648.2606             -1648.2606
              1      -872.11964      0.67187911      0.92914422         12.962824           11.582592      0.75665662     -0.39153761       5.6245903        5.6245903      -1755.4885             -1755.4885
              1      -874.32388      0.67187911      0.93635285         12.959564           11.574372      0.74824213     -0.42805078       5.6245903        5.6245903      -1759.8969             -1759.8969
              2      -916.32696      0.67187911      0.93470997         12.958115           11.568428      0.74584573     -0.42029632       5.6245903        5.6245903      -1843.9031             -1843.9031
              1      -925.62751      0.67187911       0.9326966         12.959518           11.568305      0.74536792     -0.42064318       5.6245903        5.6245903      -1862.5042             -1862.5042
              1      -1048.2571      0.64316465       0.9326966         12.959518           11.568305      0.74536792     -0.42064318       5.6245903        5.6245903      -2107.7634             -2107.7634
              1      -1053.3196      0.64316465      0.93329573         12.960005           11.567533      0.74567085     -0.42507937       5.6245903        5.6245903      -2117.8883             -2117.8883
              3      -1172.2727      0.61434103      0.93329573         12.960005           11.567533      0.74567085     -0.42507937       5.6245903        5.6245903      -2355.7946             -2355.7946
              1      -1189.3077      0.61434103       0.9365651          12.96895           11.570374      0.74412824     -0.42310494       5.6245903        5.6245903      -2389.8646             -2389.8646
              1      -1323.8468      0.61434103      0.89000246         12.977329           11.565966      0.76159803      -0.4178721       5.6245903        5.6245903      -2658.9428             -2658.9428
              2      -1460.1124      0.57472858      0.89000246         12.977329           11.565966      0.76159803      -0.4178721       5.6245903        5.6245903      -2931.4739             -2931.4739
              1      -1459.7631      0.57472858      0.88704203         12.974916           11.565274      0.76229372     -0.41446737       5.6245903        5.6245903      -2930.7754             -2930.7754
              3      -1479.4237      0.57472858      0.88098234         12.972755           11.561595      0.76281036     -0.42927286       5.6245903        5.6245903      -2970.0965             -2970.0965
              4      -1534.6849      0.57472858      0.88060669         12.975125           11.555708      0.76256784     -0.42694062       5.6245903        5.6245903       -3080.619              -3080.619
              2      -1537.9496      0.57472858      0.88782314         12.981438           11.557447      0.76256617     -0.43387637       5.6245903        5.6245903      -3087.1484             -3087.1484
              2      -1591.8417      0.57472858      0.89017226         12.983122           11.551145      0.76929531     -0.43454029       5.6245903        5.6245903      -3194.9325             -3194.9325
              1      -1704.7976      0.57472858      0.87909538         12.988257           11.540785      0.75979855      -0.4132856       5.6245903        5.6245903      -3420.8444             -3420.8444
              2      -1704.6649      0.57472858      0.87891341         12.988255           11.540842       0.7598715     -0.41313803       5.6245903        5.6245903      -3420.5791             -3420.5791
              1       -1735.994       0.5633308      0.87891341         12.988255           11.540842       0.7598715     -0.41313803       5.6245903        5.6245903      -3483.2373             -3483.2373
              1      -1863.3052       0.5633308       0.8575119          12.99808           11.533054      0.76020567     -0.38582648       5.6245903        5.6245903      -3737.8595             -3737.8595
              4       -1906.211       0.5633308       0.8509545         12.994352           11.525272      0.75294427     -0.39412184       5.6245903        5.6245903      -3823.6712             -3823.6712
              1      -1943.8255       0.5633308      0.85959434         12.992764           11.518158      0.75925221     -0.39348974       5.6245903        5.6245903      -3898.9003             -3898.9003
              3      -2026.5193      0.48038686      0.85959434         12.992764           11.518158      0.75925221     -0.39348974       5.6245903        5.6245903      -4064.2878             -4064.2878
              1      -2053.1451      0.48038686      0.85035396         12.985787           11.512924        0.758836      -0.3859308       5.6245903        5.6245903      -4117.5394             -4117.5394
              2      -2059.9854      0.48038686      0.85436578         12.985792           11.511342      0.76057891     -0.38500822       5.6245903        5.6245903      -4131.2199             -4131.2199
              4      -2069.6112      0.48038686      0.84435705         12.985341           11.511535      0.75638707     -0.37116289       5.6245903        5.6245903      -4150.4715             -4150.4715
              3      -2069.6336      0.48038686      0.86189019         12.988912           11.510393      0.75517459     -0.35942742       5.6245903        5.6245903      -4150.5164             -4150.5164
              1      -2088.2672      0.48038686      0.88063501         12.995803           11.507434      0.74100429     -0.34417973       5.6245903        5.6245903      -4187.7836             -4187.7836
              1      -2178.1466      0.48038686      0.87282257         13.004774           11.499485       0.7469079     -0.33501702       5.6245903        5.6245903      -4367.5424             -4367.5424
              5      -2180.8075      0.48038686      0.86742666         13.000801           11.498486      0.74602608     -0.32525612       5.6245903        5.6245903      -4372.8641             -4372.8641
              1      -2190.9172      0.50097291      0.86742666         13.000801           11.498486      0.74602608     -0.32525612       5.6245903        5.6245903      -4393.0836             -4393.0836
              1      -2194.1264      0.50097291      0.86817461         12.997909           11.496723       0.7524792     -0.32932068       5.6245903        5.6245903       -4399.502              -4399.502
              1      -2207.3647      0.50097291      0.86143126         13.005955           11.499175      0.75464249     -0.34397747       5.6245903        5.6245903      -4425.9785             -4425.9785
              2      -2225.3584      0.50097291      0.85581845          13.00685            11.49795      0.75554206     -0.33971894       5.6245903        5.6245903      -4461.9659             -4461.9659
              2      -2228.0069      0.50097291      0.85793751         13.006418           11.496896      0.75287292      -0.3404194       5.6245903        5.6245903       -4467.263              -4467.263
              1      -2311.1254      0.50097291      0.86547596         13.005197           11.482876      0.75970608     -0.33436841       5.6245903        5.6245903         -4633.5                -4633.5
              4      -2337.6124      0.50097291      0.85264572         13.003928           11.480334       0.7586078     -0.33800898       5.6245903        5.6245903      -4686.4741             -4686.4741
              1      -2339.4517      0.50097291      0.85514984         13.002681           11.479029      0.76230783     -0.34518817       5.6245903        5.6245903      -4690.1526             -4690.1526
              4      -2379.8495      0.50097291      0.84839563         12.999626           11.472661       0.7612414      -0.3429914       5.6245903        5.6245903      -4770.9481             -4770.9481
              3      -2424.3119      0.50097291      0.86475262         13.003097             11.4648      0.77273605     -0.34447497       5.6245903        5.6245903       -4859.873              -4859.873
              1      -2441.4697      0.50097291      0.85202279         13.003946           11.465138      0.77757262     -0.33413645       5.6245903        5.6245903      -4894.1886             -4894.1886
              2      -2526.6036      0.50097291      0.84286259         13.010172            11.45569      0.77241204     -0.33657091       5.6245903        5.6245903      -5064.4565             -5064.4565
              3      -2559.3311      0.50097291      0.83354952         13.025511           11.458494      0.76967866     -0.33637726       5.6245903        5.6245903      -5129.9114             -5129.9114
              1      -2588.4957      0.50097291      0.81956356         13.023891           11.455886      0.77000447      -0.3261992       5.6245903        5.6245903      -5188.2406             -5188.2406
              1      -2663.3196      0.50097291      0.84405517         13.028494           11.441221      0.76033679     -0.30340355       5.6245903        5.6245903      -5337.8883             -5337.8883
              2      -2722.1676      0.50097291      0.84660346         13.035209           11.433595      0.76347792     -0.30806974       5.6245903        5.6245903      -5455.5843             -5455.5843
              1      -2722.5549      0.50097291      0.84645527         13.035152           11.433533      0.76347613     -0.30808334       5.6245903        5.6245903      -5456.3591             -5456.3591
              1      -2722.8439      0.50097291      0.84645635         13.035493           11.433459      0.76133897     -0.31139337       5.6245903        5.6245903       -5456.937              -5456.937
              1      -2722.2865      0.50097291      0.84654587         13.035409           11.433499       0.7614625     -0.31175013       5.6245903        5.6245903      -5455.8221             -5455.8221
              1      -2723.3371      0.50097291      0.83780797         13.038307           11.436125      0.76264088     -0.31383748       5.6245903        5.6245903      -5457.9234             -5457.9234
              1        -2723.36      0.50097291      0.83733006         13.037919           11.436057      0.76256537     -0.31358752       5.6245903        5.6245903      -5457.9691             -5457.9691
              7      -2748.6354      0.50097291      0.85264842          13.03938           11.429676      0.75424857     -0.29221123       5.6245903        5.6245903      -5508.5199             -5508.5199
              2      -2757.2805      0.50097291      0.85886811         13.032857           11.424328      0.74892762     -0.28670937       5.6245903        5.6245903      -5525.8103             -5525.8103
              4      -2836.8711      0.50097291       0.8444405         13.038615           11.415478      0.74642261      -0.2871868       5.6245903        5.6245903      -5684.9914             -5684.9914
              2      -2866.5459      0.50097291      0.83056259         13.037085           11.411919      0.74513144     -0.30239712       5.6245903        5.6245903      -5744.3409             -5744.3409
              1      -2874.7472      0.50097291      0.83330871         13.046965           11.413922      0.75528863     -0.31420231       5.6245903        5.6245903      -5760.7435             -5760.7435
              1      -2892.8144      0.50097291      0.81136446         13.050204           11.416731       0.7575221     -0.29887139       5.6245903        5.6245903      -5796.8781             -5796.8781
              2      -2908.4608      0.50097291      0.81351953         13.049087           11.413075      0.75488257     -0.29563101       5.6245903        5.6245903      -5828.1708             -5828.1708
              5      -2949.7324      0.50097291      0.80162522         13.063035           11.413025      0.74589339     -0.29799823       5.6245903        5.6245903       -5910.714              -5910.714
              6      -3039.1824      0.50097291      0.78328958         13.063601            11.40176      0.76630594     -0.28247998       5.6245903        5.6245903       -6089.614              -6089.614
              1      -3053.2166      0.50097291      0.78202281         13.061454           11.398361      0.76256497     -0.28620091       5.6245903        5.6245903      -6117.6824             -6117.6824
              5      -3057.3103      0.51088323      0.78202281         13.061454           11.398361      0.76256497     -0.28620091       5.6245903        5.6245903      -6125.8697             -6125.8697
              3      -3147.6743      0.51088323      0.78946638         13.057232           11.377232      0.74135792      -0.2866745       5.6245903        5.6245903      -6306.5977             -6306.5977
              1      -3152.3263      0.51088323      0.80298674         13.046149           11.369264      0.75278383     -0.30366103       5.6245903        5.6245903      -6315.9018             -6315.9018
              1      -3245.6292      0.51088323      0.78481773         13.052764           11.358171      0.76086416     -0.29283288       5.6245903        5.6245903      -6502.5077             -6502.5077
              1      -3282.9407      0.51088323      0.74318829          13.04709           11.357614      0.76082249     -0.28925211       5.6245903        5.6245903      -6577.1305             -6577.1305
              1      -3284.5044      0.51088323      0.74330404         13.047355           11.357457      0.76059066     -0.28633858       5.6245903        5.6245903       -6580.258              -6580.258
              4       -3304.957      0.51088323      0.74621608         13.042844           11.351325      0.76515035     -0.28468198       5.6245903        5.6245903      -6621.1632             -6621.1632
              1      -3324.8296      0.51088323      0.73745604         13.044008           11.349923      0.76916983     -0.28336849       5.6245903        5.6245903      -6660.9084             -6660.9084
              1      -3336.8903      0.51088323      0.73785816         13.045922           11.348135      0.76816266     -0.28277794       5.6245903        5.6245903      -6685.0297             -6685.0297
              1      -3345.0643      0.51088323      0.73987751         13.044418           11.345313      0.76935914     -0.29066519       5.6245903        5.6245903      -6701.3778             -6701.3778
              3       -3360.861      0.51088323       0.7171936         13.040028           11.344678      0.75870462     -0.29867952       5.6245903        5.6245903      -6732.9711             -6732.9711
              3      -3365.7392      0.51088323       0.7293757         13.042014           11.341286      0.75384629     -0.31007174       5.6245903        5.6245903      -6742.7276             -6742.7276
              1       -3418.651      0.51088323       0.7215152         13.024531           11.325614      0.74336007      -0.2941143       5.6245903        5.6245903      -6848.5512             -6848.5512
              1      -3424.1911      0.51088323      0.72486813         13.022975           11.323284      0.74788158     -0.29655229       5.6245903        5.6245903      -6859.6313             -6859.6313
              1      -3515.1549      0.51088323      0.72694587         13.038664           11.310638      0.74975472      -0.2715268       5.6245903        5.6245903       -7041.559              -7041.559
              3      -3635.2948      0.51088323      0.70624849          13.03392            11.28805      0.75643724       -0.269672       5.6245903        5.6245903      -7281.8388             -7281.8388
              5      -3650.9605      0.51088323      0.69200882         13.037777           11.289248      0.75182173     -0.26418672       5.6245903        5.6245903      -7313.1702             -7313.1702
              8      -3659.3625      0.51088323      0.69114903          13.03691            11.28758      0.75271541     -0.25525933       5.6245903        5.6245903      -7329.9742             -7329.9742
              1      -3695.5213      0.51088323      0.67812087         13.034514           11.282414      0.76498034     -0.25142075       5.6245903        5.6245903      -7402.2918             -7402.2918
              4        -3774.99      0.51088323       0.6722771         13.046874           11.269561      0.76146117     -0.26460717       5.6245903        5.6245903      -7561.2291             -7561.2291
              2      -3810.5948      0.51088323       0.6689897         13.046644            11.26233      0.76128914     -0.25252783       5.6245903        5.6245903      -7632.4388             -7632.4388
              7      -3819.8323      0.51088323      0.66223857         13.046925           11.261826      0.76152972      -0.2555357       5.6245903        5.6245903      -7650.9137             -7650.9137
              6      -3825.8605      0.51088323      0.65494445         13.047601           11.262467      0.77247759     -0.27101876       5.6245903        5.6245903      -7662.9701             -7662.9701
              6      -3850.6134      0.51088323      0.64578451         13.049834           11.259669      0.77539378     -0.27437968       5.6245903        5.6245903      -7712.4761             -7712.4761
              1      -3856.3545      0.51088323      0.63935882         13.045884           11.259051      0.78411947     -0.27069123       5.6245903        5.6245903      -7723.9582             -7723.9582
              1      -3876.5549      0.51088323      0.63138838         13.038748           11.252373      0.78349284      -0.3136942       5.6245903        5.6245903       -7764.359              -7764.359
              3       -3888.344      0.51088323      0.59067418         13.045517           11.261764      0.77999938     -0.31627163       5.6245903        5.6245903      -7787.9373             -7787.9373
              3      -3895.4706      0.51088323      0.58339794         13.036313           11.258669      0.77324073     -0.30649679       5.6245903        5.6245903      -7802.1905             -7802.1905
              3      -3899.3992      0.51088323      0.58292023         13.034902           11.257541      0.77451898     -0.30259133       5.6245903        5.6245903      -7810.0476             -7810.0476
              2      -3912.3297      0.51088323        0.580411         13.037392           11.256032      0.77741355     -0.30483316       5.6245903        5.6245903      -7835.9085             -7835.9085
              1      -3924.1925      0.51088323      0.56524035         13.040826           11.259374      0.78710945     -0.28122181       5.6245903        5.6245903      -7859.6342             -7859.6342
              2      -3957.5265      0.51088323      0.55484422         13.055329           11.258553      0.78110773     -0.28601421       5.6245903        5.6245903      -7926.3022             -7926.3022
              1      -4040.3788      0.51088323      0.52651639         13.047957           11.242858      0.77754317     -0.28518327       5.6245903        5.6245903      -8092.0069             -8092.0069
              1      -4041.3047      0.51088323      0.52698378         13.048087           11.242563      0.77765426     -0.28497442       5.6245903        5.6245903      -8093.8585             -8093.8585
              1      -4135.9216      0.51088323       0.5181093         13.079282           11.231029      0.80236364     -0.31984117       5.6245903        5.6245903      -8283.0923             -8283.0923
              1      -4150.5719      0.51088323      0.54109904         13.080602           11.221382      0.79953642     -0.31621865       5.6245903        5.6245903      -8312.3929             -8312.3929
              1       -4159.403      0.51088323      0.53836342         13.077453           11.218651      0.80013837      -0.3214738       5.6245903        5.6245903      -8330.0551             -8330.0551
              7      -4181.5543      0.51088323      0.53059888          13.07912           11.215458      0.79782987     -0.31584964       5.6245903        5.6245903      -8374.3578             -8374.3578
              2      -4224.9452      0.51088323       0.5064775          13.08034           11.210848      0.80216151     -0.31904095       5.6245903        5.6245903      -8461.1395             -8461.1395
              5      -4230.6354      0.51088323        0.502388         13.084906           11.211829      0.80383786     -0.32160185       5.6245903        5.6245903        -8472.52               -8472.52
              7      -4244.3016      0.51088323      0.47765724         13.083037           11.214258      0.79521605     -0.31428451       5.6245903        5.6245903      -8499.8523             -8499.8523
              1      -4268.4822      0.51088323      0.48783901         13.087683           11.206067      0.78529501     -0.30509792       5.6245903        5.6245903      -8548.2135             -8548.2135
              3      -4269.9303      0.51088323      0.47905231         13.091217           11.209344      0.78356053     -0.29831032       5.6245903        5.6245903      -8551.1097             -8551.1097
              4      -4269.8475      0.51088323      0.47822487         13.089806           11.209211      0.78320554     -0.29654861       5.6245903        5.6245903      -8550.9442             -8550.9442
              6      -4266.5685      0.51088323      0.47726674         13.089673            11.21045      0.78440615      -0.2948821       5.6245903        5.6245903      -8544.3861             -8544.3861
              1      -4271.2572      0.51088323      0.46494822         13.089424           11.212393      0.78271852      -0.2972087       5.6245903        5.6245903      -8553.7637             -8553.7637
              2      -4271.6305      0.51088323      0.46456566         13.089456           11.212451      0.78326892     -0.29659855       5.6245903        5.6245903      -8554.5101             -8554.5101
              2      -4278.1673      0.51088323      0.46442929         13.096303            11.21276      0.78258401     -0.29579532       5.6245903        5.6245903      -8567.5837             -8567.5837
              2      -4319.7387      0.51088323      0.46334292         13.104785           11.204103      0.78835172     -0.29967111       5.6245903        5.6245903      -8650.7266             -8650.7266
              1      -4327.5568      0.51088323      0.46290236         13.108925           11.202969      0.78092352     -0.29738487       5.6245903        5.6245903      -8666.3627             -8666.3627
              1      -4360.7203      0.51088323        0.447489         13.098403           11.193146      0.77328969     -0.34283767       5.6245903        5.6245903      -8732.6898             -8732.6898
              1      -4371.9511      0.51088323      0.43784541         13.097929            11.19271      0.77353666     -0.33891736       5.6245903        5.6245903      -8755.1514             -8755.1514
              2      -4383.7029      0.51088323      0.43262466         13.097393           11.190579      0.77215748     -0.34069739       5.6245903        5.6245903      -8778.6551             -8778.6551
              4      -4386.4292      0.51088323       0.4349126         13.095446           11.188645      0.77325544     -0.33920446       5.6245903        5.6245903      -8784.1077             -8784.1077
              8      -4447.6643      0.51088323      0.39927122         13.104016           11.182691      0.76697326     -0.36637324       5.6245903        5.6245903      -8906.5777             -8906.5777
              1      -4489.1582      0.51088323       0.3759645         13.103236            11.17677      0.77474059     -0.38763568       5.6245903        5.6245903      -8989.5657             -8989.5657
              1      -4512.7053      0.51088323      0.38655235         13.105143           11.167184      0.77694753     -0.38561964       5.6245903        5.6245903      -9036.6597             -9036.6597
              3      -4533.8552      0.51088323      0.37682208         13.111281           11.165571      0.77448822     -0.37765313       5.6245903        5.6245903      -9078.9597             -9078.9597
              1      -4580.4078      0.51088323      0.37426904         13.120361           11.154096      0.76294489     -0.37329971       5.6245903        5.6245903      -9172.0649             -9172.0649
              1       -4596.565      0.51088323       0.3642833         13.120027           11.152106       0.7651887     -0.37354439       5.6245903        5.6245903      -9204.3792             -9204.3792
              1      -4597.1312      0.51088323      0.36484894         13.120662           11.151726      0.76538909     -0.38039242       5.6245903        5.6245903      -9205.5115             -9205.5115
              2      -4605.1569      0.51088323      0.37556455         13.136953           11.150906      0.77924999      -0.3716594       5.6245903        5.6245903      -9221.5629             -9221.5629
              1      -4614.3561      0.51088323      0.36888898         13.134001           11.149317      0.77774842     -0.36900553       5.6245903        5.6245903      -9239.9614             -9239.9614
              2       -4624.242      0.51088323      0.36528707         13.138596            11.14856      0.77588481     -0.36366044       5.6245903        5.6245903      -9259.7331             -9259.7331
              1      -4627.0826      0.51088323      0.36071801         13.138929           11.149457      0.78065936     -0.36071689       5.6245903        5.6245903      -9265.4143             -9265.4143
              1      -4634.5864      0.51088323      0.36090419         13.139362           11.147054      0.78138898     -0.36242596       5.6245903        5.6245903       -9280.422              -9280.422
              1      -4639.4356      0.51088323      0.34535295         13.142339           11.150542      0.77999301     -0.38310927       5.6245903        5.6245903      -9290.1203             -9290.1203
              1       -4655.994      0.51088323      0.33990727         13.144353           11.147237       0.7775536     -0.38616991       5.6245903        5.6245903      -9323.2372             -9323.2372
              1       -4657.625      0.51088323      0.34128682         13.145491           11.146538      0.77958784     -0.38909452       5.6245903        5.6245903      -9326.4991             -9326.4991
              2       -4673.858      0.51088323      0.33317632         13.149823            11.14558      0.78396559     -0.37307825       5.6245903        5.6245903      -9358.9651             -9358.9651
              6      -4703.6094      0.51088323      0.34893667         13.139503           11.128408      0.78583987     -0.36009069       5.6245903        5.6245903       -9418.468              -9418.468
              1      -4706.5991      0.51088323      0.36066307         13.142236            11.12453       0.7927813     -0.35945209       5.6245903        5.6245903      -9424.4475             -9424.4475
              4      -4706.5495      0.51088323      0.35467578          13.14502           11.127548      0.79572997     -0.35205157       5.6245903        5.6245903      -9424.3481             -9424.3481
              1      -4706.3756      0.51434696      0.35467578          13.14502           11.127548      0.79572997     -0.35205157       5.6245903        5.6245903      -9424.0004             -9424.0004
              2      -4704.5508      0.51434696       0.3578877          13.14238           11.126249       0.7976246     -0.36043174       5.6245903        5.6245903      -9420.3508             -9420.3508
              3      -4755.0197      0.51434696      0.35425755         13.143404           11.111074      0.80280567        -0.34611       5.6245903        5.6245903      -9521.2886             -9521.2886
              5      -4788.9991      0.51434696      0.33271798         13.139032           11.104401       0.7904488     -0.36071763       5.6245903        5.6245903      -9589.2473             -9589.2473
              3      -4835.7464      0.51434696      0.31235902         13.139098           11.096142      0.80841941     -0.34162743       5.6245903        5.6245903       -9682.742              -9682.742
              1      -4863.1922      0.51434696      0.29738618         13.148629            11.09343      0.80333895     -0.34328999       5.6245903        5.6245903      -9737.6336             -9737.6336
              1      -4865.6704      0.51434696      0.29541989         13.146714           11.092477      0.80300919     -0.35151419       5.6245903        5.6245903        -9742.59               -9742.59
              4      -4866.7175      0.51434696      0.29580415         13.147836           11.092177      0.80246424     -0.35242376       5.6245903        5.6245903      -9744.6842             -9744.6842
              1       -4923.167      0.51434696      0.25593591         13.148865            11.08584      0.79579911     -0.33984503       5.6245903        5.6245903      -9857.5831             -9857.5831
              1      -4928.7195      0.51434696      0.24300788         13.141634           11.086568      0.79749423     -0.34483182       5.6245903        5.6245903      -9868.6882             -9868.6882
              3      -4937.8448      0.51434696      0.23284288         13.144709           11.087301       0.7914586     -0.34409277       5.6245903        5.6245903      -9886.9387             -9886.9387
              1      -4949.3871      0.51434696      0.23158389         13.142823           11.083353       0.7908892     -0.33296702       5.6245903        5.6245903      -9910.0235             -9910.0235
              4      -4948.8968      0.51434696      0.22901338         13.144049           11.084929      0.79288497     -0.32978045       5.6245903        5.6245903      -9909.0427             -9909.0427
              1      -4952.4177      0.51434696      0.22840385          13.14073           11.083311      0.78861258     -0.31612928       5.6245903        5.6245903      -9916.0846             -9916.0846
              1      -4956.8284      0.51434696      0.22933616         13.137618           11.080045      0.78372564     -0.32678013       5.6245903        5.6245903       -9924.906              -9924.906
              1      -5068.8426      0.51434696      0.18685798         13.132525           11.052317      0.80194269     -0.32397327       5.6245903        5.6245903      -10148.934             -10148.934
              1      -5081.0189      0.51434696      0.17873617         13.129328           11.049574      0.80048679     -0.32929155       5.6245903        5.6245903      -10173.287             -10173.287
              1      -5083.2295      0.51434696      0.17674074         13.130602            11.04967      0.79171724     -0.31990586       5.6245903        5.6245903      -10177.708             -10177.708
              2      -5130.8817      0.51434696      0.15678246         13.144701           11.041764      0.79677992     -0.31256407       5.6245903        5.6245903      -10273.012             -10273.012
              3      -5140.3987      0.51434696       0.1517434         13.135186           11.038977      0.80342657     -0.28351009       5.6245903        5.6245903      -10292.047             -10292.047
              1      -5142.8741      0.51434696      0.16094407         13.121908           11.031392      0.80343295     -0.28695242       5.6245903        5.6245903      -10296.997             -10296.997
              4      -5159.2148      0.51434696      0.14857502         13.116053           11.030241      0.80009286     -0.21956118       5.6245903        5.6245903      -10329.679             -10329.679
              1      -5180.0844      0.51434696      0.16519498         13.124743           11.016248      0.81255641     -0.26489573       5.6245903        5.6245903      -10371.418             -10371.418
              1      -5181.8026      0.49603038      0.16519498         13.124743           11.016248      0.81255641     -0.26489573       5.6245903        5.6245903      -10374.854             -10374.854
              1      -5183.4812      0.49603038      0.15501304         13.110013           11.017343      0.83360878     -0.25812263       5.6245903        5.6245903      -10378.212             -10378.212
              1      -5184.7761      0.49603038      0.15358721         13.110564           11.017477      0.83381799     -0.25815833       5.6245903        5.6245903      -10380.801             -10380.801
              1      -5217.8034      0.49603038      0.14891916         13.110795           11.006085      0.83306613     -0.24645465       5.6245903        5.6245903      -10446.856             -10446.856
              1       -5234.597      0.49603038      0.13035774         13.101755           11.003567      0.82609881     -0.26474262       5.6245903        5.6245903      -10480.443             -10480.443
              1      -5236.7862      0.49603038       0.1181377         13.102765           11.006156      0.81698696     -0.30219829       5.6245903        5.6245903      -10484.822             -10484.822
              5      -5252.5251      0.49603038      0.10849674         13.113489           11.005597      0.80822618     -0.28952563       5.6245903        5.6245903      -10516.299             -10516.299
              2      -5276.1084      0.49603038      0.10775418         13.105897           10.994407      0.80582682      -0.2880262       5.6245903        5.6245903      -10563.466             -10563.466
              5      -5280.3758      0.49603038      0.10691947         13.109896           10.993058      0.79723625     -0.30272381       5.6245903        5.6245903      -10572.001             -10572.001
              5      -5284.7956      0.49603038      0.10062371         13.113172           10.994435      0.79369248     -0.29277879       5.6245903        5.6245903       -10580.84              -10580.84
             11      -5286.9284      0.49603038      0.10069314         13.114176           10.993662      0.79380427     -0.29477719       5.6245903        5.6245903      -10585.106             -10585.106
              2      -5287.2249      0.49603038       0.1007886          13.11405           10.993475       0.7937384     -0.29465334       5.6245903        5.6245903      -10585.699             -10585.699
             14       -5286.858      0.49603038      0.10081502         13.114151           10.993628      0.79380018     -0.29521903       5.6245903        5.6245903      -10584.965             -10584.965
              4      -5287.4179      0.49603038       0.1033642         13.114046           10.992005      0.78790746     -0.30166955       5.6245903        5.6245903      -10586.085             -10586.085
              4      -5301.8548      0.49603038      0.10274824         13.120941           10.987227      0.78393072     -0.30604705       5.6245903        5.6245903      -10614.959             -10614.959
              4      -5306.4161      0.49603038      0.10039395         13.121424           10.986469      0.78370708     -0.29855129       5.6245903        5.6245903      -10624.081             -10624.081
              1      -5315.5313      0.49603038      0.13059327         13.127899           10.971799      0.78334008     -0.30080807       5.6245903        5.6245903      -10642.312             -10642.312
              5      -5336.0927      0.49603038      0.11862839         13.135161           10.969015      0.79730558     -0.31426415       5.6245903        5.6245903      -10683.435             -10683.435
              2      -5335.7312      0.49603038      0.12082893          13.13482           10.968015      0.79655888     -0.32192766       5.6245903        5.6245903      -10682.711             -10682.711
              4       -5361.025      0.49603038      0.10921783         13.117231           10.958242      0.79765392     -0.31744879       5.6245903        5.6245903      -10733.299             -10733.299
              5      -5363.7461      0.49603038      0.11168661         13.110928           10.954985      0.79131274      -0.3027415       5.6245903        5.6245903      -10738.741             -10738.741
              2      -5406.1951      0.49603038      0.10537508         13.114375           10.938855      0.79728013      -0.3155587       5.6245903        5.6245903      -10823.639             -10823.639
              2      -5407.9409      0.49603038      0.10515091         13.113505           10.938017      0.79663684     -0.31336417       5.6245903        5.6245903      -10827.131             -10827.131
              1      -5407.0093      0.49603038      0.10613217         13.112517           10.937767       0.7968972     -0.31737218       5.6245903        5.6245903      -10825.268             -10825.268
              7      -5407.0573      0.49603038      0.10637644         13.112496           10.937688      0.79800345     -0.31698474       5.6245903        5.6245903      -10825.364             -10825.364
              4      -5413.1189      0.49603038      0.11604475         13.118882           10.932072      0.79775224     -0.31833065       5.6245903        5.6245903      -10837.487             -10837.487
              1      -5421.3425      0.49603038      0.13321797         13.121342           10.921886      0.80024949     -0.31063809       5.6245903        5.6245903      -10853.934             -10853.934
              2      -5425.6632      0.49603038      0.13071396          13.12303           10.921185      0.80161598     -0.31269131       5.6245903        5.6245903      -10862.576             -10862.576
              1      -5453.2235      0.49603038      0.11504325         13.119199           10.914028      0.79800452     -0.30602464       5.6245903        5.6245903      -10917.696             -10917.696
              1      -5453.0582      0.49603038      0.11338864         13.122659           10.915595      0.79707314     -0.29724785       5.6245903        5.6245903      -10917.365             -10917.365
              5      -5451.9047      0.49603038       0.1116062         13.119613           10.916697      0.80289458     -0.29109542       5.6245903        5.6245903      -10915.059             -10915.059
             12      -5480.9806      0.49603038      0.10026841         13.123359             10.9083      0.79715736     -0.27878869       5.6245903        5.6245903       -10973.21              -10973.21
             10      -5481.8474       0.4847297      0.10026841         13.123359             10.9083      0.79715736     -0.27878869       5.6245903        5.6245903      -10974.944             -10974.944
              3      -5480.8691       0.4847297      0.10130493         13.123583           10.908443      0.79791786     -0.27641635       5.6245903        5.6245903      -10972.987             -10972.987
              1      -5487.7718       0.4847297      0.10247733          13.12573           10.905012      0.79717249     -0.27595212       5.6245903        5.6245903      -10986.793             -10986.793
              1      -5503.2455       0.4847297      0.10557389         13.129872            10.89717      0.78812727     -0.25279969       5.6245903        5.6245903       -11017.74              -11017.74
              4       -5503.213      0.48893345      0.10557389         13.129872            10.89717      0.78812727     -0.25279969       5.6245903        5.6245903      -11017.675             -11017.675
             18      -5505.2633      0.48893345      0.10055979         13.129561           10.898154      0.78605196     -0.25381668       5.6245903        5.6245903      -11021.776             -11021.776
              1      -5511.4764      0.48893345       0.1099473         13.127426           10.890689       0.7784052     -0.24765063       5.6245903        5.6245903      -11034.202             -11034.202
              5      -5515.8108      0.48893345      0.10439926         13.130797           10.891582      0.77226523     -0.23282647       5.6245903        5.6245903      -11042.871             -11042.871
              4      -5515.5369      0.48893345      0.11159266         13.139966           10.890288      0.77647724     -0.23118455       5.6245903        5.6245903      -11042.323             -11042.323
              1      -5520.2555      0.48893345      0.11032495         13.144713           10.889721      0.78694314     -0.22419014       5.6245903        5.6245903       -11051.76              -11051.76
              3      -5540.2726      0.48893345      0.12194838         13.143964           10.874574      0.78710636      -0.2259445       5.6245903        5.6245903      -11091.794             -11091.794
              1       -5540.303      0.48893345      0.12193261         13.143976           10.874567      0.78709885     -0.22596108       5.6245903        5.6245903      -11091.855             -11091.855
              1      -5539.7212      0.48893345      0.12224223          13.14725           10.875389      0.78713184     -0.21805653       5.6245903        5.6245903      -11090.691             -11090.691
              2      -5537.6265      0.48893345      0.12536527         13.149953           10.875571      0.79236485     -0.22281935       5.6245903        5.6245903      -11086.502             -11086.502
              1      -5540.9572      0.48893345      0.11327539          13.14935           10.879085      0.79435296     -0.22284345       5.6245903        5.6245903      -11093.164             -11093.164
              5      -5547.0935      0.48893345      0.10610227          13.16681           10.882023      0.80663274     -0.22549398       5.6245903        5.6245903      -11105.436             -11105.436
              2       -5552.626      0.48893345      0.10607071         13.166844           10.879309      0.80736498     -0.22296107       5.6245903        5.6245903      -11116.501             -11116.501
              2      -5566.4346      0.48893345      0.10548904         13.170252           10.873078       0.8125772     -0.22654442       5.6245903        5.6245903      -11144.118             -11144.118
              4      -5569.6441      0.48893345      0.10430129         13.166757           10.871524      0.81336733     -0.22423383       5.6245903        5.6245903      -11150.537             -11150.537
              1      -5569.7637      0.48893345       0.1041426           13.1668           10.871537      0.81339452     -0.22429938       5.6245903        5.6245903      -11150.777             -11150.777
              3      -5596.9976      0.48893345      0.10409642         13.174494           10.858558      0.81151639     -0.21793595       5.6245903        5.6245903      -11205.244             -11205.244
              1      -5596.9381      0.47870498      0.10409642         13.174494           10.858558      0.81151639     -0.21793595       5.6245903        5.6245903      -11205.125             -11205.125
              3      -5606.5447      0.47870498      0.10076131         13.173878           10.855128      0.81860431     -0.21961064       5.6245903        5.6245903      -11224.339             -11224.339
              2      -5610.0161      0.47870498      0.10852599         13.177052           10.850618      0.81853621        -0.20395       5.6245903        5.6245903      -11231.281             -11231.281
             11      -5630.4525      0.47870498      0.10245575         13.170221           10.841495      0.81269127     -0.20601173       5.6245903        5.6245903      -11272.154             -11272.154
              7      -5630.3429       0.4863415      0.10245575         13.170221           10.841495      0.81269127     -0.20601173       5.6245903        5.6245903      -11271.935             -11271.935
              2       -5641.306       0.4863415      0.10494251         13.168312           10.834752      0.83387361     -0.21213811       5.6245903        5.6245903      -11293.861             -11293.861
              5      -5644.2139       0.4863415      0.10521923         13.173359           10.833738      0.83238346     -0.20915803       5.6245903        5.6245903      -11299.677             -11299.677
              1      -5645.7468       0.4863415      0.10702763         13.173761           10.832161      0.83224362     -0.20807989       5.6245903        5.6245903      -11302.743             -11302.743
              6      -5650.3604       0.4863415      0.10304601         13.173322            10.83138      0.83023394     -0.20635414       5.6245903        5.6245903       -11311.97              -11311.97
              1      -5661.5913       0.4863415      0.11005894         13.189026           10.824118       0.8392004     -0.21542329       5.6245903        5.6245903      -11334.432             -11334.432
              4      -5662.1798       0.4863415      0.11561114         13.182237           10.820638      0.84711461     -0.21571345       5.6245903        5.6245903      -11335.609             -11335.609
              1      -5666.6104       0.4863415      0.11672562         13.181905           10.817829      0.85325919     -0.21536708       5.6245903        5.6245903       -11344.47              -11344.47
              2      -5667.6561       0.4863415      0.12084621         13.182007           10.815094      0.85198969     -0.22688657       5.6245903        5.6245903      -11346.561             -11346.561
              1      -5699.5503       0.4863415      0.10652078         13.209875           10.807199      0.85047911      -0.2228538       5.6245903        5.6245903       -11410.35              -11410.35
              6      -5737.4672       0.4863415      0.10764628         13.201916           10.784211      0.83911047     -0.19588482       5.6245903        5.6245903      -11486.184             -11486.184
              5      -5741.7079       0.4863415      0.13144224         13.202879           10.770175      0.82881276     -0.20099836       5.6245903        5.6245903      -11494.665             -11494.665
              2       -5755.384       0.4863415      0.14354599         13.203129           10.755833      0.82915893     -0.22786547       5.6245903        5.6245903      -11522.017             -11522.017
              1      -5758.7064       0.4863415      0.13633103          13.20299           10.757125      0.82756776     -0.23396351       5.6245903        5.6245903      -11528.662             -11528.662
              2      -5770.2888       0.4863415      0.12952566         13.205753           10.753539      0.81722559     -0.23111265       5.6245903        5.6245903      -11551.827             -11551.827
              3      -5768.7701       0.4863415      0.14033174         13.203228           10.749137      0.81686397     -0.22292473       5.6245903        5.6245903      -11548.789             -11548.789
              1      -5771.0771      0.46210158      0.14033174         13.203228           10.749137      0.81686397     -0.22292473       5.6245903        5.6245903      -11553.403             -11553.403
              1      -5771.4243      0.47747934      0.14033174         13.203228           10.749137      0.81686397     -0.22292473       5.6245903        5.6245903      -11554.098             -11554.098
              3      -5787.0372      0.47747934      0.14339233         13.191269            10.73718      0.81341685     -0.21784563       5.6245903        5.6245903      -11585.324             -11585.324
              1      -5787.1978      0.47747934      0.14335783         13.191255           10.737077      0.81335097     -0.21910732       5.6245903        5.6245903      -11585.645             -11585.645
              3      -5799.3297      0.47747934      0.15050899         13.204471           10.727572      0.80365536     -0.21477665       5.6245903        5.6245903      -11609.909             -11609.909
              4      -5800.9147      0.47747934      0.17867339         13.169932           10.709847      0.79041391     -0.18615161       5.6245903        5.6245903      -11613.079             -11613.079
              1       -5825.946      0.47747934       0.1518873         13.161382           10.706415      0.77855517     -0.16948082       5.6245903        5.6245903      -11663.141             -11663.141
              1      -5826.2341      0.47747934      0.15229331         13.168266           10.706957      0.77807107     -0.15563909       5.6245903        5.6245903      -11663.717             -11663.717
              2      -5842.4724      0.47747934      0.14511048         13.171634           10.700695      0.77965241      -0.1609273       5.6245903        5.6245903      -11696.194             -11696.194
              1      -5848.2291      0.47747934      0.13946432         13.166342           10.699778      0.79130146      -0.1484632       5.6245903        5.6245903      -11707.707             -11707.707
              7      -5849.8105      0.47164201      0.13946432         13.166342           10.699778      0.79130146      -0.1484632       5.6245903        5.6245903       -11710.87              -11710.87
              1      -5864.0792      0.47164201      0.12238043         13.167137           10.699491      0.79817275     -0.14290625       5.6245903        5.6245903      -11739.408             -11739.408
              2      -5872.5974      0.47164201      0.12558531         13.165177           10.692529      0.79985068      -0.1416705       5.6245903        5.6245903      -11756.444             -11756.444
              2      -5873.6078      0.47164201      0.11707769         13.152285           10.694389        0.801001     -0.16575455       5.6245903        5.6245903      -11758.465             -11758.465
              1      -5878.8455      0.47164201      0.11025697         13.147612           10.693976      0.79503102     -0.15460717       5.6245903        5.6245903       -11768.94              -11768.94
              1      -5888.9775      0.47164201       0.1277943         13.148782           10.679593      0.79819962     -0.13919104       5.6245903        5.6245903      -11789.204             -11789.204
              1      -5890.7532      0.47164201        0.126631         13.146461           10.678818      0.80018148      -0.1416842       5.6245903        5.6245903      -11792.756             -11792.756
              3      -5905.3638      0.47164201      0.11822764         13.147425           10.673583      0.79590673     -0.14843855       5.6245903        5.6245903      -11821.977             -11821.977
              1      -5914.8128      0.47164201       0.1079281         13.151009           10.673142      0.80014783      -0.1429449       5.6245903        5.6245903      -11840.875             -11840.875
              6      -5916.2704      0.46209933       0.1079281         13.151009           10.673142      0.80014783      -0.1429449       5.6245903        5.6245903       -11843.79              -11843.79
              1      -5924.3916      0.46209933      0.12296725         13.142893           10.660432      0.79853624     -0.10984021       5.6245903        5.6245903      -11860.032             -11860.032
              1       -5933.165      0.46209933      0.12695172          13.14978           10.653712      0.80678525     -0.11360922       5.6245903        5.6245903      -11877.579             -11877.579
              4      -5962.1359      0.46209933      0.12202035          13.14911           10.636802      0.79102896     -0.14106357       5.6245903        5.6245903      -11935.521             -11935.521
              1      -5961.6075      0.46209933      0.12155703         13.148494           10.637314      0.79072766     -0.14073737       5.6245903        5.6245903      -11934.464             -11934.464
              8      -5976.6367      0.46209933      0.10005695         13.156196           10.639107      0.79289246     -0.11638479       5.6245903        5.6245903      -11964.523             -11964.523
             10      -5979.5881      0.46209933      0.10223678         13.155006           10.636136      0.79657699     -0.11103821       5.6245903        5.6245903      -11970.425             -11970.425
              9      -5979.3714      0.46209933      0.10035658         13.149105           10.636625      0.80213886     -0.12505876       5.6245903        5.6245903      -11969.992             -11969.992
              4      -5978.6411      0.46209933      0.10127168         13.149631           10.636692      0.80168368      -0.1247949       5.6245903        5.6245903      -11968.531             -11968.531
              3      -5980.2936      0.46209933      0.10762193         13.156618             10.6332      0.80282427     -0.11779259       5.6245903        5.6245903      -11971.836             -11971.836
              3      -5993.5098      0.46209933      0.10041272         13.157726           10.628157      0.81042326     -0.13068538       5.6245903        5.6245903      -11998.269             -11998.269
              8      -5993.2103      0.46209933      0.10012768         13.158012           10.628553      0.81081523     -0.12870229       5.6245903        5.6245903       -11997.67              -11997.67
              4      -6006.8908      0.46209933      0.10673486         13.154151           10.615636      0.80883053     -0.14281987       5.6245903        5.6245903      -12025.031             -12025.031
              2       -6008.153      0.46209933       0.1074662         13.155934           10.614488      0.80746497     -0.14827674       5.6245903        5.6245903      -12027.555             -12027.555
              4      -6009.3753      0.46209933      0.10372404         13.157865            10.61573      0.80990875     -0.14974513       5.6245903        5.6245903          -12030                 -12030
              2      -6010.5028      0.46209933      0.10324612         13.157709           10.615187      0.80944777     -0.15020344       5.6245903        5.6245903      -12032.255             -12032.255
              1      -6019.9373      0.46209933      0.12051961         13.166906           10.601395      0.80694171     -0.10526279       5.6245903        5.6245903      -12051.124             -12051.124
              1       -6021.291      0.46209933      0.11982049         13.167058           10.600851      0.80779563     -0.10559548       5.6245903        5.6245903      -12053.831             -12053.831
              2      -6022.8539      0.46209933      0.11650748          13.16593           10.601344      0.80641961     -0.10526709       5.6245903        5.6245903      -12056.957             -12056.957
              2      -6027.5874      0.46209933      0.11568631         13.164513           10.598513      0.80744801    -0.098800798       5.6245903        5.6245903      -12066.424             -12066.424
              6      -6032.6427      0.46209933      0.11630667         13.161552           10.594394      0.80744689     -0.10852877       5.6245903        5.6245903      -12076.535             -12076.535
              2      -6033.1603      0.46209933      0.11609137          13.17185           10.595294      0.80883078    -0.082152494       5.6245903        5.6245903       -12077.57              -12077.57
              5      -6038.5004      0.46209933        0.116396         13.175072           10.591715      0.81197095    -0.087496457       5.6245903        5.6245903       -12088.25              -12088.25
              6      -6049.1361      0.46209933      0.11632721         13.177458           10.584857      0.81228331    -0.062641335       5.6245903        5.6245903      -12109.521             -12109.521
              9       -6063.115      0.46209933      0.11127317         13.180517           10.578161      0.81565568    -0.045672657       5.6245903        5.6245903      -12137.479             -12137.479
              3      -6065.9016      0.46209933      0.11196542         13.168477            10.57492      0.81675196    -0.049843217       5.6245903        5.6245903      -12143.052             -12143.052
              3      -6094.2892      0.46209933      0.12024781         13.175209           10.550764      0.81245127    -0.055641457       5.6245903        5.6245903      -12199.828             -12199.828
              1      -6095.5918      0.46209933      0.11926813         13.175245           10.550374      0.81271731    -0.052662174       5.6245903        5.6245903      -12202.433             -12202.433
              1      -6113.5882      0.46209933      0.10096558         13.174717           10.546883      0.82000913    -0.063083974       5.6245903        5.6245903      -12238.426             -12238.426
              2      -6118.7506      0.46209933      0.10286632         13.203514           10.544076      0.82100973    -0.065700899       5.6245903        5.6245903       -12248.75              -12248.75
              1      -6121.4031      0.45259275      0.10286632         13.203514           10.544076      0.82100973    -0.065700899       5.6245903        5.6245903      -12254.055             -12254.055
              1      -6122.5898      0.45259275      0.10991103         13.216942           10.540576      0.82349999    -0.053366995       5.6245903        5.6245903      -12256.429             -12256.429
              2      -6126.3682      0.45259275      0.11457891         13.209549           10.535344      0.84214445    -0.044838299       5.6245903        5.6245903      -12263.985             -12263.985
              2      -6129.3344      0.45259275      0.11077264         13.211731           10.535245      0.84426722    -0.053992782       5.6245903        5.6245903      -12269.918             -12269.918
              5      -6134.6439      0.45259275      0.10740692         13.215547           10.533414      0.84128644    -0.044198265       5.6245903        5.6245903      -12280.537             -12280.537
              1      -6136.2929      0.45259275      0.10506789         13.223252           10.533813      0.84274037    -0.054942374       5.6245903        5.6245903      -12283.835             -12283.835
              3      -6145.2166      0.45259275      0.11121076         13.229073           10.524437      0.84111233     -0.04946091       5.6245903        5.6245903      -12301.682             -12301.682
              2      -6156.7689      0.45259275      0.10667516         13.220361           10.517618      0.83665336    -0.059329816       5.6245903        5.6245903      -12324.787             -12324.787
              8      -6156.2989      0.45443556      0.10667516         13.220361           10.517618      0.83665336    -0.059329816       5.6245903        5.6245903      -12323.847             -12323.847
              1      -6160.0356      0.45443556      0.10290829         13.221883           10.516885      0.83878015    -0.065715905       5.6245903        5.6245903       -12331.32              -12331.32
              4      -6185.7441      0.45443556      0.10570539         13.220613           10.495887      0.83414448    -0.065108841       5.6245903        5.6245903      -12382.737             -12382.737
              3       -6185.151      0.45443556      0.10594279         13.220626           10.496242      0.83329834    -0.060492913       5.6245903        5.6245903      -12381.551             -12381.551
              1      -6183.8524      0.45443556       0.1070659         13.222107           10.496722      0.83371232    -0.060412566       5.6245903        5.6245903      -12378.954             -12378.954
              6      -6194.7703      0.45443556      0.10084155         13.219273           10.491991      0.85277735    -0.044621381       5.6245903        5.6245903       -12400.79              -12400.79
              1      -6196.9797       0.4443654      0.10084155         13.219273           10.491991      0.85277735    -0.044621381       5.6245903        5.6245903      -12405.209             -12405.209
              2      -6199.0188       0.4443654      0.10347403         13.221092           10.489163      0.85429079    -0.049310354       5.6245903        5.6245903      -12409.287             -12409.287
              2      -6201.2786       0.4443654      0.10242862         13.216612           10.487954       0.8607437     -0.03790391       5.6245903        5.6245903      -12413.806             -12413.806
              2      -6207.8628       0.4443654      0.10995479         13.237683           10.480348      0.86528935    -0.017618089       5.6245903        5.6245903      -12426.975             -12426.975
              1      -6222.4713       0.4443654      0.11381882         13.235801           10.466973       0.8692413    -0.034832995       5.6245903        5.6245903      -12456.192             -12456.192
              3      -6228.1435       0.4443654      0.10594652         13.235224           10.466915      0.87353537    -0.023193702       5.6245903        5.6245903      -12467.536             -12467.536
              2      -6230.3527       0.4443654      0.10163635         13.234177           10.467426      0.86931022    -0.020071211       5.6245903        5.6245903      -12471.955             -12471.955
              2      -6230.7072      0.43650874      0.10163635         13.234177           10.467426      0.86931022    -0.020071211       5.6245903        5.6245903      -12472.664             -12472.664
             12      -6235.8913      0.43650874      0.10162089         13.220209           10.462795      0.86651787    -0.021163875       5.6245903        5.6245903      -12483.032             -12483.032
             10      -6235.5215      0.43650874      0.10104772          13.22235           10.463556      0.86956007    -0.015496449       5.6245903        5.6245903      -12482.292             -12482.292
             17      -6235.4229      0.43513372      0.10104772          13.22235           10.463556      0.86956007    -0.015496449       5.6245903        5.6245903      -12482.095             -12482.095
              9      -6236.0806      0.43513372      0.10292535         13.222774           10.462073      0.86848761     -0.01783378       5.6245903        5.6245903       -12483.41              -12483.41
              2      -6238.5954      0.43513372      0.11035179         13.220154           10.456268      0.87036081   -0.0075863954       5.6245903        5.6245903       -12488.44              -12488.44
              2      -6241.3855      0.43513372      0.10386229         13.224402           10.457835       0.8712265    0.0043810708       5.6245903        5.6245903       -12494.02              -12494.02
              3       -6238.344       0.4231291      0.10386229         13.224402           10.457835       0.8712265    0.0043810708       5.6245903        5.6245903      -12487.937             -12487.937
              2      -6241.7122       0.4231291      0.10591106         13.225464           10.454498      0.88516824    0.0043600629       5.6245903        5.6245903      -12494.674             -12494.674
              1      -6239.4923       0.4231291      0.12145993         13.233736           10.448516      0.88253017   -0.0078463221       5.6245903        5.6245903      -12490.234             -12490.234
              4      -6254.4404       0.4231291      0.11371949         13.233585           10.441334      0.88110877   -0.0028091044       5.6245903        5.6245903       -12520.13              -12520.13
              1      -6255.8418       0.4231291      0.10830958         13.237782           10.443353      0.88360253     0.014285815       5.6245903        5.6245903      -12522.933             -12522.933
              1       -6263.744       0.4231291      0.11419269         13.239701           10.434551      0.88973729     0.014840061       5.6245903        5.6245903      -12538.737             -12538.737
              2      -6265.2083      0.42831547      0.11419269         13.239701           10.434551      0.88973729     0.014840061       5.6245903        5.6245903      -12541.666             -12541.666
              2      -6264.2815      0.42831547      0.11468778         13.239861           10.435008      0.89018427     0.013988222       5.6245903        5.6245903      -12539.812             -12539.812
              3      -6275.9223      0.42831547      0.10939136          13.23528           10.428783      0.90134726     0.017551563       5.6245903        5.6245903      -12563.094             -12563.094
              7      -6294.9878      0.42831547        0.108589         13.225797           10.413932      0.90018679    0.0052154967       5.6245903        5.6245903      -12601.225             -12601.225
              3       -6293.207      0.42831547      0.11097907         13.225718           10.414067      0.90072731    0.0049648661       5.6245903        5.6245903      -12597.663             -12597.663
              1      -6301.6459      0.42831547      0.11039764         13.215535           10.407379      0.90207138    0.0095403306       5.6245903        5.6245903      -12614.541             -12614.541
              1      -6301.6683      0.42831547      0.11037003         13.215597           10.407382      0.90216272    0.0099949767       5.6245903        5.6245903      -12614.586             -12614.586
              5      -6313.5267      0.42831547      0.10698689          13.20699            10.39947      0.89852989     0.017979675       5.6245903        5.6245903      -12638.303             -12638.303
              3      -6314.5809      0.42831547      0.10627512          13.20713           10.399008      0.89847862      0.01635921       5.6245903        5.6245903      -12640.411             -12640.411
              1      -6316.9388      0.42831547      0.10320536         13.209844           10.398845      0.89514232     0.015673413       5.6245903        5.6245903      -12645.127             -12645.127
              5      -6324.8717      0.42831547      0.10278511         13.213639            10.39304      0.89789631     0.029547149       5.6245903        5.6245903      -12660.993             -12660.993
              1      -6325.0926      0.42831547      0.10116085         13.213542           10.393723      0.89791796     0.029418119       5.6245903        5.6245903      -12661.434             -12661.434
              2      -6325.0386      0.42763189      0.10116085         13.213542           10.393723      0.89791796     0.029418119       5.6245903        5.6245903      -12661.326             -12661.326
              1      -6324.5438      0.42763189      0.10227393         13.206917           10.393105      0.89128547     0.017718007       5.6245903        5.6245903      -12660.337             -12660.337
              2      -6323.5183      0.42167177      0.10227393         13.206917           10.393105      0.89128547     0.017718007       5.6245903        5.6245903      -12658.286             -12658.286
              5      -6332.4965      0.42167177       0.1022376         13.193658           10.385746      0.90239026     0.040264121       5.6245903        5.6245903      -12676.242             -12676.242
              3      -6332.3757      0.42167177      0.10229069         13.193777            10.38582      0.90249485     0.040204863       5.6245903        5.6245903      -12676.001             -12676.001
              3      -6339.4531      0.42167177      0.10188325         13.198569           10.380651      0.90126129     0.044316243       5.6245903        5.6245903      -12690.155             -12690.155
              5      -6347.6588      0.42167177      0.10051882         13.194944           10.374625       0.8989622     0.036062782       5.6245903        5.6245903      -12706.567             -12706.567
              2      -6346.6156      0.42167177      0.10422731         13.198428           10.373631      0.89968611     0.032264989       5.6245903        5.6245903       -12704.48              -12704.48
              3       -6351.598      0.42167177      0.10501988          13.19787           10.369305      0.90564301     0.040063469       5.6245903        5.6245903      -12714.445             -12714.445
              4      -6353.8159      0.42167177      0.10335153         13.196881           10.368351      0.90617497     0.036207813       5.6245903        5.6245903      -12718.881             -12718.881
              4      -6362.3002      0.42167177      0.10411456         13.197369           10.360942       0.9057272    0.0026969639       5.6245903        5.6245903       -12735.85              -12735.85
              2       -6362.161      0.42167177      0.10426754         13.197505           10.360977      0.90568506    0.0024351804       5.6245903        5.6245903      -12735.571             -12735.571
              7      -6361.7882      0.41965782      0.10426754         13.197505           10.360977      0.90568506    0.0024351804       5.6245903        5.6245903      -12734.826             -12734.826
              6      -6362.4739      0.42956418      0.10426754         13.197505           10.360977      0.90568506    0.0024351804       5.6245903        5.6245903      -12736.197             -12736.197
             13      -6362.0578      0.42956418      0.10337087         13.195894           10.361736      0.90505182    0.0031715197       5.6245903        5.6245903      -12735.365             -12735.365
              1      -6364.7881      0.42956418      0.10516363         13.193346           10.358334      0.90824157    -0.012818693       5.6245903        5.6245903      -12740.825             -12740.825
              1      -6377.7562      0.42956418      0.12612944         13.197846           10.336429      0.91657321   -0.0075967577       5.6245903        5.6245903      -12766.762             -12766.762
              4      -6381.0267      0.42956418      0.12334234         13.197259           10.335172       0.9150445   -0.0057201673       5.6245903        5.6245903      -12773.303             -12773.303
              3      -6381.1481      0.42956418      0.12354947         13.198063            10.33497      0.91423898   -0.0075737941       5.6245903        5.6245903      -12773.545             -12773.545
              1      -6403.4038      0.42956418      0.12831661         13.192155           10.312854      0.90017556    -0.041761201       5.6245903        5.6245903      -12818.057             -12818.057
              1      -6425.8929      0.42956418      0.10558748         13.203038           10.306455       0.9020234     -0.03893335       5.6245903        5.6245903      -12863.035             -12863.035
              5      -6430.9773      0.42956418      0.10723282         13.199076           10.301039      0.91049634    -0.035892821       5.6245903        5.6245903      -12873.204             -12873.204
             13      -6433.3468      0.42956418      0.10366468         13.198276           10.300927      0.91023498    -0.035618529       5.6245903        5.6245903      -12877.943             -12877.943
              1       -6433.694      0.42956418      0.10325944         13.198952           10.300883      0.91051139    -0.034740619       5.6245903        5.6245903      -12878.637             -12878.637
              1      -6434.7587      0.41739687      0.10325944         13.198952           10.300883      0.91051139    -0.034740619       5.6245903        5.6245903      -12880.767             -12880.767
              2      -6435.9131      0.41739687      0.10902172          13.20131           10.296694      0.89684393    -0.050897354       5.6245903        5.6245903      -12883.075             -12883.075
              5      -6440.9655      0.41739687      0.10756941         13.199177           10.293043      0.90382704    -0.072503676       5.6245903        5.6245903       -12893.18              -12893.18
              1      -6441.5246      0.41739687      0.10688905         13.199137           10.292935         0.90367    -0.072024727       5.6245903        5.6245903      -12894.298             -12894.298
              3      -6469.7332      0.41739687        0.105468         13.180328           10.268684      0.91551642    -0.086743877       5.6245903        5.6245903      -12950.716             -12950.716
              2      -6473.2072      0.41739687       0.1116993         13.186122           10.262408      0.91234845    -0.085792219       5.6245903        5.6245903      -12957.664             -12957.664
              4      -6473.0601      0.41739687      0.13637869         13.192993           10.249287       0.9386842     -0.10144742       5.6245903        5.6245903      -12957.369             -12957.369
              6      -6473.7277      0.41739687      0.13915236         13.192462           10.247209      0.93883201    -0.090045762       5.6245903        5.6245903      -12958.705             -12958.705
              2      -6482.6272      0.41739687      0.13987705         13.198657            10.23905      0.94745778      -0.1105508       5.6245903        5.6245903      -12976.504             -12976.504
              1      -6490.1368      0.41739687      0.13293777         13.202353           10.236239      0.94559703     -0.11871005       5.6245903        5.6245903      -12991.523             -12991.523
              4      -6492.6934      0.41739687      0.13749251         13.199586           10.231316      0.94713433     -0.12221363       5.6245903        5.6245903      -12996.636             -12996.636
              1      -6497.5333      0.41739687      0.14588396         13.206316           10.222533      0.94886934     -0.11576027       5.6245903        5.6245903      -13006.316             -13006.316
              2      -6535.9065      0.41739687      0.10654759         13.205998           10.209332      0.95470234     -0.14142562       5.6245903        5.6245903      -13083.062             -13083.062
              3      -6536.5458      0.41020335      0.10654759         13.205998           10.209332      0.95470234     -0.14142562       5.6245903        5.6245903      -13084.341             -13084.341
              2      -6546.3371      0.41020335      0.10002932          13.21254           10.204181      0.95403266      -0.1482167       5.6245903        5.6245903      -13103.923             -13103.923
              6      -6553.3892      0.41020335      0.10009992         13.203356            10.19732      0.94945761     -0.16105122       5.6245903        5.6245903      -13118.028             -13118.028
              2      -6553.7004      0.41020335      0.10042395          13.20018           10.196744      0.95290542     -0.16824622       5.6245903        5.6245903       -13118.65              -13118.65
              2      -6561.6779      0.41020335      0.10379748         13.204922            10.18756      0.95092069     -0.17733084       5.6245903        5.6245903      -13134.605             -13134.605
              1      -6591.1418      0.41020335      0.11686252           13.2063           10.152262      0.92492568      -0.1871833       5.6245903        5.6245903      -13193.533             -13193.533
              1      -6589.3166      0.41020335       0.1219002         13.205368            10.15113      0.92693624     -0.18601435       5.6245903        5.6245903      -13189.882             -13189.882
              4      -6589.5718      0.40131294       0.1219002         13.205368            10.15113      0.92693624     -0.18601435       5.6245903        5.6245903      -13190.393             -13190.393
              1      -6598.2602      0.40131294      0.11402708         13.207988           10.147447      0.92865515     -0.18391617       5.6245903        5.6245903       -13207.77              -13207.77
              4       -6600.501      0.40131294      0.10686948         13.208853           10.149315       0.9259951        -0.19326       5.6245903        5.6245903      -13212.251             -13212.251
              4      -6600.5246      0.40131294      0.10455156         13.207367           10.150554      0.92843294     -0.19381997       5.6245903        5.6245903      -13212.298             -13212.298
              1      -6601.5718      0.40131294      0.11275146         13.214656           10.145193      0.92107212     -0.18119987       5.6245903        5.6245903      -13214.393             -13214.393
              2      -6602.7976      0.40131294      0.11212457         13.215437           10.144402       0.9214168     -0.18313541       5.6245903        5.6245903      -13216.844             -13216.844
              1      -6602.3025      0.40131294      0.10906931         13.214895           10.146556      0.91981545     -0.18325515       5.6245903        5.6245903      -13215.854             -13215.854
              4      -6602.4437      0.40131294      0.10954478         13.213312           10.146123      0.91950483     -0.18132384       5.6245903        5.6245903      -13216.137             -13216.137
              2      -6602.8917      0.40131294      0.10954419         13.213412             10.1457      0.91891085     -0.18175907       5.6245903        5.6245903      -13217.032             -13217.032
              2      -6603.0867      0.40131294      0.10903982          13.21351           10.145798      0.91815604     -0.18184974       5.6245903        5.6245903      -13217.423             -13217.423
              2      -6602.7437      0.40131294      0.10939976         13.213186           10.145913      0.91804945     -0.18121604       5.6245903        5.6245903      -13216.737             -13216.737
              3      -6607.5115      0.40131294      0.10841544         13.212973           10.141962      0.91759432     -0.17851354       5.6245903        5.6245903      -13226.272             -13226.272
              5      -6609.8261      0.40131294      0.10661747         13.208368           10.140663      0.91420159     -0.17410097       5.6245903        5.6245903      -13230.901             -13230.901
              4      -6609.8539      0.40131294      0.10659392         13.208343           10.140649      0.91419629     -0.17409194       5.6245903        5.6245903      -13230.957             -13230.957
              5      -6611.1368      0.40131294      0.10574155           13.2089           10.139914      0.91336441     -0.17639192       5.6245903        5.6245903      -13233.523             -13233.523
              4      -6611.6411      0.40131294      0.10315174         13.206382           10.140828      0.91247146     -0.17427617       5.6245903        5.6245903      -13234.531             -13234.531
              3      -6609.0181      0.40131294      0.10767991         13.209655            10.14086      0.91833952     -0.18059368       5.6245903        5.6245903      -13229.285             -13229.285
              1      -6611.6955      0.40131294      0.10350287         13.212249           10.140744      0.91886702     -0.17625536       5.6245903        5.6245903       -13234.64              -13234.64
              4      -6611.4493      0.40131294      0.10414143         13.211932           10.140595      0.91822654     -0.18062421       5.6245903        5.6245903      -13234.148             -13234.148
              1      -6619.4401      0.40131294      0.10381224         13.217931           10.133325      0.92284561     -0.18413094       5.6245903        5.6245903      -13250.129             -13250.129
              2      -6622.8115      0.40131294      0.10246736         13.217628           10.130845       0.9197048     -0.18206061       5.6245903        5.6245903      -13256.872             -13256.872
              1      -6622.8037      0.40447717      0.10246736         13.217628           10.130845       0.9197048     -0.18206061       5.6245903        5.6245903      -13256.857             -13256.857
              1      -6625.1801      0.40447717      0.10401641         13.198913           10.127309      0.92137473     -0.14741681       5.6245903        5.6245903      -13261.609             -13261.609
              4      -6624.7511      0.40447717      0.11092099         13.192526           10.123533      0.90620376      -0.1601432       5.6245903        5.6245903      -13260.751             -13260.751
              4       -6624.805      0.40447717      0.10574771         13.193651           10.126468      0.90776855     -0.15741179       5.6245903        5.6245903      -13260.859             -13260.859
              1      -6624.6644      0.40447717      0.10613859         13.193847           10.126389      0.90782646     -0.15678839       5.6245903        5.6245903      -13260.578             -13260.578
              1      -6629.8753      0.40447717      0.10186764           13.1847           10.123507      0.89765237     -0.15099806       5.6245903        5.6245903          -13271                 -13271
              4      -6632.3092      0.40447717       0.1025373         13.185184           10.120754      0.89728809     -0.15548657       5.6245903        5.6245903      -13275.868             -13275.868
              1      -6631.8029      0.39536141       0.1025373         13.185184           10.120754      0.89728809     -0.15548657       5.6245903        5.6245903      -13274.855             -13274.855
              2      -6632.1346      0.39536141      0.10477389         13.187638           10.119252      0.89631229     -0.15579406       5.6245903        5.6245903      -13275.518             -13275.518
              8      -6640.1569      0.39536141       0.1008944         13.183586           10.113619      0.89375162     -0.17076839       5.6245903        5.6245903      -13291.563             -13291.563
              5      -6646.3996      0.39536141       0.1007995         13.194906           10.107883      0.89805236     -0.20526374       5.6245903        5.6245903      -13304.048             -13304.048
              1      -6646.5335      0.39536141      0.11402814          13.19865           10.100429      0.89353621     -0.20181645       5.6245903        5.6245903      -13304.316             -13304.316
              2      -6659.7487      0.39536141      0.10339103         13.194658           10.093528      0.89580784     -0.19144799       5.6245903        5.6245903      -13330.747             -13330.747
              1      -6659.7403      0.40291738      0.10339103         13.194658           10.093528      0.89580784     -0.19144799       5.6245903        5.6245903       -13330.73              -13330.73
              3      -6660.1199      0.40291738      0.10904439          13.19989           10.090034        0.895252     -0.18643893       5.6245903        5.6245903      -13331.489             -13331.489
              1      -6668.4465      0.40291738       0.1154599         13.192549           10.077788      0.89847577      -0.1957474       5.6245903        5.6245903      -13348.142             -13348.142
              1      -6669.6616      0.40291738      0.11407224         13.192107           10.077361      0.89797778     -0.19374835       5.6245903        5.6245903      -13350.572             -13350.572
              2      -6677.8091      0.40291738      0.10198252         13.196265           10.076231      0.89194034      -0.1914993       5.6245903        5.6245903      -13366.867             -13366.867
             11      -6677.6186      0.40291738      0.10229305         13.196401           10.076252      0.89204897     -0.18963079       5.6245903        5.6245903      -13366.486             -13366.486
              9      -6678.0502      0.40291738       0.1079077         13.197241           10.072547      0.88415035     -0.19005356       5.6245903        5.6245903       -13367.35              -13367.35
              1      -6677.6425       0.4049517       0.1079077         13.197241           10.072547      0.88415035     -0.19005356       5.6245903        5.6245903      -13366.534             -13366.534
              4      -6677.8183       0.4049517      0.10885642         13.189119           10.071641      0.88811786     -0.18553499       5.6245903        5.6245903      -13366.886             -13366.886
              2      -6677.8949       0.4049517      0.10882615         13.189105           10.071581      0.88808582     -0.18543753       5.6245903        5.6245903      -13367.039             -13367.039
              1       -6677.583       0.4049517      0.11419609         13.216718           10.069388      0.87896678     -0.18477874       5.6245903        5.6245903      -13366.415             -13366.415
              1      -6677.9763      0.39064369      0.11419609         13.216718           10.069388      0.87896678     -0.18477874       5.6245903        5.6245903      -13367.202             -13367.202
              1      -6682.1203      0.39064369      0.11243177         13.208048           10.066091      0.87594182     -0.19515689       5.6245903        5.6245903       -13375.49              -13375.49
              3      -6686.2971      0.39064369      0.10523114           13.2103           10.066062      0.87366821     -0.19876912       5.6245903        5.6245903      -13383.843             -13383.843
             11      -6686.7124      0.39064369      0.10886388         13.212128           10.063635      0.87443604      -0.2033072       5.6245903        5.6245903      -13384.674             -13384.674
              7       -6687.136      0.39064369      0.10348898          13.21157            10.06622      0.87405344      -0.2095842       5.6245903        5.6245903      -13385.521             -13385.521
              3      -6687.2297      0.39064369       0.1008033         13.205048           10.067568      0.86822874     -0.17328157       5.6245903        5.6245903      -13385.709             -13385.709
              5      -6687.6628      0.39932503       0.1008033         13.205048           10.067568      0.86822874     -0.17328157       5.6245903        5.6245903      -13386.575             -13386.575
              5      -6694.1881      0.39932503      0.10523309         13.201796           10.058306      0.86219138     -0.16751289       5.6245903        5.6245903      -13399.625             -13399.625
              7      -6699.6587      0.39932503      0.10265787         13.201963           10.054241      0.86525406     -0.16211756       5.6245903        5.6245903      -13410.567             -13410.567
              6      -6700.0305      0.39932503       0.1026114         13.202198           10.053895      0.86543579     -0.16160878       5.6245903        5.6245903       -13411.31              -13411.31
              1      -6709.3842      0.39932503      0.10547233         13.217464           10.042922      0.87682118     -0.17944846       5.6245903        5.6245903      -13430.017             -13430.017
              1       -6710.178      0.39932503      0.10466949         13.217093           10.042556      0.87630965      -0.1812525       5.6245903        5.6245903      -13431.605             -13431.605
              8      -6712.3182      0.39932503       0.1012932         13.227129           10.042512      0.86528954     -0.17546597       5.6245903        5.6245903      -13435.886             -13435.886
              1      -6714.6002      0.39932503      0.12742053         13.205376           10.024319      0.85958148     -0.19485382       5.6245903        5.6245903       -13440.45              -13440.45
              2      -6714.4361      0.39932503      0.12921746          13.20881           10.023554      0.86357923     -0.18091942       5.6245903        5.6245903      -13440.121             -13440.121
              2      -6719.1734      0.39932503      0.12423607         13.210892           10.021549      0.87104206     -0.19133396       5.6245903        5.6245903      -13449.596             -13449.596
              7       -6721.441      0.39932503      0.12311022         13.213673           10.019879      0.86929502     -0.19229311       5.6245903        5.6245903      -13454.131             -13454.131
              1      -6732.1083      0.39932503      0.11593264         13.216906           10.012835      0.85796587     -0.21369169       5.6245903        5.6245903      -13475.466             -13475.466
              5      -6744.3794      0.39932503      0.10184315          13.22172           10.008288      0.88184989     -0.20687047       5.6245903        5.6245903      -13500.008             -13500.008
              1      -6745.0752      0.39932503      0.10555881         13.218135           10.005264      0.88244764     -0.20550464       5.6245903        5.6245903        -13501.4               -13501.4
              1      -6746.6533      0.39932503      0.10957903         13.216823           10.001164      0.88412633     -0.20200642       5.6245903        5.6245903      -13504.556             -13504.556
              1      -6751.3457      0.39932503      0.11489325         13.232303           9.9932465      0.85970569     -0.17515725       5.6245903        5.6245903      -13513.941             -13513.941
              2      -6754.7048      0.39932503      0.11054352         13.234721           9.9922619      0.86148439      -0.1745637       5.6245903        5.6245903      -13520.659             -13520.659
              2      -6753.9833      0.40161733      0.11054352         13.234721           9.9922619      0.86148439      -0.1745637       5.6245903        5.6245903      -13519.216             -13519.216
              8      -6755.9141      0.40161733      0.10851212          13.23389           9.9913546      0.86036188     -0.17708157       5.6245903        5.6245903      -13523.077             -13523.077
              3      -6761.2631      0.40161733      0.10846863         13.226754            9.985365      0.84718868      -0.1726903       5.6245903        5.6245903      -13533.775             -13533.775
              1      -6761.4075      0.40161733      0.11422826         13.222602           9.9816726      0.85182655     -0.16411642       5.6245903        5.6245903      -13534.064             -13534.064
              1      -6771.6486      0.40161733      0.10437625         13.219359           9.9762691      0.84198653     -0.15748008       5.6245903        5.6245903      -13554.546             -13554.546
              3      -6771.8801      0.40100694      0.10437625         13.219359           9.9762691      0.84198653     -0.15748008       5.6245903        5.6245903      -13555.009             -13555.009
              2      -6772.3626      0.40100694      0.10153495         13.219334           9.9774603       0.8421012      -0.1571888       5.6245903        5.6245903      -13555.974             -13555.974
              8      -6775.7968      0.40100694      0.10027306         13.218159            9.974387      0.84461008     -0.16601464       5.6245903        5.6245903      -13562.843             -13562.843
              1       -6777.369      0.38014314      0.10027306         13.218159            9.974387      0.84461008     -0.16601464       5.6245903        5.6245903      -13565.987             -13565.987
              1      -6781.7608      0.38014314      0.10500176         13.212412           9.9669694      0.84165233      -0.1756152       5.6245903        5.6245903      -13574.771             -13574.771
              2      -6783.2873      0.38014314      0.10180578         13.214061           9.9672164      0.84128571     -0.18144927       5.6245903        5.6245903      -13577.824             -13577.824
              3      -6783.2641      0.38014314      0.10123824          13.21397           9.9675676      0.84133733     -0.17939369       5.6245903        5.6245903      -13577.777             -13577.777
             14      -6783.3772      0.38014314      0.10077806         13.214245           9.9677172      0.84145184     -0.17958538       5.6245903        5.6245903      -13578.004             -13578.004
              1       -6782.844      0.39672928      0.10077806         13.214245           9.9677172      0.84145184     -0.17958538       5.6245903        5.6245903      -13576.937             -13576.937
              9      -6782.6771      0.39672928      0.10771821         13.217616           9.9637962      0.84436208     -0.17777002       5.6245903        5.6245903      -13576.603             -13576.603
