#        weight    minuslogpost          sigma8        ygk_Ahmc ygk_LOWZ__1_lM1_0 ygk_LOWZ__1_lMmin_0   ygk_mass_bias       ygk_rhogy   minuslogprior minuslogprior__0            chi2 chi2__ygk_like.ygkLike
              2      -2357.7878      0.52422919       1.0058682          13.12624           11.497659      0.70630968     -0.42666434       5.6245903        5.6245903      -4726.8248             -4726.8248
              1      -2398.2605      0.52422919       1.0018045         13.124336           11.490594      0.69863469      -0.4266335       5.6245903        5.6245903      -4807.7702             -4807.7702
              4      -2402.2253      0.52422919      0.99864712         13.119323           11.488448      0.69532952     -0.42217004       5.6245903        5.6245903      -4815.6999             -4815.6999
              1       -2419.315      0.52422919       1.0083723         13.124381            11.48632      0.69323857     -0.40285506       5.6245903        5.6245903      -4849.8792             -4849.8792
              5      -2509.0938      0.52422919      0.96320096         13.137802           11.484738      0.68639609     -0.39782928       5.6245903        5.6245903      -5029.4368             -5029.4368
              1      -2510.0516      0.52422919       0.9644042         13.138054           11.484562      0.68737094     -0.39494979       5.6245903        5.6245903      -5031.3524             -5031.3524
              1      -2518.6798      0.52422919      0.99788157         13.136625           11.475813      0.67996491     -0.40054168       5.6245903        5.6245903      -5048.6087             -5048.6087
              1      -2520.9336      0.52422919      0.99695731         13.135989           11.475339      0.67995236     -0.40071955       5.6245903        5.6245903      -5053.1163             -5053.1163
              1      -2523.6279      0.52422919      0.99656002         13.136378           11.475076       0.6796325     -0.40131133       5.6245903        5.6245903       -5058.505              -5058.505
              4      -2567.1853      0.52422919       0.9639925         13.145166           11.477921      0.69380197     -0.39205839       5.6245903        5.6245903      -5145.6198             -5145.6198
              8      -2597.2576      0.52422919      0.96020563         13.143838           11.473472      0.69134973     -0.36588589       5.6245903        5.6245903      -5205.7643             -5205.7643
              1      -2611.3177      0.52422919      0.96851798         13.144564           11.469812      0.69082723      -0.3607182       5.6245903        5.6245903      -5233.8846             -5233.8846
              1      -2611.8576      0.52422919      0.96929698         13.142989           11.469021      0.69353432     -0.36223352       5.6245903        5.6245903      -5234.9645             -5234.9645
              1      -2693.9435      0.52422919      0.95672509         13.149322            11.45896       0.6935252     -0.37407063       5.6245903        5.6245903      -5399.1362             -5399.1362
              1      -2710.6455      0.52422919      0.94707193         13.143822            11.45587      0.69137619     -0.36507633       5.6245903        5.6245903      -5432.5402             -5432.5402
              5      -2803.1505      0.52422919      0.93958044         13.150541           11.442823      0.67915715     -0.35348388       5.6245903        5.6245903      -5617.5502             -5617.5502
              1      -2854.8507      0.52422919      0.92164877         13.158378            11.43993      0.68782488     -0.35971838       5.6245903        5.6245903      -5720.9506             -5720.9506
              6      -2857.9825      0.52422919      0.92125063         13.158994           11.439798      0.68718436     -0.35329814       5.6245903        5.6245903      -5727.2142             -5727.2142
              1      -2942.9092      0.52422919      0.89890448         13.165753           11.431373      0.71033035     -0.36488812       5.6245903        5.6245903      -5897.0676             -5897.0676
              1      -2993.7183      0.52422919      0.90136252         13.166836           11.421791      0.70907791     -0.34924427       5.6245903        5.6245903      -5998.6858             -5998.6858
              1      -3020.8862      0.52422919      0.90038992         13.162054           11.414268      0.70522404     -0.36743202       5.6245903        5.6245903      -6053.0216             -6053.0216
              2       -3023.991      0.52422919      0.88647489         13.157606           11.415078      0.70409034      -0.3623906       5.6245903        5.6245903      -6059.2312             -6059.2312
              2       -3051.536      0.52422919      0.87581892         13.166382           11.414765      0.69842394     -0.36572956       5.6245903        5.6245903      -6114.3211             -6114.3211
              1      -3142.5257      0.52422919      0.83584107         13.180664           11.411338      0.70483219     -0.33628487       5.6245903        5.6245903      -6296.3005             -6296.3005
              4      -3180.1742      0.52422919      0.82395372         13.178665           11.405069      0.69982504       -0.347107       5.6245903        5.6245903      -6371.5976             -6371.5976
              2      -3203.3356      0.52422919      0.83338502            13.184           11.400584      0.70434371     -0.33558321       5.6245903        5.6245903      -6417.9204             -6417.9204
              3      -3205.1894      0.52422919       0.8235851         13.181494           11.401913      0.71700674     -0.34071542       5.6245903        5.6245903       -6421.628              -6421.628
              1      -3205.5988      0.53437663       0.8235851         13.181494           11.401913      0.71700674     -0.34071542       5.6245903        5.6245903      -6422.4467             -6422.4467
              9       -3226.745      0.53437663      0.82903904         13.187608           11.399145      0.71750838      -0.3203017       5.6245903        5.6245903      -6464.7392             -6464.7392
              1      -3253.1784      0.53437663      0.84886433         13.203794           11.395022      0.71763681     -0.30983158       5.6245903        5.6245903       -6517.606              -6517.606
              2      -3259.7102      0.53437663      0.83752883         13.200142           11.397454      0.73528647      -0.2628249       5.6245903        5.6245903      -6530.6695             -6530.6695
              1      -3281.2185      0.53437663       0.8337427         13.192083           11.391834      0.73972855      -0.2440582       5.6245903        5.6245903      -6573.6861             -6573.6861
              1        -3302.43      0.53437663      0.82654758         13.191213           11.388371       0.7392397     -0.25068908       5.6245903        5.6245903      -6616.1092             -6616.1092
              2      -3329.1084      0.53437663      0.77368125         13.204371           11.400297      0.74027399     -0.22544716       5.6245903        5.6245903       -6669.466              -6669.466
              1      -3326.0352      0.53437663      0.77322864         13.203062           11.400417      0.73547777     -0.22310397       5.6245903        5.6245903      -6663.3195             -6663.3195
              1      -3422.2507      0.53437663      0.78339174         13.221279           11.383283      0.73182463     -0.20682473       5.6245903        5.6245903      -6855.7507             -6855.7507
              4      -3433.4082      0.53437663      0.75657166         13.213766           11.385593      0.73874458     -0.19422682       5.6245903        5.6245903      -6878.0656             -6878.0656
              1      -3502.2134      0.53437663      0.72459004         13.221865           11.378845      0.74277126     -0.24689555       5.6245903        5.6245903      -7015.6761             -7015.6761
              4      -3505.0281      0.53437663      0.72500179         13.222762           11.378486      0.74388805     -0.24606773       5.6245903        5.6245903      -7021.3053             -7021.3053
              4      -3533.7265      0.53437663      0.71412059         13.225831            11.37539      0.74288328     -0.24934837       5.6245903        5.6245903      -7078.7021             -7078.7021
              2      -3532.3656      0.55617455      0.71412059         13.225831            11.37539      0.74288328     -0.24934837       5.6245903        5.6245903      -7075.9804             -7075.9804
              1      -3543.6375      0.55617455      0.69745259         13.236025           11.381097      0.74485649     -0.23699405       5.6245903        5.6245903      -7098.5242             -7098.5242
              2      -3610.1686      0.55617455      0.70944511         13.234251           11.364251      0.74926599     -0.18664476       5.6245903        5.6245903      -7231.5864             -7231.5864
              2      -3620.1793      0.55617455      0.70200322         13.234538            11.36452      0.75770689     -0.18629209       5.6245903        5.6245903      -7251.6077             -7251.6077
              1      -3623.3109      0.55617455      0.69487527         13.232338           11.364777      0.75619695     -0.18576433       5.6245903        5.6245903      -7257.8709             -7257.8709
              1      -3634.1456      0.55617455      0.69348989         13.233588           11.362998      0.75588479     -0.18374533       5.6245903        5.6245903      -7279.5403             -7279.5403
              1      -3642.4068      0.55617455      0.69507612         13.231237           11.359645      0.75646898     -0.18829652       5.6245903        5.6245903      -7296.0628             -7296.0628
              1      -3657.1353      0.55617455      0.68274333          13.24145           11.360979      0.75368182     -0.21905943       5.6245903        5.6245903      -7325.5197             -7325.5197
              1      -3693.1265      0.55617455      0.66301635         13.239652           11.354495      0.74882828     -0.26015712       5.6245903        5.6245903      -7397.5023             -7397.5023
              2      -3832.3458      0.55617455      0.67104829         13.283501           11.328354      0.70760587     -0.23571761       5.6245903        5.6245903      -7675.9409             -7675.9409
              5      -3835.8772      0.55617455       0.6758474         13.280142           11.325039       0.7065021     -0.23481951       5.6245903        5.6245903      -7683.0037             -7683.0037
              1      -3848.3761      0.55617455      0.67220283         13.283431           11.323918      0.71159114     -0.23721948       5.6245903        5.6245903      -7708.0014             -7708.0014
              2      -3875.6052      0.55617455      0.67203944         13.286582            11.31769      0.70921653     -0.22820154       5.6245903        5.6245903      -7762.4596             -7762.4596
              1      -3922.5599      0.55617455      0.65904301         13.283771           11.305643        0.701622     -0.26578739       5.6245903        5.6245903      -7856.3689             -7856.3689
              1      -3929.3837      0.55617455      0.64610203         13.282476           11.306415       0.7013144     -0.28226734       5.6245903        5.6245903      -7870.0167             -7870.0167
              1      -3940.2651      0.55617455      0.63610267         13.267836           11.301748      0.68973977     -0.26982601       5.6245903        5.6245903      -7891.7793             -7891.7793
              1      -3947.6062      0.55617455      0.64415984          13.27991           11.299397      0.67121017     -0.27900403       5.6245903        5.6245903      -7906.4617             -7906.4617
              1      -3951.4002      0.51999908      0.64415984          13.27991           11.299397      0.67121017     -0.27900403       5.6245903        5.6245903      -7914.0496             -7914.0496
              2      -3975.3605      0.51999908      0.64971581         13.278993           11.291013       0.6729966     -0.28478427       5.6245903        5.6245903      -7961.9702             -7961.9702
              2      -3981.9752      0.51999908      0.64108483         13.277929           11.291158       0.6689126     -0.28570846       5.6245903        5.6245903      -7975.1995             -7975.1995
              1      -4008.0681      0.51999908      0.64496684         13.287593           11.285355       0.6634465     -0.27350619       5.6245903        5.6245903      -8027.3853             -8027.3853
              1      -4010.6636      0.51999908      0.65745071         13.276788           11.278415      0.65891323     -0.26457961       5.6245903        5.6245903      -8032.5764             -8032.5764
              1      -4012.2166      0.52646296      0.65745071         13.276788           11.278415      0.65891323     -0.26457961       5.6245903        5.6245903      -8035.6824             -8035.6824
              2      -4045.3888      0.52646296      0.65017723         13.276781           11.271191      0.66275601     -0.26910117       5.6245903        5.6245903      -8102.0268             -8102.0268
              6      -4058.9042      0.52646296       0.6555108         13.270763           11.265988      0.68541625     -0.24388327       5.6245903        5.6245903      -8129.0575             -8129.0575
              3        -4108.71      0.52646296      0.66648657         13.282614           11.250719      0.68115587     -0.25708402       5.6245903        5.6245903      -8228.6692             -8228.6692
              1      -4107.3465       0.5409313      0.66648657         13.282614           11.250719      0.68115587     -0.25708402       5.6245903        5.6245903      -8225.9422             -8225.9422
              1       -4115.863       0.5409313      0.65926546         13.281778           11.249949      0.68102571     -0.26235881       5.6245903        5.6245903      -8242.9751             -8242.9751
              4      -4117.8156       0.5409313      0.66220854         13.281705           11.248372       0.6799032     -0.26338355       5.6245903        5.6245903      -8246.8804             -8246.8804
              1      -4119.5755      0.52942401      0.66220854         13.281705           11.248372       0.6799032     -0.26338355       5.6245903        5.6245903      -8250.4002             -8250.4002
              1      -4134.5478      0.52942401      0.66928854         13.289757           11.244321      0.68831633     -0.25727133       5.6245903        5.6245903      -8280.3447             -8280.3447
              2      -4154.9932      0.52942401      0.67608011         13.291807            11.23647       0.6851357     -0.25656215       5.6245903        5.6245903      -8321.2355             -8321.2355
              1      -4170.0971      0.52942401      0.66948943         13.303265           11.236542      0.68851944     -0.26203968       5.6245903        5.6245903      -8351.4434             -8351.4434
              1      -4173.4233      0.52942401      0.66309278         13.304671           11.237743      0.68343536     -0.25507899       5.6245903        5.6245903      -8358.0958             -8358.0958
              1      -4191.3313      0.52942401      0.65496443         13.303177           11.234597      0.68610573     -0.25136927       5.6245903        5.6245903      -8393.9119             -8393.9119
              1      -4207.4801      0.52942401      0.63981465          13.29954           11.232338      0.67967738     -0.27957605       5.6245903        5.6245903      -8426.2094             -8426.2094
              5      -4224.1962      0.52942401      0.60003407         13.302856           11.240354      0.67523377     -0.26438194       5.6245903        5.6245903      -8459.6417             -8459.6417
              1      -4261.4555      0.52942401      0.58569901         13.312123           11.235206      0.68527491     -0.28739184       5.6245903        5.6245903      -8534.1601             -8534.1601
              2      -4271.6807      0.52942401      0.57657138         13.303089           11.232233      0.67686396     -0.29344816       5.6245903        5.6245903      -8554.6106             -8554.6106
              1      -4278.4055      0.52942401      0.56438592          13.30709           11.234611      0.67652504     -0.30174116       5.6245903        5.6245903      -8568.0602             -8568.0602
              3      -4314.1013      0.52942401       0.5550145         13.306448           11.226481      0.68222135     -0.29946886       5.6245903        5.6245903      -8639.4517             -8639.4517
              6      -4317.6969      0.52942401      0.56825939         13.302357           11.220372      0.68431376     -0.29779643       5.6245903        5.6245903       -8646.643              -8646.643
              2      -4320.5848      0.52942401      0.57766332         13.288358            11.21383      0.67591131         -0.2638       5.6245903        5.6245903      -8652.4189             -8652.4189
              2      -4385.5276      0.52942401      0.57916344         13.290148           11.193412      0.69025225     -0.26280673       5.6245903        5.6245903      -8782.3043             -8782.3043
              2       -4386.208      0.52942401      0.56191349         13.282392           11.197373      0.69727707     -0.26081534       5.6245903        5.6245903      -8783.6651             -8783.6651
              4      -4393.5967      0.52942401      0.55489219         13.279688           11.196739      0.69823904     -0.25736046       5.6245903        5.6245903      -8798.4427             -8798.4427
              1      -4406.1786      0.52942401      0.55317827          13.28811           11.195741      0.70118364     -0.23848842       5.6245903        5.6245903      -8823.6063             -8823.6063
              2      -4423.5895      0.52942401      0.53684406         13.295694           11.196914      0.71381496     -0.26114598       5.6245903        5.6245903      -8858.4281             -8858.4281
              1      -4434.2656      0.52942401       0.5294615         13.294463           11.196075      0.71351263     -0.24118674       5.6245903        5.6245903      -8879.7804             -8879.7804
              1      -4446.7128      0.52942401      0.50757504         13.289639           11.197912      0.71665633     -0.24997335       5.6245903        5.6245903      -8904.6747             -8904.6747
              3      -4446.7069      0.52942401      0.50753758         13.289671           11.197932      0.71662631     -0.24997769       5.6245903        5.6245903       -8904.663              -8904.663
              2      -4516.8791      0.52942401      0.47870429         13.298587           11.184593      0.72165702     -0.29715156       5.6245903        5.6245903      -9045.0074             -9045.0074
              1      -4535.3008      0.52942401      0.46649434         13.301557           11.182941      0.71459015     -0.28858907       5.6245903        5.6245903      -9081.8507             -9081.8507
              2      -4551.4458      0.52942401      0.47079524          13.30593           11.177267      0.71855882     -0.27980165       5.6245903        5.6245903      -9114.1407             -9114.1407
              3      -4551.1387      0.52942401      0.47074229         13.306103           11.177431      0.71861641     -0.27979976       5.6245903        5.6245903      -9113.5265             -9113.5265
              6      -4566.4432      0.52942401      0.46513906          13.30041           11.172188      0.72632971     -0.31177783       5.6245903        5.6245903      -9144.1356             -9144.1356
              1      -4569.4301      0.52942401      0.45205946         13.282791           11.172928      0.73663817     -0.29066929       5.6245903        5.6245903      -9150.1093             -9150.1093
              3      -4642.7248      0.52942401      0.40753404         13.289751           11.163705      0.74432643     -0.30874897       5.6245903        5.6245903      -9296.6988             -9296.6988
              2      -4655.9502      0.52942401       0.3964787         13.283683           11.161685      0.74246462     -0.30138361       5.6245903        5.6245903      -9323.1496             -9323.1496
              1      -4659.5093      0.52942401       0.3772823         13.285146           11.166944      0.74411798     -0.31793616       5.6245903        5.6245903      -9330.2679             -9330.2679
              4      -4672.1442      0.52942401      0.38099631         13.281964           11.159838      0.74124174     -0.33354846       5.6245903        5.6245903      -9355.5375             -9355.5375
              1      -4692.7934      0.52942401      0.36829015         13.274443           11.154413       0.7313003     -0.34628875       5.6245903        5.6245903       -9396.836              -9396.836
              1       -4724.169      0.52942401      0.35401007         13.281347           11.149697        0.732458     -0.34392854       5.6245903        5.6245903      -9459.5872             -9459.5872
              2      -4730.4313      0.52942401      0.36104197         13.280476           11.145573      0.71719078      -0.2942074       5.6245903        5.6245903      -9472.1118             -9472.1118
              5      -4746.7702      0.52942401       0.3820669          13.28271           11.132346       0.7179935     -0.30042702       5.6245903        5.6245903      -9504.7896             -9504.7896
              2      -4759.5845      0.52942401      0.37584459         13.279361           11.129177      0.72265921     -0.30480637       5.6245903        5.6245903      -9530.4183             -9530.4183
              2      -4775.7527      0.52942401      0.37958045         13.278766           11.121273      0.71855828     -0.31039178       5.6245903        5.6245903      -9562.7545             -9562.7545
              2      -4800.5026      0.52942401      0.37876773         13.269842           11.111375      0.73570226     -0.30145466       5.6245903        5.6245903      -9612.2543             -9612.2543
              1      -4800.7344      0.52942401       0.3633197         13.262837           11.114557       0.7378294      -0.3330632       5.6245903        5.6245903      -9612.7179             -9612.7179
              1      -4803.5799      0.51894144       0.3633197         13.262837           11.114557       0.7378294      -0.3330632       5.6245903        5.6245903      -9618.4091             -9618.4091
              2      -4804.7756      0.51894144      0.36342499         13.263483           11.114195      0.73784616     -0.33328908       5.6245903        5.6245903      -9620.8004             -9620.8004
              2      -4806.8564      0.51894144      0.36272419         13.262244           11.113124      0.73612713     -0.34143281       5.6245903        5.6245903       -9624.962              -9624.962
              1       -4809.112      0.51894144      0.33951158         13.266969           11.121447       0.7404046     -0.35030052       5.6245903        5.6245903      -9629.4732             -9629.4732
              1      -4826.2385      0.51894144      0.33550708         13.263794           11.116078      0.74817164     -0.35175733       5.6245903        5.6245903      -9663.7261             -9663.7261
              2      -4826.3544      0.51796211      0.33550708         13.263794           11.116078      0.74817164     -0.35175733       5.6245903        5.6245903       -9663.958              -9663.958
              2      -4852.9413      0.51796211      0.33110494         13.263578           11.106611       0.7511453     -0.38964121       5.6245903        5.6245903      -9717.1317             -9717.1317
              2       -4881.901      0.51796211      0.33524632         13.262864            11.09364      0.73847295     -0.38111903       5.6245903        5.6245903      -9775.0512             -9775.0512
              1      -4883.9974      0.51796211      0.33955955         13.266952           11.091884      0.73911465     -0.38772736       5.6245903        5.6245903      -9779.2439             -9779.2439
              1      -4883.6906      0.51796211      0.32412648         13.269939           11.098046      0.74054056     -0.39640364       5.6245903        5.6245903      -9778.6304             -9778.6304
              2       -4886.596      0.51796211      0.32363031         13.267519           11.096719      0.74545047     -0.39939869       5.6245903        5.6245903      -9784.4412             -9784.4412
              2      -4886.8043      0.51686045      0.32363031         13.267519           11.096719      0.74545047     -0.39939869       5.6245903        5.6245903      -9784.8578             -9784.8578
              3      -4886.9093      0.51686045      0.32353462         13.267445           11.096699      0.74550667     -0.39944593       5.6245903        5.6245903      -9785.0678             -9785.0678
              3      -4897.8961      0.51686045       0.3300762         13.267744           11.089893      0.74494801     -0.40612609       5.6245903        5.6245903      -9807.0414             -9807.0414
              1      -4940.4452      0.51686045      0.32000637         13.267828           11.076908      0.75115224     -0.41181714       5.6245903        5.6245903      -9892.1396             -9892.1396
              3      -4940.7614      0.51686045      0.31918302         13.268033           11.077174      0.75163729     -0.41066942       5.6245903        5.6245903       -9892.772              -9892.772
              1      -4941.1969      0.50154123      0.31918302         13.268033           11.077174      0.75163729     -0.41066942       5.6245903        5.6245903       -9893.643              -9893.643
              2       -4941.252      0.50154123      0.31882834         13.268532           11.077353      0.75166967     -0.41150162       5.6245903        5.6245903      -9893.7532             -9893.7532
              5      -5031.2867      0.50154123      0.30273984         13.268023           11.047429      0.73885222     -0.38785622       5.6245903        5.6245903      -10073.823             -10073.823
              3      -5036.8021      0.50154123      0.29701359         13.272141            11.04798      0.74412769     -0.39650512       5.6245903        5.6245903      -10084.853             -10084.853
              1       -5069.593      0.50154123      0.30600761         13.268736           11.030304      0.74723678     -0.40587144       5.6245903        5.6245903      -10150.435             -10150.435
              1      -5084.4942      0.50154123      0.29625664         13.270345           11.028006      0.74427467     -0.40416432       5.6245903        5.6245903      -10180.238             -10180.238
              1       -5097.922      0.50154123      0.28193994         13.261884           11.027166      0.75483868     -0.38524088       5.6245903        5.6245903      -10207.093             -10207.093
              3      -5097.5483      0.50154123      0.28135228         13.261549           11.027458      0.75478245     -0.38680245       5.6245903        5.6245903      -10206.346             -10206.346
              3      -5129.3545      0.50154123      0.25630859         13.268727           11.025244        0.769659     -0.38732835       5.6245903        5.6245903      -10269.958             -10269.958
              2      -5128.8184      0.49661043      0.25630859         13.268727           11.025244        0.769659     -0.38732835       5.6245903        5.6245903      -10268.886             -10268.886
              3      -5130.1538      0.49661043      0.26683865         13.284529           11.022838      0.76543345     -0.39272766       5.6245903        5.6245903      -10271.557             -10271.557
              2       -5153.544      0.49661043      0.25999796         13.283318             11.0151      0.76259582     -0.39756662       5.6245903        5.6245903      -10318.337             -10318.337
              3      -5181.8746      0.49661043      0.23192311         13.292218           11.014839      0.75469978     -0.40550181       5.6245903        5.6245903      -10374.998             -10374.998
              1      -5233.9315      0.49661043      0.22078796         13.286699            10.99605      0.75040465     -0.37129192       5.6245903        5.6245903      -10479.112             -10479.112
              2      -5248.3748      0.49661043       0.2056726         13.275889           10.993912      0.75528173     -0.38543551       5.6245903        5.6245903      -10507.999             -10507.999
              2      -5290.6604      0.49661043      0.17518112         13.261348           10.985379      0.74507271     -0.35481091       5.6245903        5.6245903       -10592.57              -10592.57
              1      -5339.5933      0.49661043      0.15999112         13.269419           10.970771      0.75958449     -0.35153351       5.6245903        5.6245903      -10690.436             -10690.436
              1       -5347.097      0.49661043      0.15010038         13.277965           10.972478      0.75391985     -0.35080077       5.6245903        5.6245903      -10705.443             -10705.443
              1      -5349.1473      0.49661043      0.14275188          13.27638           10.974251      0.75504952     -0.35764534       5.6245903        5.6245903      -10709.544             -10709.544
              4      -5349.4496      0.49661043      0.14340683         13.276221           10.973651      0.75354297     -0.36366455       5.6245903        5.6245903      -10710.148             -10710.148
              2      -5352.7202      0.49661043      0.14260733         13.275886           10.972418      0.75402712     -0.36370934       5.6245903        5.6245903       -10716.69              -10716.69
              1      -5375.4112      0.49661043      0.14560481         13.285684           10.961855      0.74966551     -0.35642056       5.6245903        5.6245903      -10762.072             -10762.072
              2      -5375.4962      0.49661043      0.14559297         13.285694           10.961823      0.74975184      -0.3564541       5.6245903        5.6245903      -10762.242             -10762.242
              1      -5375.3419      0.49925192      0.14559297         13.285694           10.961823      0.74975184      -0.3564541       5.6245903        5.6245903      -10761.933             -10761.933
              1      -5378.2174      0.49925192      0.14067168         13.286997           10.962727      0.74980089     -0.35607383       5.6245903        5.6245903      -10767.684             -10767.684
              1      -5392.9405      0.49925192       0.1333023         13.285788           10.957882      0.74494084     -0.38626865       5.6245903        5.6245903       -10797.13              -10797.13
              3      -5412.8056      0.49925192      0.12257255         13.290069           10.953605      0.75078886     -0.38587678       5.6245903        5.6245903       -10836.86              -10836.86
              6      -5413.4893      0.49925192      0.12032171         13.289183           10.954124      0.75078067     -0.38567323       5.6245903        5.6245903      -10838.228             -10838.228
              2      -5418.6027      0.49925192      0.10964703         13.291601           10.955872      0.75372279     -0.42292776       5.6245903        5.6245903      -10848.455             -10848.455
              3      -5431.9578      0.49925192      0.12483827         13.289893           10.942341      0.75238003      -0.4306876       5.6245903        5.6245903      -10875.165             -10875.165
              4      -5438.3329      0.49925192        0.122761         13.292838           10.940475      0.74942817     -0.42810849       5.6245903        5.6245903      -10887.915             -10887.915
              4       -5441.803      0.49925192      0.11020904         13.289481           10.944128      0.74768532     -0.40805034       5.6245903        5.6245903      -10894.855             -10894.855
              1       -5441.894       0.4987048      0.11020904         13.289481           10.944128      0.74768532     -0.40805034       5.6245903        5.6245903      -10895.037             -10895.037
              1      -5452.8125       0.4987048      0.10177443         13.291126           10.942525      0.74649272     -0.41147483       5.6245903        5.6245903      -10916.874             -10916.874
              3       -5465.585       0.4987048      0.10178095         13.298677           10.937237      0.74658105      -0.4078696       5.6245903        5.6245903      -10942.419             -10942.419
              4      -5475.2653       0.4987048      0.10766246         13.290738           10.928809      0.73404733     -0.38958464       5.6245903        5.6245903       -10961.78              -10961.78
              3      -5499.0255       0.4987048      0.10849841         13.285457           10.915294      0.74447528     -0.42244184       5.6245903        5.6245903        -11009.3               -11009.3
              2       -5503.038       0.4987048      0.10438515         13.268328           10.913042      0.74348556     -0.40908342       5.6245903        5.6245903      -11017.325             -11017.325
              3       -5506.599       0.4987048      0.10178713          13.27799           10.913627      0.73726753     -0.40336591       5.6245903        5.6245903      -11024.447             -11024.447
              2      -5520.2462       0.4987048      0.11066754         13.275137           10.902298      0.73245623     -0.39634235       5.6245903        5.6245903      -11051.742             -11051.742
              1      -5520.5215      0.49776713      0.11066754         13.275137           10.902298      0.73245623     -0.39634235       5.6245903        5.6245903      -11052.292             -11052.292
             12       -5524.981      0.49776713      0.11579797         13.264222           10.896423      0.73344094     -0.38996755       5.6245903        5.6245903      -11061.211             -11061.211
              2      -5549.2183      0.49776713      0.11179533         13.263065           10.884934      0.70855621     -0.38435482       5.6245903        5.6245903      -11109.686             -11109.686
              3      -5596.0624      0.49776713      0.13576505         13.259575           10.848834      0.72441792     -0.38442688       5.6245903        5.6245903      -11203.374             -11203.374
              1      -5597.5967      0.49776713      0.13449566          13.25989           10.848199      0.72349498     -0.40664463       5.6245903        5.6245903      -11206.443             -11206.443
              5      -5622.9127      0.49776713      0.12247036         13.265618           10.840667       0.7272789     -0.40069261       5.6245903        5.6245903      -11257.075             -11257.075
              1      -5624.4319      0.49776713       0.1123923         13.265997           10.844534      0.72609988     -0.39993914       5.6245903        5.6245903      -11260.113             -11260.113
              7      -5632.8219      0.49776713      0.10330847         13.267015           10.844644       0.7324929     -0.38426826       5.6245903        5.6245903      -11276.893             -11276.893
              6      -5633.8511      0.49776713      0.10315399         13.264924           10.843952      0.73122892     -0.37946427       5.6245903        5.6245903      -11278.951             -11278.951
              1      -5632.6345      0.50023139      0.10315399         13.264924           10.843952      0.73122892     -0.37946427       5.6245903        5.6245903      -11276.518             -11276.518
              8      -5639.9472      0.50023139      0.10055034         13.264138           10.840909      0.73115114     -0.38339908       5.6245903        5.6245903      -11291.144             -11291.144
             11      -5645.1579      0.47466578      0.10055034         13.264138           10.840909      0.73115114     -0.38339908       5.6245903        5.6245903      -11301.565             -11301.565
              5      -5647.4276      0.47466578      0.10102979         13.261701           10.839409      0.73302143     -0.37104501       5.6245903        5.6245903      -11306.104             -11306.104
              3      -5648.1631      0.47466578      0.10749441          13.25765           10.835903      0.73266289     -0.35380777       5.6245903        5.6245903      -11307.575             -11307.575
              3      -5659.0321      0.47466578      0.11365391         13.265508           10.827865       0.7209049     -0.35625009       5.6245903        5.6245903      -11329.313             -11329.313
              1       -5659.178      0.47466578      0.11033715         13.265756           10.829356      0.72156081     -0.35317619       5.6245903        5.6245903      -11329.605             -11329.605
              5      -5698.0966      0.47466578       0.1014252         13.274495           10.813164      0.72495774     -0.33709764       5.6245903        5.6245903      -11407.442             -11407.442
              4      -5708.6009      0.47466578      0.10114809         13.273183           10.807151      0.72250083     -0.34483472       5.6245903        5.6245903      -11428.451             -11428.451
              4      -5709.2329      0.47466578      0.10140771         13.273136           10.806674      0.72303535     -0.34546628       5.6245903        5.6245903      -11429.715             -11429.715
              1      -5711.1399      0.47466578       0.1007162         13.272962           10.805926      0.72297485     -0.34364307       5.6245903        5.6245903      -11433.529             -11433.529
              1      -5711.3036      0.47466578      0.10166659         13.272879           10.805366      0.72214507     -0.34434347       5.6245903        5.6245903      -11433.856             -11433.856
              7      -5711.7217      0.47466578      0.10115375         13.272984           10.805354      0.72157675     -0.34546079       5.6245903        5.6245903      -11434.692             -11434.692
              6      -5716.1967      0.47466578       0.1024031         13.273913           10.802397      0.72364321     -0.34474936       5.6245903        5.6245903      -11443.643             -11443.643
              4      -5725.2869      0.47466578      0.10106082         13.271848           10.797824      0.72234518     -0.33090943       5.6245903        5.6245903      -11461.823             -11461.823
              1      -5726.4828      0.47466578      0.10127631         13.274737           10.797247      0.71799384     -0.33155915       5.6245903        5.6245903      -11464.215             -11464.215
              3      -5725.9121      0.47466578      0.10229455         13.277906           10.797408      0.71676104     -0.32998135       5.6245903        5.6245903      -11463.073             -11463.073
              1      -5728.8955      0.47466578      0.11387968         13.277539           10.790013      0.71167932     -0.34738736       5.6245903        5.6245903       -11469.04              -11469.04
              2      -5731.2723      0.47466578      0.12349633         13.274167           10.784066      0.71016107     -0.32882397       5.6245903        5.6245903      -11473.794             -11473.794
              1      -5731.3552      0.47466578      0.12328402         13.274187           10.784119       0.7100576     -0.32869837       5.6245903        5.6245903      -11473.959             -11473.959
              1       -5733.135      0.47466578       0.1203619         13.274333           10.784507      0.71197256     -0.32806966       5.6245903        5.6245903      -11477.519             -11477.519
              6      -5736.5374      0.47466578      0.11523958         13.267255           10.784159      0.71115328     -0.33444078       5.6245903        5.6245903      -11484.324             -11484.324
              1      -5751.3148      0.47466578      0.12057734          13.26877           10.773364      0.71177433     -0.32978854       5.6245903        5.6245903      -11513.879             -11513.879
              1      -5757.1893      0.47466578       0.1144309          13.27595           10.773517      0.71396119     -0.33184124       5.6245903        5.6245903      -11525.628             -11525.628
              4      -5757.0607      0.47610637       0.1144309          13.27595           10.773517      0.71396119     -0.33184124       5.6245903        5.6245903      -11525.371             -11525.371
              1      -5759.3606      0.47610637      0.11001047         13.265487           10.772896      0.70934213     -0.35480627       5.6245903        5.6245903       -11529.97              -11529.97
             10      -5767.3659      0.47610637      0.10491228         13.269018           10.770885      0.70778342     -0.35878769       5.6245903        5.6245903      -11545.981             -11545.981
              7      -5785.9515      0.47610637      0.10592411         13.277646           10.760268      0.70242437     -0.35078821       5.6245903        5.6245903      -11583.152             -11583.152
              1      -5786.6711      0.47610637       0.1057869         13.278865           10.760098      0.70464353      -0.3469492       5.6245903        5.6245903      -11584.591             -11584.591
              3      -5801.0973      0.47610637      0.10458487         13.286188           10.752617      0.70232326     -0.35225437       5.6245903        5.6245903      -11613.444             -11613.444
              1      -5801.3428      0.47610637      0.10359712         13.285431           10.752858      0.70230564     -0.35360612       5.6245903        5.6245903      -11613.935             -11613.935
              4      -5801.1438      0.47610637      0.10425895         13.285538           10.752667      0.70269576     -0.35448667       5.6245903        5.6245903      -11613.537             -11613.537
              1       -5821.786      0.47610637      0.10888554         13.274219           10.737054      0.70227503     -0.34365522       5.6245903        5.6245903      -11654.821             -11654.821
              2      -5824.8535      0.47610637      0.10395002         13.275714           10.737658      0.70083001     -0.34515048       5.6245903        5.6245903      -11660.956             -11660.956
              6      -5826.8611      0.47610637      0.10582769         13.283098            10.73631      0.70462959     -0.33868835       5.6245903        5.6245903      -11664.971             -11664.971
              4      -5834.2668      0.47610637       0.1000106         13.282171           10.734148      0.70201274      -0.3667618       5.6245903        5.6245903      -11679.783             -11679.783
              1      -5849.3774      0.47610637      0.11386981         13.283056           10.718008      0.70401867     -0.38099361       5.6245903        5.6245903      -11710.004             -11710.004
              3      -5848.2447      0.45155823      0.11386981         13.283056           10.718008      0.70401867     -0.38099361       5.6245903        5.6245903      -11707.739             -11707.739
              1      -5851.1295      0.45155823      0.10841529         13.290654           10.719434      0.71146528     -0.38668583       5.6245903        5.6245903      -11713.508             -11713.508
              2      -5851.1873      0.45155823      0.10840424         13.290681           10.719408      0.71146348     -0.38657158       5.6245903        5.6245903      -11713.624             -11713.624
              3      -5855.4296      0.45155823      0.10654895         13.292639           10.717916       0.7135403     -0.38666261       5.6245903        5.6245903      -11722.108             -11722.108
              5      -5852.6627      0.45155823      0.11741198         13.289271           10.714208      0.71636983     -0.39654655       5.6245903        5.6245903      -11716.575             -11716.575
              1      -5852.6949      0.45155823      0.11746749         13.289171           10.714153      0.71652423     -0.39699906       5.6245903        5.6245903      -11716.639             -11716.639
              3      -5852.3422      0.45155823      0.12051683         13.282939           10.712491      0.71451296     -0.39304897       5.6245903        5.6245903      -11715.934             -11715.934
              2      -5854.5869      0.45155823      0.12854756         13.281993           10.707261      0.70902687     -0.39734088       5.6245903        5.6245903      -11720.423             -11720.423
              3      -5861.2039      0.45155823      0.10605096         13.294907           10.714316      0.70054726     -0.44185599       5.6245903        5.6245903      -11733.657             -11733.657
              5      -5862.7376      0.45155823      0.10550086         13.288256           10.713195      0.69763173     -0.43409047       5.6245903        5.6245903      -11736.724             -11736.724
              2      -5862.7603      0.45161733      0.10550086         13.288256           10.713195      0.69763173     -0.43409047       5.6245903        5.6245903       -11736.77              -11736.77
              2      -5862.4943      0.45161733      0.10580278         13.288235            10.71321      0.69755952     -0.43416771       5.6245903        5.6245903      -11736.238             -11736.238
              1      -5884.0479      0.45161733      0.10286793         13.293439           10.701811      0.69718846     -0.45901447       5.6245903        5.6245903      -11779.345             -11779.345
              3      -5892.0619      0.45161733      0.10708824         13.294298           10.695102       0.6965651     -0.44644359       5.6245903        5.6245903      -11795.373             -11795.373
              1       -5926.393      0.45161733      0.10487064         13.294489           10.675003      0.69831498      -0.4452368       5.6245903        5.6245903      -11864.035             -11864.035
              2      -5926.3146      0.45161733      0.10462256         13.292957           10.675085        0.698992     -0.44320595       5.6245903        5.6245903      -11863.878             -11863.878
              5      -5926.4594      0.45161733      0.10624286         13.287225           10.673715      0.68381188     -0.43984105       5.6245903        5.6245903      -11864.168             -11864.168
              6      -5927.0136      0.45161733      0.10656545         13.286876            10.67319       0.6840631     -0.44015622       5.6245903        5.6245903      -11865.276             -11865.276
              1      -5933.8435      0.45161733      0.11646582         13.290666           10.664429      0.68629678     -0.44413372       5.6245903        5.6245903      -11878.936             -11878.936
              3      -5940.7824      0.45161733      0.10781163         13.293746           10.664471      0.69142994     -0.44277122       5.6245903        5.6245903      -11892.814             -11892.814
              3      -5959.1542      0.45161733      0.10002156         13.298214           10.657126      0.70626943     -0.42464062       5.6245903        5.6245903      -11929.558             -11929.558
              9      -5959.7513       0.4567165      0.10002156         13.298214           10.657126      0.70626943     -0.42464062       5.6245903        5.6245903      -11930.752             -11930.752
              2      -5968.6521       0.4567165      0.10960291         13.297521           10.646716      0.70815072     -0.41327239       5.6245903        5.6245903      -11948.553             -11948.553
              3      -5970.7896       0.4567165      0.10854373         13.295066            10.64566      0.71071293     -0.41854163       5.6245903        5.6245903      -11952.828             -11952.828
              3      -5975.6362       0.4567165      0.10734859         13.296158           10.643077      0.70575869     -0.42271618       5.6245903        5.6245903      -11962.521             -11962.521
              2      -5978.6616       0.4567165      0.10594348         13.296752           10.641831      0.70682477     -0.42366862       5.6245903        5.6245903      -11968.572             -11968.572
              1      -5990.1053       0.4567165       0.1223328         13.284336           10.625556      0.70601099     -0.39721839       5.6245903        5.6245903       -11991.46              -11991.46
              6       -5988.851      0.46419527       0.1223328         13.284336           10.625556      0.70601099     -0.39721839       5.6245903        5.6245903      -11988.951             -11988.951
              2      -5987.9167      0.46419527      0.11420547         13.279276            10.63001      0.70945713     -0.39086837       5.6245903        5.6245903      -11987.083             -11987.083
              5      -5997.7944      0.46419527      0.10047533         13.281794           10.630309      0.71601298     -0.41548435       5.6245903        5.6245903      -12006.838             -12006.838
              1       -5997.771      0.46419527      0.10054246         13.281803           10.630292      0.71601704     -0.41549899       5.6245903        5.6245903      -12006.791             -12006.791
              2      -5997.8673      0.46419527      0.10170188         13.277139           10.629238      0.71298663     -0.42045211       5.6245903        5.6245903      -12006.984             -12006.984
              3        -5998.37      0.46419527      0.10154049         13.277108           10.628982      0.71295478     -0.42007589       5.6245903        5.6245903      -12007.989             -12007.989
              4      -5996.7918      0.46419527      0.11165861         13.282583           10.625618      0.73218826     -0.40911829       5.6245903        5.6245903      -12004.833             -12004.833
              1      -6003.9961      0.46419527      0.11092682         13.289651           10.621732      0.72638297     -0.38658302       5.6245903        5.6245903      -12019.241             -12019.241
              4      -6003.3343      0.46419527      0.11111842          13.28939           10.622076      0.72669442     -0.38596039       5.6245903        5.6245903      -12017.918             -12017.918
              2      -6004.6784      0.46419527      0.10454524         13.291795            10.62466      0.72672442     -0.38566517       5.6245903        5.6245903      -12020.606             -12020.606
              3      -6018.4155      0.46419527      0.13186166         13.305401           10.602228      0.73525862      -0.3945067       5.6245903        5.6245903       -12048.08              -12048.08
              8      -6032.3383      0.46419527       0.1263693         13.309748           10.595486       0.7164644     -0.38885417       5.6245903        5.6245903      -12075.926             -12075.926
              1      -6041.2446      0.46419527      0.11347503         13.300351           10.595186      0.72216662     -0.40874117       5.6245903        5.6245903      -12093.738             -12093.738
              2      -6048.4194      0.46419527      0.10927644         13.295453           10.592179       0.7229169     -0.38939908       5.6245903        5.6245903      -12108.088             -12108.088
              3      -6069.5676      0.46419527      0.10184233         13.284784           10.580079      0.70598023     -0.40671552       5.6245903        5.6245903      -12150.384             -12150.384
             14      -6072.3492      0.44488791      0.10184233         13.284784           10.580079      0.70598023     -0.40671552       5.6245903        5.6245903      -12155.948             -12155.948
              1      -6089.6718      0.44488791       0.1018981          13.29803           10.568933      0.71979522     -0.41709414       5.6245903        5.6245903      -12190.593             -12190.593
              3      -6099.7332      0.44488791      0.11138771         13.292778           10.556809      0.71429199     -0.42107772       5.6245903        5.6245903      -12210.716             -12210.716
              3      -6103.1115      0.44488791      0.10682814         13.290448           10.556605      0.71566978     -0.42477854       5.6245903        5.6245903      -12217.472             -12217.472
              2      -6105.9829      0.44488791      0.10825304         13.294568           10.554088       0.7184076     -0.42971072       5.6245903        5.6245903      -12223.215             -12223.215
              6      -6107.0154      0.44488791      0.10709047         13.294852           10.553981      0.71887186     -0.42784913       5.6245903        5.6245903       -12225.28              -12225.28
              1      -6108.1153      0.44488791      0.10474094         13.293732           10.554332      0.71882119     -0.42848821       5.6245903        5.6245903       -12227.48              -12227.48
             11      -6130.5459      0.44488791      0.10760158         13.288637           10.536644      0.71959514      -0.4423419       5.6245903        5.6245903      -12272.341             -12272.341
              4      -6142.9049      0.44488791      0.11144383         13.292318           10.526077      0.72035811          -0.431       5.6245903        5.6245903      -12297.059             -12297.059
             10      -6148.3738      0.44488791      0.10668742         13.289521           10.524287      0.69623474     -0.42704654       5.6245903        5.6245903      -12307.997             -12307.997
              3      -6157.8119      0.44488791      0.13872862          13.28781           10.501072       0.6927528     -0.37807113       5.6245903        5.6245903      -12326.873             -12326.873
              1      -6161.8095      0.44488791      0.13869821         13.285853           10.498001      0.69165666     -0.38445947       5.6245903        5.6245903      -12334.868             -12334.868
              1      -6168.2806      0.44488791      0.13351325         13.289663           10.496083      0.69037494     -0.38453645       5.6245903        5.6245903       -12347.81              -12347.81
              1       -6170.939      0.44488791      0.13436703         13.291262           10.493783       0.6977453      -0.3871361       5.6245903        5.6245903      -12353.127             -12353.127
              1      -6180.1394      0.44488791      0.14448682         13.297935            10.48199      0.70138409     -0.38962485       5.6245903        5.6245903      -12371.528             -12371.528
              1      -6181.0054      0.44488791      0.14085717         13.302007           10.483453      0.70190876     -0.38537425       5.6245903        5.6245903       -12373.26              -12373.26
              1      -6188.4674      0.44488791      0.13476025         13.301102           10.480987      0.70023634     -0.38289259       5.6245903        5.6245903      -12388.184             -12388.184
              1      -6188.2411      0.44488791      0.13518857         13.300679           10.480926        0.700824     -0.38111252       5.6245903        5.6245903      -12387.731             -12387.731
              4      -6191.7926      0.44488791       0.1301778         13.300163           10.480848      0.70432943     -0.38503712       5.6245903        5.6245903      -12394.834             -12394.834
              3      -6193.3775      0.44488791      0.13202424         13.292597           10.478372      0.70585652     -0.37785526       5.6245903        5.6245903      -12398.004             -12398.004
              3      -6196.4993      0.44488791      0.13025235         13.291861           10.476877      0.70454682     -0.38144961       5.6245903        5.6245903      -12404.248             -12404.248
              9      -6195.6297      0.44488791      0.13055739         13.292187           10.477387      0.70419067     -0.38162871       5.6245903        5.6245903      -12402.509             -12402.509
              4      -6196.9592      0.44488791      0.13016766         13.291277           10.476587        0.707695     -0.37764341       5.6245903        5.6245903      -12405.167             -12405.167
              2      -6200.9879      0.44488791      0.12755343         13.291857           10.474978      0.71334456     -0.37632092       5.6245903        5.6245903      -12413.225             -12413.225
              2      -6216.6537      0.44488791      0.13969779         13.304456           10.457055      0.70935652     -0.39345391       5.6245903        5.6245903      -12444.557             -12444.557
              1      -6220.1527      0.44488791      0.12866218         13.305795           10.460117       0.7039475     -0.41485463       5.6245903        5.6245903      -12451.555             -12451.555
              1      -6228.7859      0.44488791      0.11962787         13.313894           10.458638      0.69978498     -0.40480833       5.6245903        5.6245903      -12468.821             -12468.821
              1      -6236.0082      0.44488791      0.10160622         13.313464           10.462696      0.70875577      -0.4023691       5.6245903        5.6245903      -12483.266             -12483.266
              6      -6237.4264      0.44488791       0.1236457         13.337585           10.450789      0.72855532     -0.43453269       5.6245903        5.6245903      -12486.102             -12486.102
              1      -6248.1976      0.44488791      0.11025748         13.339553           10.449657      0.71470271     -0.41074992       5.6245903        5.6245903      -12507.644             -12507.644
              5       -6249.483      0.43474672      0.11025748         13.339553           10.449657      0.71470271     -0.41074992       5.6245903        5.6245903      -12510.215             -12510.215
              1      -6249.2605      0.43474672      0.10467329         13.341019           10.452731      0.71237302     -0.42686057       5.6245903        5.6245903       -12509.77              -12509.77
              7      -6252.0645      0.43474672      0.10183137         13.343836           10.452197      0.71502728     -0.42679338       5.6245903        5.6245903      -12515.378             -12515.378
              1      -6256.9588      0.43474672      0.10645714         13.345813           10.446117      0.71981055     -0.42263356       5.6245903        5.6245903      -12525.167             -12525.167
              2      -6257.2899      0.43474672      0.10588887         13.345869           10.446171      0.71952191      -0.4204621       5.6245903        5.6245903      -12525.829             -12525.829
              2      -6257.2902      0.43531517      0.10588887         13.345869           10.446171      0.71952191      -0.4204621       5.6245903        5.6245903       -12525.83              -12525.83
              4      -6257.7461      0.43531517      0.10497196         13.347546           10.446364      0.71940365     -0.42095742       5.6245903        5.6245903      -12526.741             -12526.741
              3      -6260.3639      0.43531517      0.11046792         13.353836           10.441848       0.7272536     -0.39158375       5.6245903        5.6245903      -12531.977             -12531.977
              2       -6260.352      0.43531517      0.12869464         13.349632           10.432122       0.7385818     -0.39285908       5.6245903        5.6245903      -12531.953             -12531.953
              1      -6259.0585      0.42423614      0.12869464         13.349632           10.432122       0.7385818     -0.39285908       5.6245903        5.6245903      -12529.366             -12529.366
              1      -6272.4308      0.42423614      0.11226986         13.344878            10.43031      0.74218859      -0.3814666       5.6245903        5.6245903      -12556.111             -12556.111
              1      -6301.4494      0.42423614      0.10902324         13.355094           10.409971       0.7302346     -0.36690531       5.6245903        5.6245903      -12614.148             -12614.148
              2      -6302.0198      0.42423614      0.10968534         13.351249            10.40903      0.72765454     -0.36969944       5.6245903        5.6245903      -12615.289             -12615.289
              2      -6302.7443       0.4310423      0.10968534         13.351249            10.40903      0.72765454     -0.36969944       5.6245903        5.6245903      -12616.738             -12616.738
             11      -6304.1218       0.4310423      0.10374338         13.338208            10.41073      0.72644675     -0.34597636       5.6245903        5.6245903      -12619.493             -12619.493
              2      -6304.0017       0.4310423      0.11113239         13.337823           10.406873      0.72193903     -0.34267721       5.6245903        5.6245903      -12619.253             -12619.253
              5      -6308.1914       0.4310423      0.10740797          13.34143            10.40565      0.72122206     -0.34229283       5.6245903        5.6245903      -12627.632             -12627.632
              5      -6308.9751       0.4310423      0.10643243         13.341955           10.405559      0.72054873     -0.34278408       5.6245903        5.6245903      -12629.199             -12629.199
              1      -6313.6191       0.4310423      0.10115102         13.343934           10.404738      0.72214594      -0.3461747       5.6245903        5.6245903      -12638.487             -12638.487
              3       -6313.629       0.4310423      0.10108969         13.344007           10.404762      0.72184479     -0.34649912       5.6245903        5.6245903      -12638.507             -12638.507
              8      -6312.6313       0.4310423      0.10730757         13.340919           10.402032      0.72370659     -0.37242451       5.6245903        5.6245903      -12636.512             -12636.512
              2      -6319.2641       0.4310423      0.11342439         13.342377           10.393424      0.72718747     -0.39346945       5.6245903        5.6245903      -12649.777             -12649.777
              2      -6326.5709       0.4310423       0.1214502         13.349782           10.383508      0.72094516     -0.37699081       5.6245903        5.6245903      -12664.391             -12664.391
              1      -6326.6425      0.42981339       0.1214502         13.349782           10.383508      0.72094516     -0.37699081       5.6245903        5.6245903      -12664.534             -12664.534
              1      -6332.8768      0.42981339      0.12534863         13.335021           10.375739      0.71932444     -0.40691478       5.6245903        5.6245903      -12677.003             -12677.003
              1      -6351.3974      0.42981339      0.10980271         13.333656           10.368935      0.71435245      -0.3981031       5.6245903        5.6245903      -12714.044             -12714.044
              7      -6353.0095      0.42981339      0.11164929          13.33537           10.366667      0.71511941     -0.39905604       5.6245903        5.6245903      -12717.268             -12717.268
              5      -6355.6594      0.42981339      0.10756929          13.33976           10.366787      0.71016056     -0.40777954       5.6245903        5.6245903      -12722.568             -12722.568
              1      -6366.6495      0.42981339      0.10385422         13.332791           10.359358      0.70833389      -0.4369169       5.6245903        5.6245903      -12744.548             -12744.548
             11      -6368.1017      0.42981339      0.10372165         13.330652           10.358167       0.7094998     -0.43393099       5.6245903        5.6245903      -12747.453             -12747.453
              1      -6370.7384      0.42981339      0.10224662         13.326257           10.356677      0.71448135     -0.42581655       5.6245903        5.6245903      -12752.726             -12752.726
              1      -6369.8646      0.43435284      0.10224662         13.326257           10.356677      0.71448135     -0.42581655       5.6245903        5.6245903      -12750.978             -12750.978
              2      -6369.2316      0.43435284      0.11996163         13.322416           10.347284      0.71139769      -0.4302453       5.6245903        5.6245903      -12749.712             -12749.712
              2       -6371.264      0.43435284      0.11719275         13.321558            10.34708      0.71303678     -0.42693621       5.6245903        5.6245903      -12753.777             -12753.777
              3      -6372.5583      0.43435284      0.12910733         13.323887           10.339556      0.70628054      -0.4030189       5.6245903        5.6245903      -12756.366             -12756.366
              1      -6392.9948      0.43435284       0.1100649         13.337438           10.333031      0.71007923     -0.41742662       5.6245903        5.6245903      -12797.239             -12797.239
              5      -6392.8426      0.43435284      0.11436856         13.332501           10.330592      0.71877626     -0.42809959       5.6245903        5.6245903      -12796.934             -12796.934
              7      -6409.9201      0.43435284      0.13182795         13.350402           10.306544      0.70731533     -0.40718385       5.6245903        5.6245903      -12831.089             -12831.089
              2      -6420.2847      0.43435284      0.12416263         13.340444            10.30133      0.70673831      -0.4270524       5.6245903        5.6245903      -12851.819             -12851.819
              1      -6421.7798      0.43435284      0.12418071         13.344231            10.30011      0.71455765     -0.43428013       5.6245903        5.6245903      -12854.809             -12854.809
              1      -6420.9291      0.43435284        0.136554          13.34928           10.293982      0.70933432     -0.44213472       5.6245903        5.6245903      -12853.107             -12853.107
              1      -6422.1493      0.43435284      0.13374272         13.350307           10.294507      0.70858733     -0.44357542       5.6245903        5.6245903      -12855.548             -12855.548
              2      -6422.8138      0.43435284      0.12388188         13.351064           10.299509      0.70843394      -0.4449337       5.6245903        5.6245903      -12856.877             -12856.877
              2      -6429.8805      0.43435284      0.11863713         13.351154           10.296151      0.70826803     -0.45603885       5.6245903        5.6245903       -12871.01              -12871.01
              4      -6432.6714      0.43435284       0.1158111         13.348759            10.29519      0.70472263      -0.4534082       5.6245903        5.6245903      -12876.592             -12876.592
              2      -6471.0299      0.43435284      0.13221738         13.360343           10.250994      0.64672835     -0.45748475       5.6245903        5.6245903      -12953.309             -12953.309
              2      -6476.5993      0.43435284      0.12476564         13.365692           10.250188       0.6484341     -0.48878758       5.6245903        5.6245903      -12964.448             -12964.448
              2      -6473.2557      0.43435284      0.12388111         13.361948           10.253596      0.62749364     -0.50983742       5.6245903        5.6245903      -12957.761             -12957.761
              3      -6479.8729      0.43435284       0.1134239         13.331114           10.252592      0.63746422     -0.52778712       5.6245903        5.6245903      -12970.995             -12970.995
              1      -6489.1387      0.43435284      0.11950804         13.333426           10.240426      0.63858213     -0.54201618       5.6245903        5.6245903      -12989.527             -12989.527
              2      -6492.3714      0.43435284      0.13156688         13.328978           10.230203       0.6280165      -0.5402974       5.6245903        5.6245903      -12995.992             -12995.992
              2      -6499.8838      0.43435284      0.12640836         13.328677           10.226132      0.63112046     -0.52776301       5.6245903        5.6245903      -13011.017             -13011.017
              1      -6499.5173      0.43435284      0.16238078         13.376006           10.206636      0.63973073     -0.54227964       5.6245903        5.6245903      -13010.284             -13010.284
              1      -6526.0146      0.43435284      0.12799401          13.38063           10.201338      0.63255066     -0.55576013       5.6245903        5.6245903      -13063.278             -13063.278
              1      -6535.7377      0.43435284      0.12123494         13.396561           10.196221      0.62515909     -0.55291177       5.6245903        5.6245903      -13082.725             -13082.725
              2      -6535.9486      0.43435284      0.12055823         13.395859           10.196405      0.62387781     -0.55078758       5.6245903        5.6245903      -13083.146             -13083.146
              3      -6546.3742      0.43435284       0.1201279         13.393962           10.186347      0.62785631      -0.5403495       5.6245903        5.6245903      -13103.997             -13103.997
              3      -6545.8132      0.43435284      0.11782136         13.413683            10.18878      0.62784916     -0.52515261       5.6245903        5.6245903      -13102.876             -13102.876
              1      -6550.1937      0.43435284      0.12857598         13.415795           10.178012      0.64786172     -0.52754776       5.6245903        5.6245903      -13111.637             -13111.637
             11      -6569.1809      0.43435284       0.1010572         13.418401           10.175619       0.6495124     -0.54371881       5.6245903        5.6245903      -13149.611             -13149.611
              4      -6573.5569      0.43435284       0.1007525         13.422693           10.171472      0.64784654     -0.54156438       5.6245903        5.6245903      -13158.363             -13158.363
              1      -6576.9164      0.43435284      0.10885544         13.416645           10.163017      0.64050562     -0.52167162       5.6245903        5.6245903      -13165.082             -13165.082
              5      -6576.8964      0.43435284      0.10470404         13.415637           10.165514      0.63067883     -0.53146645       5.6245903        5.6245903      -13165.042             -13165.042
              1      -6577.9147      0.43435284      0.10720002          13.41027           10.162834      0.61828719     -0.52415018       5.6245903        5.6245903      -13167.079             -13167.079
              4      -6588.4386      0.41349423      0.10720002          13.41027           10.162834      0.61828719     -0.52415018       5.6245903        5.6245903      -13188.126             -13188.126
              1      -6596.0773      0.41349423      0.11398347         13.411221           10.151523       0.6084395     -0.51538798       5.6245903        5.6245903      -13203.404             -13203.404
              2      -6596.4189      0.41349423       0.1114138          13.41742           10.152814      0.60979286     -0.50334134       5.6245903        5.6245903      -13204.087             -13204.087
              3      -6596.4249      0.41349423      0.11144634         13.417455            10.15279      0.60981524     -0.50340525       5.6245903        5.6245903      -13204.099             -13204.099
              3      -6601.3598      0.41349423      0.10952819         13.406424             10.1489      0.61451294     -0.49385027       5.6245903        5.6245903      -13213.969             -13213.969
              1      -6605.4616      0.41349423      0.10430532         13.398487           10.147708      0.60886501     -0.52238495       5.6245903        5.6245903      -13222.172             -13222.172
             12      -6610.2914      0.41349423      0.10264524         13.401095           10.143975      0.61534133     -0.52948753       5.6245903        5.6245903      -13231.832             -13231.832
              2      -6609.5992      0.41349423      0.10276085          13.40355           10.144633      0.61463094     -0.53038246       5.6245903        5.6245903      -13230.447             -13230.447
              2      -6617.2921      0.41349423      0.11442472         13.403619           10.130212      0.59893122     -0.52640277       5.6245903        5.6245903      -13245.833             -13245.833
              2      -6616.8405      0.41349423      0.10844089         13.411035           10.134278      0.59381153     -0.53122359       5.6245903        5.6245903       -13244.93              -13244.93
              1      -6617.2506      0.41349423      0.10842119         13.411293           10.133886      0.59410754     -0.53219374       5.6245903        5.6245903       -13245.75              -13245.75
              2      -6618.1025      0.41349423      0.10594767         13.408778           10.134431      0.59281483     -0.53727345       5.6245903        5.6245903      -13247.454             -13247.454
              8      -6621.0676      0.41349423      0.11202485         13.422367            10.12819      0.58915759     -0.52096413       5.6245903        5.6245903      -13253.384             -13253.384
              2      -6626.4752      0.41349423      0.10199322         13.423428           10.128715      0.58580124     -0.50306265       5.6245903        5.6245903        -13264.2               -13264.2
              4      -6633.0912      0.41349423      0.12027318         13.446021           10.111651      0.56487147     -0.51186699       5.6245903        5.6245903      -13277.432             -13277.432
              2      -6635.0494      0.41349423      0.11800028         13.446416           10.111001       0.5630456      -0.5205223       5.6245903        5.6245903      -13281.348             -13281.348
              1      -6642.3271      0.41349423      0.12318266         13.437154           10.100386      0.56404595      -0.5212302       5.6245903        5.6245903      -13295.903             -13295.903
              1       -6662.516      0.41349423      0.11434143         13.439142           10.084885       0.5631413     -0.52152183       5.6245903        5.6245903      -13336.281             -13336.281
             11      -6665.3042      0.41349423      0.10291066         13.453617           10.089032      0.55281058     -0.53395848       5.6245903        5.6245903      -13341.858             -13341.858
              1      -6672.7141      0.41349423      0.10003535         13.456473           10.083044      0.53517183     -0.55265528       5.6245903        5.6245903      -13356.677             -13356.677
              8      -6672.6099      0.41349423      0.10210145         13.455936           10.081907      0.53427334     -0.54845356       5.6245903        5.6245903      -13356.469             -13356.469
              4      -6674.0843      0.41349423      0.10101896         13.439136           10.080751      0.54160704     -0.55631963       5.6245903        5.6245903      -13359.418             -13359.418
              4      -6673.8187      0.41349423      0.10462136         13.429579           10.078715      0.54934992     -0.55766172       5.6245903        5.6245903      -13358.887             -13358.887
              1      -6678.8211      0.41349423      0.10432939         13.433429           10.073708       0.5528669     -0.55656098       5.6245903        5.6245903      -13368.891             -13368.891
              5      -6678.2843      0.41349423      0.11144197         13.429978           10.069918      0.55624038     -0.56786757       5.6245903        5.6245903      -13367.818             -13367.818
              4      -6678.2827      0.41349423      0.11154871         13.430059           10.069857      0.55615814     -0.56791542       5.6245903        5.6245903      -13367.815             -13367.815
              2       -6679.272      0.38309382      0.11154871         13.430059           10.069857      0.55615814     -0.56791542       5.6245903        5.6245903      -13369.793             -13369.793
              3      -6683.0218      0.38309382      0.10804297         13.431035           10.068181      0.55889334     -0.56995369       5.6245903        5.6245903      -13377.293             -13377.293
              2      -6682.6854      0.38309382      0.10817702         13.430743           10.068429      0.55882529     -0.56973632       5.6245903        5.6245903       -13376.62              -13376.62
              3      -6690.5262      0.38309382      0.11346153         13.426779           10.057831      0.54890663     -0.55835936       5.6245903        5.6245903      -13392.302             -13392.302
              4      -6692.1172      0.38807696      0.11346153         13.426779           10.057831      0.54890663     -0.55835936       5.6245903        5.6245903      -13395.484             -13395.484
              1      -6699.5865      0.38807696      0.11429646         13.425659           10.049921      0.54347009     -0.54999348       5.6245903        5.6245903      -13410.422             -13410.422
              2      -6698.0239      0.38807696      0.11557472         13.428925           10.050818       0.5495215     -0.53451279       5.6245903        5.6245903      -13407.297             -13407.297
              2      -6698.7369       0.3970023      0.11557472         13.428925           10.050818       0.5495215     -0.53451279       5.6245903        5.6245903      -13408.723             -13408.723
              1       -6708.279       0.3970023       0.1139319         13.430404            10.04198      0.55902813     -0.54844225       5.6245903        5.6245903      -13427.807             -13427.807
              1      -6713.1627       0.3970023       0.1145491         13.432883           10.036603      0.55541259     -0.54368588       5.6245903        5.6245903      -13437.575             -13437.575
              4      -6713.3115      0.39332283       0.1145491         13.432883           10.036603      0.55541259     -0.54368588       5.6245903        5.6245903      -13437.872             -13437.872
              1      -6713.9163      0.39332283      0.10984153          13.43661           10.038751      0.55485956     -0.54003693       5.6245903        5.6245903      -13439.082             -13439.082
             11      -6723.3728      0.39332283      0.10053835          13.43491           10.034401      0.56575207      -0.5282445       5.6245903        5.6245903      -13457.995             -13457.995
              8      -6723.1802      0.39722441      0.10053835          13.43491           10.034401      0.56575207      -0.5282445       5.6245903        5.6245903       -13457.61              -13457.61
              4      -6727.6974      0.39722441      0.10127263         13.439409           10.029288      0.56654244     -0.54366166       5.6245903        5.6245903      -13466.644             -13466.644
              5      -6731.8108      0.39722441      0.10416172         13.434005           10.023191        0.562717     -0.54252833       5.6245903        5.6245903      -13474.871             -13474.871
              1      -6731.7482      0.39722441      0.10517775         13.435625           10.022678      0.56411861     -0.54438927       5.6245903        5.6245903      -13474.746             -13474.746
              5      -6750.7932      0.39722441      0.10093397         13.429584           10.004858      0.56369715     -0.54939052       5.6245903        5.6245903      -13512.836             -13512.836
             29      -6763.2185      0.39722441      0.10098529         13.420007           9.9912805       0.5606091     -0.56411624       5.6245903        5.6245903      -13537.686             -13537.686
              4      -6767.3679      0.39722441      0.10881897         13.418099           9.9820502      0.55447502     -0.55342556       5.6245903        5.6245903      -13545.985             -13545.985
              6      -6775.9987      0.39722441      0.12291906         13.430073           9.9642474      0.56288977      -0.5439813       5.6245903        5.6245903      -13563.247             -13563.247
              7      -6775.6254      0.39722441       0.1269991         13.429406           9.9621918      0.56377145     -0.54826713       5.6245903        5.6245903        -13562.5               -13562.5
              1      -6784.8292      0.39722441      0.10666175          13.42588           9.9642037      0.55985579     -0.55929494       5.6245903        5.6245903      -13580.908             -13580.908
              2      -6786.3382        0.387572      0.10666175          13.42588           9.9642037      0.55985579     -0.55929494       5.6245903        5.6245903      -13583.926             -13583.926
              5      -6797.5516        0.387572      0.10343338         13.427158           9.9539364      0.56527272     -0.57016208       5.6245903        5.6245903      -13606.352             -13606.352
              2      -6812.7474        0.387572      0.10064697          13.41116           9.9387023      0.56168179     -0.56460815       5.6245903        5.6245903      -13636.744             -13636.744
              1      -6813.5763        0.387572      0.10897445         13.415684           9.9328435      0.55213868     -0.59726332       5.6245903        5.6245903      -13638.402             -13638.402
              1      -6816.4821        0.387572      0.10490462         13.412309            9.932007      0.55435104      -0.5913716       5.6245903        5.6245903      -13644.213             -13644.213
              8      -6825.1412        0.387572      0.10946977         13.422022            9.919706      0.55941895     -0.58055624       5.6245903        5.6245903      -13661.532             -13661.532
              2      -6828.4276        0.387572      0.10790817         13.421308           9.9169335       0.5583046      -0.5816385       5.6245903        5.6245903      -13668.104             -13668.104
              3      -6828.8584        0.387572      0.11122733         13.425584           9.9144945        0.562594     -0.59039226       5.6245903        5.6245903      -13668.966             -13668.966
              2      -6832.9647        0.387572      0.10697571         13.426061           9.9124072      0.56152978     -0.59721479       5.6245903        5.6245903      -13677.179             -13677.179
              6      -6834.7582        0.387572      0.10402332         13.425813           9.9121519      0.56337947     -0.59628596       5.6245903        5.6245903      -13680.766             -13680.766
              4      -6834.5716      0.38866743      0.10402332         13.425813           9.9121519      0.56337947     -0.59628596       5.6245903        5.6245903      -13680.392             -13680.392
              2      -6839.7331      0.38866743      0.12369479         13.423924           9.8943097      0.55980778     -0.60353843       5.6245903        5.6245903      -13690.715             -13690.715
              1      -6852.9995      0.38866743      0.10613741         13.412951           9.8895472      0.57118929     -0.61528223       5.6245903        5.6245903      -13717.248             -13717.248
              1      -6853.5018      0.38866743       0.1060546         13.411677           9.8890059      0.57130349      -0.6090775       5.6245903        5.6245903      -13718.253             -13718.253
              6      -6856.6036      0.38866743      0.10268797         13.412226           9.8874681      0.56480251     -0.60260574       5.6245903        5.6245903      -13724.456             -13724.456
              5      -6855.9945      0.38866743      0.10369363         13.412389           9.8875629       0.5644914     -0.60273751       5.6245903        5.6245903      -13723.238             -13723.238
              2      -6864.2594      0.38866743      0.10171853         13.425386           9.8792662      0.56581562     -0.58985086       5.6245903        5.6245903      -13739.768             -13739.768
              1       -6864.552      0.38866743      0.10161723         13.425067           9.8789817      0.56553879     -0.58998397       5.6245903        5.6245903      -13740.353             -13740.353
              1      -6865.1909      0.38866743      0.11172694         13.415529           9.8719305      0.58161357     -0.57980876       5.6245903        5.6245903      -13741.631             -13741.631
              7       -6865.771      0.37125593      0.11172694         13.415529           9.8719305      0.58161357     -0.57980876       5.6245903        5.6245903      -13742.791             -13742.791
              3       -6865.217      0.37125593      0.11070549         13.414909           9.8731386      0.58116497     -0.57874843       5.6245903        5.6245903      -13741.683             -13741.683
              3      -6869.8347      0.37125593      0.10511209         13.420355           9.8712953       0.5818243     -0.57209186       5.6245903        5.6245903      -13750.919             -13750.919
              4      -6869.7836      0.37125593      0.10544889         13.420537           9.8711571      0.58163581     -0.57248224       5.6245903        5.6245903      -13750.816             -13750.816
              1      -6869.8065      0.37125593       0.1056234         13.420698           9.8710315      0.58148224     -0.57151259       5.6245903        5.6245903      -13750.862             -13750.862
              1      -6868.7167      0.39018384       0.1056234         13.420698           9.8710315      0.58148224     -0.57151259       5.6245903        5.6245903      -13748.683             -13748.683
              2      -6869.4581      0.39018384      0.10798189         13.438777           9.8688471      0.55938794     -0.59912257       5.6245903        5.6245903      -13750.165             -13750.165
              1      -6871.1753      0.37418945      0.10798189         13.438777           9.8688471      0.55938794     -0.59912257       5.6245903        5.6245903        -13753.6               -13753.6
              5      -6876.0045      0.37418945      0.10048169         13.439965           9.8678044      0.56607192     -0.61955009       5.6245903        5.6245903      -13763.258             -13763.258
              5      -6876.3869      0.37418945       0.1322969         13.445923           9.8486032      0.55664636     -0.64361873       5.6245903        5.6245903      -13764.023             -13764.023
              6      -6884.9245      0.37418945      0.11431864         13.437785           9.8493685       0.5575724     -0.67933537       5.6245903        5.6245903      -13781.098             -13781.098
              1      -6889.2931      0.37418945      0.10723562         13.427263           9.8484581      0.55525171     -0.68123751       5.6245903        5.6245903      -13789.835             -13789.835
              4      -6890.9057      0.37418945      0.10508068         13.429532              9.8479      0.55449843     -0.68367308       5.6245903        5.6245903      -13793.061             -13793.061
              3      -6894.2927      0.37418945      0.10191446         13.428636           9.8458673      0.55548983     -0.68357728       5.6245903        5.6245903      -13799.835             -13799.835
              6      -6896.3994      0.37418945      0.10126823         13.428751           9.8438146      0.55578681     -0.68439202       5.6245903        5.6245903      -13804.048             -13804.048
              3      -6902.0196      0.37418945      0.10167977         13.388409           9.8366517      0.54238789     -0.72378326       5.6245903        5.6245903      -13815.288             -13815.288
              4      -6903.3164      0.37418945      0.10202742          13.38778           9.8349261      0.54443808     -0.72273614       5.6245903        5.6245903      -13817.882             -13817.882
              1      -6904.9219      0.37418945      0.11519916         13.382969           9.8251006       0.5401916     -0.74078917       5.6245903        5.6245903      -13821.093             -13821.093
              1      -6906.8847      0.37418945      0.11000399         13.370375            9.825795      0.54527326     -0.73744652       5.6245903        5.6245903      -13825.019             -13825.019
              8      -6912.8935      0.37418945      0.10405417         13.368922           9.8222926       0.5388404     -0.72656131       5.6245903        5.6245903      -13837.036             -13837.036
              2       -6913.899      0.37418945      0.12789243         13.362529           9.8066819       0.5475846     -0.74967618       5.6245903        5.6245903      -13839.047             -13839.047
              1      -6919.2794      0.37418945      0.11814189          13.35925           9.8061242      0.54840178     -0.75336136       5.6245903        5.6245903      -13849.808             -13849.808
