#        weight    minuslogpost          sigma8        ygk_Ahmc ygk_LOWZ__5_lM1_0 ygk_LOWZ__5_lMmin_0   ygk_mass_bias       ygk_rhogy   minuslogprior minuslogprior__0            chi2 chi2__ygk_like.ygkLike
              1       69.289678       0.8096859       1.0067732         12.997283           12.162624      0.73900674     -0.52139115       5.6245903        5.6245903       127.33018              127.33018
              1       67.392538       0.8096859       1.0211591         13.017496           12.172188      0.74112445     -0.57400972       5.6245903        5.6245903       123.53589              123.53589
              1       67.282767       0.8096859       1.0133455         13.011433           12.159954      0.74586664     -0.59359143       5.6245903        5.6245903       123.31635              123.31635
              2        67.58197       0.8096859      0.99494913         13.015626           12.161204      0.74994665     -0.59061344       5.6245903        5.6245903       123.91476              123.91476
              1       67.918509      0.81953778      0.99494913         13.015626           12.161204      0.74994665     -0.59061344       5.6245903        5.6245903       124.58784              124.58784
              3       67.618068      0.81953778      0.98960663         13.009647           12.160595      0.74873004     -0.59730085       5.6245903        5.6245903       123.98696              123.98696
              1       67.170744      0.81953778       1.0054613         13.012201            12.15946      0.71901561     -0.59706334       5.6245903        5.6245903       123.09231              123.09231
              1       66.962693      0.81953778       1.0054609         13.012644           12.162259      0.71894175     -0.59961442       5.6245903        5.6245903        122.6762               122.6762
              1       67.152981      0.81953778       1.0050451         13.013672           12.160312      0.71991042      -0.5973892       5.6245903        5.6245903       123.05678              123.05678
              2       67.176253      0.81953778       1.0029517         13.013462           12.160907      0.72044075     -0.59623489       5.6245903        5.6245903       123.10333              123.10333
              1        67.24915      0.81953778        1.017635         13.024579           12.170333      0.72187596     -0.58356471       5.6245903        5.6245903       123.24912              123.24912
              1        66.22954      0.81953778       1.0058981         13.037076           12.172441      0.73632915     -0.62664754       5.6245903        5.6245903        121.2099               121.2099
              1       66.090685      0.81953778       1.0170779         13.031605           12.173043       0.7439785     -0.62565881       5.6245903        5.6245903       120.93219              120.93219
              2       65.475155      0.81953778       1.0503612         13.037887           12.165594      0.74850265     -0.66394917       5.6245903        5.6245903       119.70113              119.70113
              1       66.635215      0.81953778       1.0321798         13.049312           12.158806      0.74628066      -0.6680232       5.6245903        5.6245903       122.02125              122.02125
              1       65.466128      0.81953778       1.0280401         13.062446           12.180265      0.75926732     -0.67356413       5.6245903        5.6245903       119.68308              119.68308
              3       64.306698      0.81953778       1.0418934         13.069207           12.188618      0.73981546      -0.6727786       5.6245903        5.6245903       117.36422              117.36422
              1       64.375022      0.81953778       1.0394997         13.067775           12.187864      0.73908655     -0.67142283       5.6245903        5.6245903       117.50086              117.50086
              1       65.795724      0.81953778       1.0268069         13.079592           12.186327       0.7364068      -0.6530711       5.6245903        5.6245903       120.34227              120.34227
              1       65.564344      0.81953778       1.0215197         13.079974           12.188518      0.73573227     -0.65737064       5.6245903        5.6245903       119.87951              119.87951
              1       65.463002      0.81953778       1.0208623         13.078835           12.191239      0.73784589     -0.65274601       5.6245903        5.6245903       119.67682              119.67682
              1       66.040796      0.81953778       1.0114429         13.079661           12.185855      0.74721135     -0.65772112       5.6245903        5.6245903       120.83241              120.83241
              2       65.712372      0.81953778       1.0149728         13.071552           12.180689      0.75331509     -0.67524011       5.6245903        5.6245903       120.17556              120.17556
              1         65.5783      0.81953778       0.9782019         13.069829           12.184407      0.75393066     -0.68298776       5.6245903        5.6245903       119.90742              119.90742
              1       65.266576      0.81953778      0.97797494         13.065475           12.179979      0.73832184     -0.69150092       5.6245903        5.6245903       119.28397              119.28397
              1       65.271038      0.81953778      0.97779433         13.064506           12.179999      0.73834599     -0.68973447       5.6245903        5.6245903        119.2929               119.2929
              1       63.810255      0.81953778      0.98452473         13.061029           12.191381      0.73707189      -0.6971411       5.6245903        5.6245903       116.37133              116.37133
              1       64.845014      0.81953778      0.94695786         13.068542           12.193328      0.73346045     -0.69957033       5.6245903        5.6245903       118.44085              118.44085
              2       65.473672      0.81953778      0.95414494         13.078007            12.19393       0.7325035     -0.68600006       5.6245903        5.6245903       119.69816              119.69816
              1       65.480128      0.81953778      0.95417596         13.078104           12.193766      0.73257619     -0.68623755       5.6245903        5.6245903       119.71108              119.71108
              1       66.139928      0.81953778      0.96565365         13.078932           12.187599      0.70372228     -0.70167052       5.6245903        5.6245903       121.03068              121.03068
              3       65.286165      0.81953778      0.97010535         13.082092           12.194399      0.70443089     -0.71385009       5.6245903        5.6245903       119.32315              119.32315
              1       65.338428      0.81953778      0.97615743         13.080161           12.190733       0.7052088     -0.71173998       5.6245903        5.6245903       119.42768              119.42768
              1        65.36494      0.81953778        0.974602         13.081163            12.18979      0.70744373     -0.71346378       5.6245903        5.6245903        119.4807               119.4807
              2       64.924661      0.81953778      0.98498835         13.084078           12.194117      0.71090025     -0.70760346       5.6245903        5.6245903       118.60014              118.60014
              1       64.276157      0.81953778      0.99536778         13.083178           12.195459      0.71196259     -0.71368521       5.6245903        5.6245903       117.30313              117.30313
              1       64.594245      0.81953778       1.0132757         13.083679           12.199396      0.71627711     -0.67692895       5.6245903        5.6245903       117.93931              117.93931
              1       64.996072      0.81953778        1.020076         13.091175           12.205282      0.70034746     -0.67569381       5.6245903        5.6245903       118.74296              118.74296
              1       63.678806      0.81953778      0.99981018          13.11145           12.232237      0.71747523     -0.68651766       5.6245903        5.6245903       116.10843              116.10843
              1       63.558244      0.82149655      0.99981018          13.11145           12.232237      0.71747523     -0.68651766       5.6245903        5.6245903       115.86731              115.86731
              2       62.779613      0.82149655      0.98988612         13.094856           12.245532      0.71355663     -0.68463382       5.6245903        5.6245903       114.31004              114.31004
              1       62.704059      0.82149655      0.99020131         13.095235           12.245761      0.71425793     -0.68551102       5.6245903        5.6245903       114.15894              114.15894
              2       62.095151      0.82149655      0.99935984         13.096339           12.249025      0.70970476     -0.69145942       5.6245903        5.6245903       112.94112              112.94112
              1       62.657565      0.82149655      0.99089158         13.101101           12.249916        0.707522     -0.69232404       5.6245903        5.6245903       114.06595              114.06595
              1       62.130185      0.82149655      0.98397538         13.097313           12.245663      0.70603347     -0.71056288       5.6245903        5.6245903       113.01119              113.01119
              1        62.34102      0.82149655      0.98026478         13.096835           12.245101      0.70566801     -0.71010988       5.6245903        5.6245903       113.43286              113.43286
              1       62.435048      0.82149655      0.98477883         13.093734           12.240101      0.70792527     -0.70372886       5.6245903        5.6245903       113.62091              113.62091
              2       61.746046      0.84342394      0.98477883         13.093734           12.240101      0.70792527     -0.70372886       5.6245903        5.6245903       112.24291              112.24291
              1       60.373573      0.84342394       0.9816629         13.084689           12.241657      0.71771544     -0.72808429       5.6245903        5.6245903       109.49796              109.49796
              1       59.837052      0.84342394       0.9838781         13.087027           12.235996      0.71455155     -0.73837484       5.6245903        5.6245903       108.42492              108.42492
              3       60.749524      0.84342394      0.97212369         13.091702           12.223663      0.70871238     -0.74319551       5.6245903        5.6245903       110.24987              110.24987
              1       59.194344      0.84342394      0.95721165         13.088524           12.229624      0.70643792     -0.76915385       5.6245903        5.6245903       107.13951              107.13951
              1       59.288552      0.84342394      0.95689104         13.090167           12.229012      0.70968673     -0.77147517       5.6245903        5.6245903       107.32792              107.32792
              2       58.828952      0.84342394      0.96409412          13.09495            12.23074      0.70706221     -0.77544825       5.6245903        5.6245903       106.40872              106.40872
              1       57.696896      0.84342394       0.9655525         13.088088           12.232952      0.70660555     -0.78399362       5.6245903        5.6245903       104.14461              104.14461
              1       57.394767      0.84342394      0.97635338         13.087881           12.231389      0.70258374     -0.78224304       5.6245903        5.6245903       103.54035              103.54035
              2        57.40201      0.84342394      0.95882023         13.092857           12.248873       0.6840962     -0.77916499       5.6245903        5.6245903       103.55484              103.55484
              1       55.605313      0.84342394      0.97481705         13.098787           12.257925      0.69011768     -0.78739521       5.6245903        5.6245903       99.961445              99.961445
              1       56.452465      0.84342394      0.96183233         13.098599            12.25218        0.687385     -0.79178161       5.6245903        5.6245903       101.65575              101.65575
              2       56.551539      0.84342394      0.97238359         13.111566           12.247219      0.68794627     -0.80064422       5.6245903        5.6245903        101.8539               101.8539
              2       54.790392      0.84342394      0.99942509         13.104138           12.245728      0.66498986     -0.81440437       5.6245903        5.6245903       98.331603              98.331603
              2       56.326054      0.84342394       1.0080031         13.102416           12.236756       0.6656015       -0.794022       5.6245903        5.6245903       101.40293              101.40293
              1       57.283481      0.84342394       1.0111962          13.11316           12.237629      0.66284555     -0.78911443       5.6245903        5.6245903       103.31778              103.31778
              2       55.590619      0.84342394      0.99095276         13.117892           12.247719      0.66215355     -0.82611324       5.6245903        5.6245903       99.932057              99.932057
              2        57.16311      0.84342394      0.97078012         13.118252           12.249033      0.66371335     -0.81357443       5.6245903        5.6245903       103.07704              103.07704
              1       56.955331      0.84342394      0.96430241         13.117639           12.249177      0.66256113     -0.82410294       5.6245903        5.6245903       102.66148              102.66148
              2       54.524227      0.84342394      0.99744044         13.101332            12.24642      0.64825397     -0.83458105       5.6245903        5.6245903       97.799274              97.799274
              3       54.082119      0.84342394      0.99852714         13.100387            12.24722      0.65002173     -0.83575976       5.6245903        5.6245903       96.915057              96.915057
              4       53.566424      0.84342394      0.99920562         13.091143           12.242579      0.65732332     -0.83087401       5.6245903        5.6245903       95.883668              95.883668
              3       53.257758      0.84342394       1.0043152         13.091552           12.241577      0.65753583     -0.83356021       5.6245903        5.6245903       95.266336              95.266336
              2       50.715992      0.84342394       1.0000649         13.078495           12.247625      0.66429929     -0.84284832       5.6245903        5.6245903       90.182803              90.182803
              1        51.14093      0.84342394      0.99686531         13.079813            12.25688      0.66307959     -0.82824579       5.6245903        5.6245903        91.03268               91.03268
              1       54.419202      0.84342394      0.97091002         13.075678           12.248333      0.66486557     -0.81017543       5.6245903        5.6245903       97.589224              97.589224
              1        54.41489      0.84342394       0.9714384         13.075469           12.248233      0.66477576     -0.80976126       5.6245903        5.6245903         97.5806                97.5806
              2       54.400678      0.84342394      0.98296244         13.080206           12.240503       0.6598878     -0.81932592       5.6245903        5.6245903       97.552175              97.552175
              3         53.7098      0.84342394      0.99880945         13.081601           12.242683      0.66338211     -0.81165965       5.6245903        5.6245903       96.170419              96.170419
              2       51.853966      0.84342394       1.0061745         13.086301           12.261865      0.64815194     -0.82435485       5.6245903        5.6245903       92.458752              92.458752
              3       52.460798      0.84342394       1.0099623         13.085826            12.25895      0.64646611     -0.81788426       5.6245903        5.6245903       93.672415              93.672415
              1       52.235679      0.84342394       1.0081283         13.080954            12.26036      0.64758062     -0.81453682       5.6245903        5.6245903       93.222178              93.222178
              1       51.926924      0.84342394       1.0135758         13.079694           12.267765      0.63637128     -0.81643404       5.6245903        5.6245903       92.604667              92.604667
              1       51.981672      0.84342394       1.0118986         13.079034           12.268978      0.63786379     -0.81341785       5.6245903        5.6245903       92.714164              92.714164
              3       51.410887      0.84342394       1.0105334         13.074097            12.27173      0.63517224     -0.81760145       5.6245903        5.6245903       91.572593              91.572593
              1       51.840414      0.84342394       1.0091772         13.075018           12.272442      0.63359284      -0.8155686       5.6245903        5.6245903       92.431647              92.431647
              2       51.716797      0.84342394       1.0214504         13.072598            12.27159       0.6320808     -0.80649909       5.6245903        5.6245903       92.184413              92.184413
              4       47.702495      0.84342394       1.0314795         13.056245           12.271118      0.62696114     -0.83727919       5.6245903        5.6245903        84.15581               84.15581
              1       45.757614      0.84342394       1.0386506         13.054554           12.282078      0.63049074     -0.83436871       5.6245903        5.6245903       80.266048              80.266048
              2       46.371508      0.84342394       1.0504324         13.051754            12.27905       0.6330225      -0.8169706       5.6245903        5.6245903       81.493836              81.493836
              4       48.269249      0.84342394       1.0262349         13.041026           12.263809      0.63673784     -0.82026548       5.6245903        5.6245903       85.289317              85.289317
              1       48.464372      0.84342394       1.0283619         13.039608           12.263547      0.63548932     -0.81680334       5.6245903        5.6245903       85.679563              85.679563
              1       49.511935      0.84342394       1.0222226         13.041312           12.264092      0.63364734      -0.8127336       5.6245903        5.6245903        87.77469               87.77469
              2       48.598771      0.84342394       1.0362567         13.047992           12.273828      0.63500854     -0.80550423       5.6245903        5.6245903       85.948362              85.948362
              3       47.069372      0.84342394       1.0314183         13.041789           12.283252       0.6285797     -0.81910838       5.6245903        5.6245903       82.889564              82.889564
              1       47.212511      0.84342394       1.0343664         13.040839           12.278653      0.62925575     -0.81783471       5.6245903        5.6245903       83.175842              83.175842
              1       47.082427      0.84342394       1.0366671          13.04062           12.279268      0.62978661     -0.81606665       5.6245903        5.6245903       82.915674              82.915674
              3       49.429977      0.84342394       1.0301845         13.055206           12.276872      0.63517838     -0.80355744       5.6245903        5.6245903       87.610773              87.610773
              3       47.261864      0.84342394       1.0294162         13.063573            12.28633      0.64071569     -0.81933046       5.6245903        5.6245903       83.274547              83.274547
              4       44.404815      0.84342394       1.0409646         13.057868           12.283746      0.64236977     -0.83587176       5.6245903        5.6245903        77.56045               77.56045
              1       44.435942      0.84342394       1.0453354         13.052281           12.284624      0.64135309     -0.82804352       5.6245903        5.6245903       77.622704              77.622704
              1       44.458879      0.84342394       1.0596763         13.055209           12.278236      0.64566959     -0.82258023       5.6245903        5.6245903       77.668578              77.668578
              4       44.368253      0.84342394       1.0480226         13.053151           12.283807      0.66277027     -0.81556512       5.6245903        5.6245903       77.487326              77.487326
              1       43.789767      0.87279766       1.0480226         13.053151           12.283807      0.66277027     -0.81556512       5.6245903        5.6245903       76.330353              76.330353
              1       43.396916      0.87279766       1.0558383         13.054132           12.284822       0.6640837     -0.81566427       5.6245903        5.6245903       75.544652              75.544652
              2       43.020353      0.87279766       1.0543464         13.056497           12.282676      0.66607061     -0.82229325       5.6245903        5.6245903       74.791526              74.791526
              1       41.723593      0.87279766        1.062249         13.053969           12.277246       0.6602978     -0.82757089       5.6245903        5.6245903       72.198006              72.198006
              1        42.30294      0.87715006        1.062249         13.053969           12.277246       0.6602978     -0.82757089       5.6245903        5.6245903       73.356699              73.356699
              2       41.254947      0.87715006       1.0734119          13.05444           12.274776      0.65952044     -0.83226343       5.6245903        5.6245903       71.260713              71.260713
              1       39.312436      0.87715006       1.0871883         13.052353           12.288511       0.6597982     -0.82942846       5.6245903        5.6245903       67.375692              67.375692
              3       39.221822      0.87715006       1.0870047         13.052606           12.288609       0.6587313     -0.82926177       5.6245903        5.6245903       67.194464              67.194464
              1       38.079843      0.86590464       1.0870047         13.052606           12.288609       0.6587313     -0.82926177       5.6245903        5.6245903       64.910506              64.910506
              1        35.47553      0.86590464       1.0890425         13.055215           12.298953      0.65319115      -0.8370302       5.6245903        5.6245903        59.70188               59.70188
              1       40.248201      0.86590464       1.0571428         13.066726           12.295569      0.64507663     -0.82481228       5.6245903        5.6245903       69.247222              69.247222
              1       41.119694      0.86590464       1.0583824         13.072014           12.299217      0.65224881     -0.81841136       5.6245903        5.6245903       70.990207              70.990207
              2       42.058599      0.86590464       1.0754513         13.075797           12.297046      0.64681912     -0.80493037       5.6245903        5.6245903       72.868017              72.868017
              1       41.408775      0.86590464       1.0769705          13.04895            12.29121      0.65272995     -0.80508845       5.6245903        5.6245903        71.56837               71.56837
              1       42.599218      0.86590464       1.0792098         13.050485           12.285658      0.65410647     -0.80012239       5.6245903        5.6245903       73.949256              73.949256
              1       41.074747      0.86590464       1.0987796         13.048449           12.284186      0.64215391     -0.79976183       5.6245903        5.6245903       70.900313              70.900313
              1       38.242726      0.86590464       1.1149416         13.050077           12.284161      0.64837239     -0.81606783       5.6245903        5.6245903       65.236272              65.236272
              1        39.34572      0.86590464       1.1237643         13.049873           12.288796      0.65154915     -0.80258676       5.6245903        5.6245903       67.442259              67.442259
              3       38.766814      0.86590464       1.1304124         13.048833           12.293048      0.64363457      -0.7980003       5.6245903        5.6245903       66.284448              66.284448
              1       37.675527      0.86590464       1.1350998         13.043947           12.292745      0.64440978     -0.80275185       5.6245903        5.6245903       64.101874              64.101874
              3       35.432506      0.86590464       1.1195792         13.043671           12.294669      0.63964514     -0.82052955       5.6245903        5.6245903       59.615832              59.615832
              1       36.610714      0.86590464       1.1162311         13.042622           12.292722      0.63933308     -0.81506859       5.6245903        5.6245903       61.972248              61.972248
              2       36.592837      0.86590464       1.1164192         13.042442           12.292733      0.63940142     -0.81505933       5.6245903        5.6245903       61.936494              61.936494
              2       36.304265      0.86590464       1.1235929         13.041342           12.293933      0.63124557     -0.81165879       5.6245903        5.6245903       61.359349              61.359349
              6       35.839238      0.86590464       1.1223497         13.037801           12.291069      0.63508897      -0.8167367       5.6245903        5.6245903       60.429295              60.429295
              3       32.100984      0.86590464       1.1444229          13.04139           12.304677      0.63669723     -0.82351552       5.6245903        5.6245903       52.952787              52.952787
              1       31.839635      0.86590464       1.1435096         13.040229           12.305307      0.63602886     -0.82451913       5.6245903        5.6245903        52.43009               52.43009
              3       30.389751      0.86590464        1.141435         13.035069            12.30442      0.64940594     -0.83663074       5.6245903        5.6245903       49.530322              49.530322
              1       23.320317      0.86590464       1.1213737          13.02485           12.311137      0.65116761     -0.87583817       5.6245903        5.6245903       35.391453              35.391453
              1        23.38991      0.86387968       1.1213737          13.02485           12.311137      0.65116761     -0.87583817       5.6245903        5.6245903       35.530638              35.530638
              1       22.937051      0.86387968       1.1244035         13.023266           12.313762       0.6493601     -0.87426263       5.6245903        5.6245903       34.624922              34.624922
              5       18.921727      0.86387968       1.1360871         13.036371           12.315003      0.64011217     -0.89471537       5.6245903        5.6245903       26.594273              26.594273
              2       18.499422      0.86387968       1.1343473         13.038205           12.316336      0.63886752     -0.89737103       5.6245903        5.6245903       25.749663              25.749663
              1       14.226238      0.86387968       1.1292654         13.023301             12.3154      0.62882669     -0.91827381       5.6245903        5.6245903       17.203295              17.203295
              2       15.954077      0.86387968        1.123128         13.025238           12.313868      0.62094879     -0.91579874       5.6245903        5.6245903       20.658974              20.658974
              1       15.202818      0.86387968       1.1240896         13.023892           12.313761       0.6201786     -0.91927005       5.6245903        5.6245903       19.156456              19.156456
              1       15.575905      0.86244888       1.1240896         13.023892           12.313761       0.6201786     -0.91927005       5.6245903        5.6245903        19.90263               19.90263
              1       15.622176      0.86244888       1.1242807         13.023798           12.313591      0.62016938     -0.91904258       5.6245903        5.6245903       19.995172              19.995172
              1       12.114653      0.86244888       1.1723226         13.040354           12.315928      0.61387345     -0.92610991       5.6245903        5.6245903       12.980126              12.980126
              1       12.347757      0.86244888        1.172166         13.039865           12.315761      0.61415581     -0.92457197       5.6245903        5.6245903       13.446334              13.446334
              1       12.176576      0.86244888       1.1600627         13.044988           12.317483      0.62735789     -0.92823301       5.6245903        5.6245903       13.103971              13.103971
              2       9.6792775      0.87538967       1.1600627         13.044988           12.317483      0.62735789     -0.92823301       5.6245903        5.6245903       8.1093744              8.1093744
              1       8.9944207      0.87538967       1.1366592         13.036769           12.313419      0.62482971     -0.94098279       5.6245903        5.6245903       6.7396608              6.7396608
              1       4.8055188      0.87538967       1.1636004         13.027765           12.302839      0.63446527     -0.96137192       5.6245903        5.6245903      -1.6381429             -1.6381429
              8       4.2737588      0.87936041       1.1636004         13.027765           12.302839      0.63446527     -0.96137192       5.6245903        5.6245903      -2.7016629             -2.7016629
              1       4.7540668      0.87936041       1.1539074         13.026743           12.308803      0.63256194     -0.95378697       5.6245903        5.6245903       -1.741047              -1.741047
              1       3.5787649      0.87936041       1.1352038         13.029977           12.303101      0.61509991     -0.97553598       5.6245903        5.6245903      -4.0916508             -4.0916508
              1       3.7344254      0.87936041       1.1358923         13.028459           12.302495      0.61442909     -0.97424142       5.6245903        5.6245903      -3.7803298             -3.7803298
              1       3.3079851      0.87936041       1.1211052         13.023367           12.300052      0.62064616     -0.98195771       5.6245903        5.6245903      -4.6332104             -4.6332104
              4       3.1873956      0.87936041       1.1212168         13.019121           12.292852      0.61723338     -0.99012772       5.6245903        5.6245903      -4.8743894             -4.8743894
              1       3.5253772      0.87936041       1.1146756         13.015379            12.29379      0.61789669     -0.98685093       5.6245903        5.6245903      -4.1984261             -4.1984261
              1       3.4381625      0.87936041       1.1176563         13.014447           12.292307      0.62232778      -0.9870512       5.6245903        5.6245903      -4.3728555             -4.3728555
             10       3.4446624      0.87936041       1.1178091         13.017514           12.293736      0.62202163     -0.98720089       5.6245903        5.6245903      -4.3598558             -4.3598558
              2     0.087930339      0.87936041       1.1793339         12.989157           12.297569      0.63943588     -0.96531048       5.6245903        5.6245903       -11.07332              -11.07332
              1     0.020456163      0.87936041       1.1752023         12.987409           12.296415      0.63969564      -0.9671804       5.6245903        5.6245903      -11.208268             -11.208268
              1      0.11174223      0.89232171       1.1752023         12.987409           12.296415      0.63969564      -0.9671804       5.6245903        5.6245903      -11.025696             -11.025696
              6      -3.0702517      0.89232171       1.1709867         12.984259           12.301144       0.6232592     -0.96689998       5.6245903        5.6245903      -17.389684             -17.389684
              5      -3.0839512      0.89232171        1.171259         12.984669           12.301341      0.62343978     -0.96691943       5.6245903        5.6245903      -17.417083             -17.417083
              1      -3.3200056      0.89232171       1.1700593         12.984902            12.30209      0.62559073      -0.9683461       5.6245903        5.6245903      -17.889192             -17.889192
              1      -2.9537119      0.89232171       1.1532019         12.984407           12.300046      0.62350171     -0.97138793       5.6245903        5.6245903      -17.156604             -17.156604
              1      -1.0310623      0.89232171       1.1559682         12.985327           12.291549      0.62652033     -0.97276767       5.6245903        5.6245903      -13.311305             -13.311305
              1      -5.5209881      0.89232171       1.1599638         12.985624           12.291762       0.6242199     -0.98935866       5.6245903        5.6245903      -22.291157             -22.291157
              2      -5.7050917      0.90550962       1.1599638         12.985624           12.291762       0.6242199     -0.98935866       5.6245903        5.6245903      -22.659364             -22.659364
              3      -9.2654782      0.90550962       1.1698268         12.994595           12.298179      0.61661568      -0.9933874       5.6245903        5.6245903      -29.780137             -29.780137
              1      -9.6548656      0.90550962       1.1629761         12.992251           12.304481       0.6163544     -0.98891568       5.6245903        5.6245903      -30.558912             -30.558912
             11      -9.6221333      0.90550962       1.1628829         12.992378           12.304507      0.61649493     -0.98890631       5.6245903        5.6245903      -30.493447             -30.493447
              1      -10.313361      0.90550962       1.1603888         12.989903            12.30751       0.6182881     -0.98915475       5.6245903        5.6245903      -31.875902             -31.875902
              6      -11.146443      0.90550962       1.1628574         12.989464           12.308114      0.61748282     -0.99050256       5.6245903        5.6245903      -33.542066             -33.542066
              1      -11.501309      0.90550962       1.1650936         12.992387            12.30474      0.61459467     -0.99400952       5.6245903        5.6245903      -34.251799             -34.251799
              1      -10.761961      0.90550962       1.1678913         12.989099           12.312134      0.60908111     -0.98078773       5.6245903        5.6245903      -32.773103             -32.773103
              2      -11.557952      0.90550962       1.1851694         12.993415           12.311635      0.60755818     -0.98157305       5.6245903        5.6245903      -34.365084             -34.365084
              1      -13.184595      0.90550962       1.1928695         12.989318           12.317081      0.61640691     -0.98470112       5.6245903        5.6245903       -37.61837              -37.61837
              2      -14.009571      0.90550962       1.1938319          12.98793           12.316712       0.6155956      -0.9868129       5.6245903        5.6245903      -39.268322             -39.268322
              1      -13.916925      0.90550962       1.1940262          12.98794           12.316679       0.6152813     -0.98635513       5.6245903        5.6245903      -39.083031             -39.083031
              2      -13.385223      0.90550962       1.1949957         12.982779           12.318892      0.61643105     -0.98255056       5.6245903        5.6245903      -38.019626             -38.019626
              1      -15.659723      0.90550962       1.1789171         12.979543           12.318462      0.61151922     -0.98907073       5.6245903        5.6245903      -42.568626             -42.568626
              1      -14.334194      0.90550962       1.1767151         12.979762           12.317582      0.61231114     -0.98622998       5.6245903        5.6245903      -39.917568             -39.917568
              2       -14.32534      0.90550962       1.1735794         12.981921            12.32196      0.61229307     -0.98388279       5.6245903        5.6245903      -39.899861             -39.899861
              1      -15.244506      0.90550962       1.1601864          12.99494           12.322303      0.59905455     -0.98705513       5.6245903        5.6245903      -41.738192             -41.738192
              1      -20.652044      0.90550962       1.1491664         12.998105           12.355077      0.60572297     -0.98569287       5.6245903        5.6245903      -52.553269             -52.553269
              1      -20.955137      0.90550962       1.1512136         12.999095           12.355059      0.60622557      -0.9864756       5.6245903        5.6245903      -53.159454             -53.159454
              8      -19.946695      0.90550962       1.1378817         13.001929           12.352419      0.61255689     -0.99050388       5.6245903        5.6245903      -51.142571             -51.142571
              1      -19.667948      0.90550962       1.1387204         13.000583           12.351543      0.61202731     -0.98963153       5.6245903        5.6245903      -50.585077             -50.585077
              2      -18.579048      0.90550962        1.148219          13.00948           12.347368      0.60182984     -0.98540451       5.6245903        5.6245903      -48.407277             -48.407277
              2      -20.108078      0.90550962       1.1584403         13.008546           12.351393      0.60180098     -0.98488927       5.6245903        5.6245903      -51.465336             -51.465336
              4       -22.57104      0.90550962       1.1710528         13.010574           12.344313      0.60807699     -0.99770909       5.6245903        5.6245903       -56.39126              -56.39126
              2      -22.685176      0.90756602       1.1710528         13.010574           12.344313      0.60807699     -0.99770909       5.6245903        5.6245903      -56.619532             -56.619532
              1      -23.541637      0.90756602       1.1637441         13.010775           12.353605      0.60848884     -0.99501978       5.6245903        5.6245903      -58.332454             -58.332454
              2      -22.570378      0.90756602       1.1653674         13.010579            12.35391      0.61047425     -0.99240306       5.6245903        5.6245903      -56.389937             -56.389937
              7      -28.505314      0.90756602       1.1886402         13.008907           12.363706      0.60561014     -0.99715274       5.6245903        5.6245903      -68.259808             -68.259808
              1      -27.621747      0.90756602       1.1696346          13.01412           12.361358      0.60071278     -0.99855032       5.6245903        5.6245903      -66.492674             -66.492674
              3      -27.272492      0.90756602       1.1658944         13.014149           12.362429      0.60385452      -0.9984918       5.6245903        5.6245903      -65.794165             -65.794165
              4      -29.083784      0.90756602       1.1744323         13.009682           12.367408      0.59935995     -0.99683985       5.6245903        5.6245903      -69.416749             -69.416749
              1      -28.733861      0.90756602       1.1518468          13.00102           12.371041      0.60119617     -0.99760839       5.6245903        5.6245903      -68.716903             -68.716903
              3      -27.217085      0.90756602       1.1658511         12.998657           12.358936       0.5864981     -0.99382772       5.6245903        5.6245903       -65.68335              -65.68335
              7       -27.25687      0.90782986       1.1658511         12.998657           12.358936       0.5864981     -0.99382772       5.6245903        5.6245903       -65.76292              -65.76292
             10      -27.875278      0.91279329       1.1658511         12.998657           12.358936       0.5864981     -0.99382772       5.6245903        5.6245903      -66.999736             -66.999736
              3      -27.650461      0.91279329       1.1653292         12.998418           12.359177      0.58652679     -0.99313261       5.6245903        5.6245903      -66.550103             -66.550103
              5      -30.220067      0.91279329       1.1669558         12.995458           12.361274      0.59044693     -0.99953276       5.6245903        5.6245903      -71.689315             -71.689315
              5      -30.052126      0.91099174       1.1669558         12.995458           12.361274      0.59044693     -0.99953276       5.6245903        5.6245903      -71.353433             -71.353433
             12      -29.861588      0.91099174       1.1743404         13.000001           12.365483      0.59062651     -0.99590385       5.6245903        5.6245903      -70.972357             -70.972357
              3      -30.137899      0.91099174       1.1742221         12.998565           12.365476      0.59010543     -0.99642653       5.6245903        5.6245903      -71.524979             -71.524979
              1      -31.004238      0.91099174       1.1737569         12.999016           12.365679      0.59044276     -0.99886938       5.6245903        5.6245903      -73.257657             -73.257657
              3      -30.383689      0.91099174       1.1648573         13.001387           12.363801      0.58537103     -0.99885095       5.6245903        5.6245903      -72.016558             -72.016558
             12      -31.256913      0.92783669       1.1648573         13.001387           12.363801      0.58537103     -0.99885095       5.6245903        5.6245903      -73.763007             -73.763007
             19       -32.42444      0.92783669       1.1670687         13.003905           12.355812      0.56989026      -0.9999159       5.6245903        5.6245903      -76.098061             -76.098061
              5      -32.425052      0.92784391       1.1670687         13.003905           12.355812      0.56989026      -0.9999159       5.6245903        5.6245903      -76.099285             -76.099285
              4      -31.979712      0.92784391       1.1665189         13.006636           12.357556      0.57323123     -0.99927095       5.6245903        5.6245903      -75.208605             -75.208605
              1      -31.677348      0.92784391       1.1661476         13.006503            12.35769      0.57314113     -0.99840811       5.6245903        5.6245903      -74.603876             -74.603876
              2      -32.471982      0.92784391       1.1825883         13.011672           12.360967      0.56406918     -0.99397776       5.6245903        5.6245903      -76.193145             -76.193145
              2      -34.661109      0.92784391       1.1830215         13.012594           12.368245      0.56711359     -0.99648843       5.6245903        5.6245903      -80.571398             -80.571398
              2       -34.67437      0.92784391       1.1719431         13.012381           12.368827      0.57031892     -0.99869531       5.6245903        5.6245903      -80.597921             -80.597921
             10      -35.149357      0.92784391       1.1711136           13.0129           12.370001      0.56935055     -0.99912059       5.6245903        5.6245903      -81.547895             -81.547895
              5      -33.752761      0.95171568       1.1711136           13.0129           12.370001      0.56935055     -0.99912059       5.6245903        5.6245903      -78.754702             -78.754702
              5      -33.711471      0.95171568       1.1664378         13.013702           12.374447      0.56574134     -0.99535033       5.6245903        5.6245903      -78.672122             -78.672122
              7      -37.827612      0.95171568       1.1962004         13.007483           12.377981      0.55848702     -0.99759488       5.6245903        5.6245903      -86.904404             -86.904404
              1      -37.400412      0.95171568       1.1959675         13.016367           12.385684      0.55439297      -0.9914103       5.6245903        5.6245903      -86.050004             -86.050004
             11      -38.339058      0.95171568       1.2239971         13.022132            12.38314      0.55985195     -0.99635053       5.6245903        5.6245903      -87.927297             -87.927297
              5      -41.870137      0.95171568       1.2291619         13.020791           12.392644       0.5564882     -0.99902901       5.6245903        5.6245903      -94.989455             -94.989455
              1      -42.693343      0.94731485       1.2291619         13.020791           12.392644       0.5564882     -0.99902901       5.6245903        5.6245903      -96.635866             -96.635866
              1      -43.372272      0.94174976       1.2291619         13.020791           12.392644       0.5564882     -0.99902901       5.6245903        5.6245903      -97.993724             -97.993724
             23      -43.232007      0.94174976       1.2214987         13.028966           12.394704      0.55798631     -0.99808758       5.6245903        5.6245903      -97.713194             -97.713194
              1      -44.009297      0.94174976       1.2235231         13.030966            12.38998      0.55114524     -0.99851803       5.6245903        5.6245903      -99.267774             -99.267774
              9      -44.124363      0.94174976       1.2227994          13.03172           12.390566      0.55090625     -0.99845343       5.6245903        5.6245903      -99.497906             -99.497906
              2      -43.958037      0.94679387       1.2227994          13.03172           12.390566      0.55090625     -0.99845343       5.6245903        5.6245903      -99.165254             -99.165254
              3      -42.794448      0.94679387       1.2075886         13.029019           12.393259      0.54738844     -0.99426972       5.6245903        5.6245903      -96.838077             -96.838077
              2      -42.429238      0.94679387       1.2080643         13.029164           12.393159      0.54696772     -0.99332347       5.6245903        5.6245903      -96.107656             -96.107656
              5      -39.213577      0.96648722       1.2080643         13.029164           12.393159      0.54696772     -0.99332347       5.6245903        5.6245903      -89.676335             -89.676335
              2      -40.419719      0.96648722       1.1936748          13.04391           12.396511      0.54390583     -0.99107555       5.6245903        5.6245903      -92.088618             -92.088618
             10      -44.093053      0.96648722       1.2094271         13.041381            12.40368      0.53643557     -0.99159666       5.6245903        5.6245903      -99.435288             -99.435288
              2      -46.568357      0.96648722       1.2048779         13.042019           12.408235      0.52852064     -0.99080777       5.6245903        5.6245903      -104.38589             -104.38589
              1      -47.649549      0.96648722       1.2292614         13.028484           12.399435      0.51506019     -0.99079933       5.6245903        5.6245903      -106.54828             -106.54828
              1       -46.99301      0.96648722       1.2335494         13.030121           12.400318       0.5147798     -0.98906544       5.6245903        5.6245903       -105.2352              -105.2352
              4      -47.103031      0.95400338       1.2335494         13.030121           12.400318       0.5147798     -0.98906544       5.6245903        5.6245903      -105.45524             -105.45524
              2       -48.27385      0.95400338       1.2322276          13.03079           12.397953      0.51629738     -0.99258206       5.6245903        5.6245903      -107.79688             -107.79688
              7      -46.716443      0.97832338       1.2322276          13.03079           12.397953      0.51629738     -0.99258206       5.6245903        5.6245903      -104.68207             -104.68207
              2      -45.260195      0.97832338       1.2343029         13.034461            12.39442      0.51513375     -0.98937054       5.6245903        5.6245903      -101.76957             -101.76957
             25      -48.812528      0.97832338       1.2198193         13.044092           12.397065      0.52456701     -0.99873356       5.6245903        5.6245903      -108.87424             -108.87424
              4       -50.20616      0.95693303       1.2198193         13.044092           12.397065      0.52456701     -0.99873356       5.6245903        5.6245903       -111.6615              -111.6615
              4      -50.061739      0.95693303       1.2218229         13.043664           12.397935      0.52563161     -0.99833403       5.6245903        5.6245903      -111.37266             -111.37266
              6      -49.069398      0.95693303       1.2157911         13.045876           12.391336       0.5266124     -0.99979565       5.6245903        5.6245903      -109.38798             -109.38798
              5      -49.066729      0.95693303       1.2158201         13.045859           12.391335      0.52661015     -0.99978698       5.6245903        5.6245903      -109.38264             -109.38264
              8      -49.107582      0.95693303       1.2165559         13.045665           12.391492      0.52664572     -0.99975819       5.6245903        5.6245903      -109.46434             -109.46434
             10      -49.417502      0.95693303       1.2162416          13.04271           12.392276      0.52657529     -0.99998775       5.6245903        5.6245903      -110.08418             -110.08418
              4      -49.786173      0.95693303       1.2111749         13.040663           12.399968      0.52889578     -0.99870703       5.6245903        5.6245903      -110.82153             -110.82153
              3      -47.883127      0.93975965       1.2111749         13.040663           12.399968      0.52889578     -0.99870703       5.6245903        5.6245903      -107.01543             -107.01543
              1      -46.875289      0.93975965       1.2124128         13.040978           12.399724      0.52929282     -0.99633787       5.6245903        5.6245903      -104.99976             -104.99976
              1      -47.894806      0.96840181       1.2124128         13.040978           12.399724      0.52929282     -0.99633787       5.6245903        5.6245903      -107.03879             -107.03879
              1      -48.780865      0.96840181       1.2091683          13.04718           12.397601      0.52630278     -0.99681386       5.6245903        5.6245903      -108.81091             -108.81091
              6       -49.07256      0.96840181       1.2100497         13.046752           12.394665      0.52734446     -0.99895667       5.6245903        5.6245903       -109.3943              -109.3943
              1      -50.578693      0.96840181       1.2088361         13.045998           12.409346      0.52594369     -0.99653258       5.6245903        5.6245903      -112.40657             -112.40657
              1      -51.555291      0.96840181       1.2052319         13.045239           12.408604      0.52432567     -0.99790167       5.6245903        5.6245903      -114.35976             -114.35976
              7      -51.679618      0.95838471       1.2052319         13.045239           12.408604      0.52432567     -0.99790167       5.6245903        5.6245903      -114.60842             -114.60842
              8      -51.484413      0.95838471       1.2026745         13.057587           12.411985      0.52970224     -0.99785125       5.6245903        5.6245903      -114.21801             -114.21801
              5      -49.589284      0.95838471       1.1959829         13.053275           12.413299      0.52878104     -0.99380597       5.6245903        5.6245903      -110.42775             -110.42775
              1      -51.573138      0.95838471        1.193778         13.047899           12.413222      0.53047989      -0.9988258       5.6245903        5.6245903      -114.39546             -114.39546
              1      -51.581526      0.95993429        1.193778         13.047899           12.413222      0.53047989      -0.9988258       5.6245903        5.6245903      -114.41223             -114.41223
              1      -50.883361      0.95993429       1.2046762         13.044278           12.412558      0.52504738     -0.99541826       5.6245903        5.6245903       -113.0159              -113.0159
              6      -53.950355      0.95993429       1.2037743         13.047898           12.419115      0.51876871     -0.99725711       5.6245903        5.6245903      -119.14989             -119.14989
              2      -53.810456      0.97207886       1.2037743         13.047898           12.419115      0.51876871     -0.99725711       5.6245903        5.6245903      -118.87009             -118.87009
              8      -57.416675      0.97207886       1.1897384         13.053734           12.424138       0.5081658     -0.99828041       5.6245903        5.6245903      -126.08253             -126.08253
             30      -57.705533      0.97207886        1.189761         13.053226           12.423683      0.50982484     -0.99931346       5.6245903        5.6245903      -126.66025             -126.66025
              1      -56.769532      0.97207886       1.1897804         13.054656           12.424022      0.51304851       -0.998541       5.6245903        5.6245903      -124.78825             -124.78825
              3      -55.762237      0.97207886       1.1910572         13.055447           12.422322       0.5127757     -0.99690109       5.6245903        5.6245903      -122.77365             -122.77365
              1      -55.716138      0.97207886         1.21003         13.057522           12.425182      0.51429168     -0.99604754       5.6245903        5.6245903      -122.68146             -122.68146
              5      -56.380305      0.97207886       1.2099619         13.057059           12.425985      0.51374526     -0.99691004       5.6245903        5.6245903      -124.00979             -124.00979
             14      -56.917701      0.97207886       1.2097084         13.056881           12.426552      0.51356003     -0.99770451       5.6245903        5.6245903      -125.08458             -125.08458
              2      -56.911178      0.97207886       1.2104182         13.057688           12.427528      0.51179112     -0.99667079       5.6245903        5.6245903      -125.07154             -125.07154
              1      -58.133958      0.97207886        1.201162         13.060185           12.432195      0.51678916     -0.99965957       5.6245903        5.6245903       -127.5171              -127.5171
              1      -56.078914      0.98683217        1.201162         13.060185           12.432195      0.51678916     -0.99965957       5.6245903        5.6245903      -123.40701             -123.40701
              8      -55.159649      0.98683217        1.202402         13.062994           12.430521      0.51769914     -0.99848325       5.6245903        5.6245903      -121.56848             -121.56848
              6      -56.186391      0.98683217       1.2099625         13.066744            12.44018      0.51282797     -0.99572369       5.6245903        5.6245903      -123.62196             -123.62196
              5      -56.172896      0.98683217       1.2095555         13.066771           12.440197      0.51286045     -0.99569735       5.6245903        5.6245903      -123.59497             -123.59497
             12       -60.25317      0.98683217       1.2127052         13.057777           12.439074       0.5044556     -0.99987925       5.6245903        5.6245903      -131.75552             -131.75552
              2      -60.148452      0.98683217       1.2214739         13.063743            12.43497       0.5033256     -0.99846503       5.6245903        5.6245903      -131.54608             -131.54608
             11      -60.989274      0.98683217       1.2247481         13.065304           12.439727      0.50075608     -0.99811811       5.6245903        5.6245903      -133.22773             -133.22773
              3      -60.712105      0.98683217       1.2235592         13.064908           12.439579      0.50088865     -0.99758627       5.6245903        5.6245903      -132.67339             -132.67339
              4      -60.145374      0.98683217       1.2280583         13.062178           12.437487      0.50116311     -0.99787621       5.6245903        5.6245903      -131.53993             -131.53993
              2      -61.366765      0.98683217        1.224291          13.07071            12.42238      0.48707722     -0.99504405       5.6245903        5.6245903      -133.98271             -133.98271
              7      -61.642568      0.98683217       1.2261599         13.071587           12.419843      0.48887664     -0.99683206       5.6245903        5.6245903      -134.53432             -134.53432
              4      -61.448445      0.98683217       1.2263251         13.071385            12.42141      0.49257871     -0.99742004       5.6245903        5.6245903      -134.14607             -134.14607
              1      -61.313108      0.98683217       1.2056125         13.077141           12.425836      0.49634201     -0.99725086       5.6245903        5.6245903       -133.8754              -133.8754
              1      -61.536486      0.98683217        1.205581          13.07704           12.425819      0.49647682     -0.99771118       5.6245903        5.6245903      -134.32215             -134.32215
             13      -61.264227      0.98683217       1.1987971         13.070739           12.428711      0.49335695     -0.99581237       5.6245903        5.6245903      -133.77763             -133.77763
              2      -62.579851      0.98683217        1.219377         13.073096           12.429801      0.48185629     -0.99338715       5.6245903        5.6245903      -136.40888             -136.40888
              3      -63.163496      0.98683217       1.2201641         13.073613           12.429747      0.48225074     -0.99450061       5.6245903        5.6245903      -137.57617             -137.57617
              2      -60.202219      0.96829018       1.2201641         13.073613           12.429747      0.48225074     -0.99450061       5.6245903        5.6245903      -131.65362             -131.65362
              3       -62.21394      0.96829018       1.2213083         13.080091           12.427409       0.4808398     -0.99972377       5.6245903        5.6245903      -135.67706             -135.67706
             20      -62.149913      0.96829018       1.2215331         13.078172           12.427856      0.47824294     -0.99925629       5.6245903        5.6245903      -135.54901             -135.54901
              7      -62.313497      0.96829018       1.2240836         13.077966           12.427516      0.48036624     -0.99951674       5.6245903        5.6245903      -135.87617             -135.87617
              6      -62.108884      0.96829018       1.2253572         13.077058           12.428748      0.48034877     -0.99838943       5.6245903        5.6245903      -135.46695             -135.46695
              1      -61.673783      0.96829018       1.2329191         13.084979           12.427127      0.48473115     -0.99794711       5.6245903        5.6245903      -134.59675             -134.59675
             18      -63.423189      0.97649845       1.2329191         13.084979           12.427127      0.48473115     -0.99794711       5.6245903        5.6245903      -138.09556             -138.09556
              1       -63.09326      0.97472103       1.2329191         13.084979           12.427127      0.48473115     -0.99794711       5.6245903        5.6245903       -137.4357              -137.4357
              4      -64.038256      0.97472103       1.2477338          13.08151             12.4325      0.48058093     -0.99648759       5.6245903        5.6245903      -139.32569             -139.32569
              1      -65.582816       0.9954415       1.2477338          13.08151             12.4325      0.48058093     -0.99648759       5.6245903        5.6245903      -142.41481             -142.41481
             13      -68.417992       0.9954415       1.2424629         13.082796           12.434954      0.47773414     -0.99928588       5.6245903        5.6245903      -148.08516             -148.08516
              3       -68.34008       0.9954415       1.2424729         13.082768           12.434833      0.47773047     -0.99918491       5.6245903        5.6245903      -147.92934             -147.92934
             10      -68.421203       0.9954415       1.2422345         13.083523             12.4345      0.47899226     -0.99974631       5.6245903        5.6245903      -148.09159             -148.09159
              1      -70.346367       0.9954415       1.2626076         13.089428           12.449086      0.47828992     -0.99990324       5.6245903        5.6245903      -151.94191             -151.94191
              4      -71.250467       0.9954415       1.2446352         13.091547           12.454264      0.47317078     -0.99749892       5.6245903        5.6245903      -153.75011             -153.75011
              3      -71.688343       0.9954415       1.2367826         13.097293           12.446231      0.47440797     -0.99910313       5.6245903        5.6245903      -154.62587             -154.62587
             11      -71.892561       1.0001553       1.2367826         13.097293           12.446231      0.47440797     -0.99910313       5.6245903        5.6245903       -155.0343              -155.0343
              6       -71.82558      0.99793313       1.2367826         13.097293           12.446231      0.47440797     -0.99910313       5.6245903        5.6245903      -154.90034             -154.90034
              1      -73.257971      0.99793313       1.2535145         13.096806           12.454077      0.45829392     -0.99578577       5.6245903        5.6245903      -157.76512             -157.76512
             16      -73.572594       1.0147721       1.2535145         13.096806           12.454077      0.45829392     -0.99578577       5.6245903        5.6245903      -158.39437             -158.39437
              1      -75.883473       1.0147721       1.2456179         13.096526           12.453375      0.46045635     -0.99960189       5.6245903        5.6245903      -163.01613             -163.01613
              7      -76.264578       1.0147721       1.2447119         13.099119           12.451724      0.45952427     -0.99938599       5.6245903        5.6245903      -163.77834             -163.77834
              3       -76.67447       1.0147721       1.2241084         13.101384            12.44881      0.46060172     -0.99970366       5.6245903        5.6245903      -164.59812             -164.59812
             25      -76.681911       1.0150795       1.2241084         13.101384            12.44881      0.46060172     -0.99970366       5.6245903        5.6245903        -164.613               -164.613
             20      -77.255676       1.0150795       1.2236231         13.111413           12.443467       0.4519644     -0.99857942       5.6245903        5.6245903      -165.76053             -165.76053
              6      -77.373536       1.0150795       1.2228874         13.112626           12.442854      0.45193853     -0.99899724       5.6245903        5.6245903      -165.99625             -165.99625
             18      -74.772241       1.0150795       1.2190444         13.109395           12.435483      0.45508466     -0.99840953       5.6245903        5.6245903      -160.79366             -160.79366
              1      -74.840269       1.0150795       1.2123728         13.104655           12.442691      0.44882355     -0.99433017       5.6245903        5.6245903      -160.92972             -160.92972
              2      -77.374634       1.0150795       1.2125999         13.104898            12.43897      0.44356846     -0.99879139       5.6245903        5.6245903      -165.99845             -165.99845
              3      -77.430174       1.0150795       1.2128146         13.104905           12.438999      0.44348583     -0.99885307       5.6245903        5.6245903      -166.10953             -166.10953
              2      -76.499906       1.0150795       1.2112446         13.102671           12.441231      0.44258553     -0.99630902       5.6245903        5.6245903      -164.24899             -164.24899
              8      -76.049554       1.0130155       1.2112446         13.102671           12.441231      0.44258553     -0.99630902       5.6245903        5.6245903      -163.34829             -163.34829
              1      -75.951569       1.0125864       1.2112446         13.102671           12.441231      0.44258553     -0.99630902       5.6245903        5.6245903      -163.15232             -163.15232
              3      -74.539224       1.0125864       1.2090015         13.108671           12.445654      0.42621452     -0.99108321       5.6245903        5.6245903      -160.32763             -160.32763
              3      -75.581783       1.0125864       1.2087153         13.107269           12.446845      0.42591934     -0.99250306       5.6245903        5.6245903      -162.41275             -162.41275
              5       -77.58153       1.0125864       1.2122708         13.110211           12.448743      0.42245684     -0.99539187       5.6245903        5.6245903      -166.41224             -166.41224
              6      -78.810795       1.0125864       1.2135743         13.112521           12.446173      0.42419075     -0.99876437       5.6245903        5.6245903      -168.87077             -168.87077
              2      -84.419368       1.0300801       1.2135743         13.112521           12.446173      0.42419075     -0.99876437       5.6245903        5.6245903      -180.08792             -180.08792
             10      -83.989617       1.0300801       1.1754442         13.104179           12.446038      0.41643123     -0.99892027       5.6245903        5.6245903      -179.22842             -179.22842
              1      -84.137486       1.0300801       1.1747611         13.105099           12.447642       0.4173518     -0.99865913       5.6245903        5.6245903      -179.52415             -179.52415
              3       -85.20297       1.0300801       1.1792365         13.107043           12.450983      0.41043796     -0.99891826       5.6245903        5.6245903      -181.65512             -181.65512
              7      -95.643987       1.0835601       1.1792365         13.107043           12.450983      0.41043796     -0.99891826       5.6245903        5.6245903      -202.53715             -202.53715
              8      -93.372847       1.0991353       1.1792365         13.107043           12.450983      0.41043796     -0.99891826       5.6245903        5.6245903      -197.99487             -197.99487
              1      -93.315589       1.0993708       1.1792365         13.107043           12.450983      0.41043796     -0.99891826       5.6245903        5.6245903      -197.88036             -197.88036
             23      -96.618785       1.0993708       1.1635826         13.102038           12.440497      0.40543591     -0.99893272       5.6245903        5.6245903      -204.48675             -204.48675
              6       -96.59418       1.0993708        1.163754         13.102011           12.440575      0.40548548     -0.99894628       5.6245903        5.6245903      -204.43754             -204.43754
              2      -97.110824       1.0912711        1.163754         13.102011           12.440575      0.40548548     -0.99894628       5.6245903        5.6245903      -205.47083             -205.47083
              3      -98.478705       1.0912711       1.1556102         13.114374           12.432794      0.40118529     -0.99959927       5.6245903        5.6245903      -208.20659             -208.20659
              3      -99.539998       1.0912711       1.1545484         13.104986           12.435192      0.39756037     -0.99826038       5.6245903        5.6245903      -210.32918             -210.32918
              5       -101.8007       1.0912711        1.147609         13.109121           12.438919      0.38996466     -0.99675613       5.6245903        5.6245903      -214.85058             -214.85058
              8      -101.59905       1.0912711       1.1530287         13.108152           12.438557      0.38855898     -0.99618817       5.6245903        5.6245903      -214.44728             -214.44728
              1      -102.64193       1.0912711       1.1583047         13.109231           12.439257      0.38843336     -0.99735082       5.6245903        5.6245903      -216.53305             -216.53305
              8      -105.03462       1.1163303       1.1583047         13.109231           12.439257      0.38843336     -0.99735082       5.6245903        5.6245903      -221.31843             -221.31843
              7      -105.12511       1.1163303       1.1589499         13.109325           12.439348      0.38828465     -0.99738552       5.6245903        5.6245903      -221.49941             -221.49941
              2      -105.15959       1.1143382       1.1589499         13.109325           12.439348      0.38828465     -0.99738552       5.6245903        5.6245903      -221.56837             -221.56837
              4      -114.03227       1.1143382       1.1497237         13.120888           12.447655      0.37495302     -0.99746097       5.6245903        5.6245903      -239.31372             -239.31372
             13      -115.95038       1.1281181       1.1497237         13.120888           12.447655      0.37495302     -0.99746097       5.6245903        5.6245903      -243.14994             -243.14994
              5      -116.13948       1.1313408       1.1497237         13.120888           12.447655      0.37495302     -0.99746097       5.6245903        5.6245903      -243.52814             -243.52814
              4      -122.01562       1.1313408       1.1597518         13.134257           12.453014       0.3677256     -0.99871618       5.6245903        5.6245903      -255.28042             -255.28042
              3      -121.90781       1.1313408       1.1566425         13.136222           12.453858      0.36379849     -0.99641664       5.6245903        5.6245903      -255.06481             -255.06481
             11      -124.21547       1.1313408       1.1542935         13.135119           12.455422       0.3637828     -0.99822701       5.6245903        5.6245903      -259.68013             -259.68013
              8      -124.99345       1.1701503       1.1542935         13.135119           12.455422       0.3637828     -0.99822701       5.6245903        5.6245903      -261.23609             -261.23609
              1      -125.11469       1.1701503       1.1350477         13.137806           12.455355      0.36549395     -0.99709739       5.6245903        5.6245903      -261.47856             -261.47856
              5      -125.79883       1.1647984       1.1350477         13.137806           12.455355      0.36549395     -0.99709739       5.6245903        5.6245903      -262.84684             -262.84684
              1      -130.97689       1.1647984       1.1425584           13.1331           12.463176      0.35342338     -0.99328605       5.6245903        5.6245903      -273.20296             -273.20296
              3      -138.41818       1.1647984       1.1638275         13.129425           12.457941      0.34581625     -0.99873034       5.6245903        5.6245903      -288.08555             -288.08555
              6      -142.77229       1.1647984       1.1541634         13.125549           12.458599      0.34049757      -0.9988238       5.6245903        5.6245903      -296.79376             -296.79376
             12      -144.78698       1.1867835       1.1541634         13.125549           12.458599      0.34049757      -0.9988238       5.6245903        5.6245903      -300.82315             -300.82315
              4      -145.13401       1.1867835       1.1533185         13.125157           12.459623      0.34000992     -0.99865097       5.6245903        5.6245903      -301.51719             -301.51719
             19      -144.27294       1.1867835       1.1514461          13.12574           12.459947      0.33984509     -0.99749964       5.6245903        5.6245903      -299.79507             -299.79507
              1      -145.52439       1.1867835       1.1525363         13.120454           12.466725      0.33031932     -0.99386348       5.6245903        5.6245903      -302.29795             -302.29795
              1      -161.09275       1.1867835       1.1604439          13.13457           12.460526      0.31773529     -0.99980976       5.6245903        5.6245903      -333.43467             -333.43467
              8      -161.28638       1.1867835       1.1591249         13.134486           12.460261      0.31755971      -0.9997644       5.6245903        5.6245903      -333.82193             -333.82193
             13      -162.63855       1.2604206       1.1591249         13.134486           12.460261      0.31755971      -0.9997644       5.6245903        5.6245903      -336.52629             -336.52629
              1      -164.21792       1.2604206        1.150594         13.139955           12.467265      0.31852633     -0.99883435       5.6245903        5.6245903      -339.68501             -339.68501
              3      -162.83197       1.2604206       1.1689172         13.151902           12.463607      0.31791243     -0.99903253       5.6245903        5.6245903      -336.91312             -336.91312
              1      -209.34874       1.2604206       1.1698897         13.151396           12.469603      0.27963619     -0.99966456       5.6245903        5.6245903      -429.94665             -429.94665
             11      -217.86953       1.3098991       1.1698897         13.151396           12.469603      0.27963619     -0.99966456       5.6245903        5.6245903      -446.98824             -446.98824
              2      -219.82251       1.3098991       1.1690416         13.151085           12.469626      0.27871661     -0.99969826       5.6245903        5.6245903       -450.8942              -450.8942
             14      -219.16129         1.31427       1.1690416         13.151085           12.469626      0.27871661     -0.99969826       5.6245903        5.6245903      -449.57177             -449.57177
             12      -223.04299         1.31427       1.1665576         13.150779           12.469457      0.27673821     -0.99908044       5.6245903        5.6245903      -457.33515             -457.33515
              5      -221.51345       1.3286601       1.1665576         13.150779           12.469457      0.27673821     -0.99908044       5.6245903        5.6245903      -454.27607             -454.27607
              7      -227.74169       1.3286601       1.1417812         13.142303           12.471582      0.26151138     -0.98475674       5.6245903        5.6245903      -466.73255             -466.73255
              2      -246.66263       1.3286601       1.1567819         13.119982           12.467186      0.24919741     -0.99653199       5.6245903        5.6245903      -504.57444             -504.57444
              1      -253.93315       1.3286601       1.1505203          13.12972             12.4601      0.22955925      -0.9856155       5.6245903        5.6245903      -519.11547             -519.11547
              1      -257.02041       1.3286601       1.1087812          13.13754           12.456395      0.21304877     -0.97178415       5.6245903        5.6245903      -525.29001             -525.29001
              3      -322.09407       1.4038774       1.1087812          13.13754           12.456395      0.21304877     -0.97178415       5.6245903        5.6245903      -655.43732             -655.43732
              1      -320.33675       1.4038774       1.1092265         13.137799           12.456413      0.21302278     -0.97113186       5.6245903        5.6245903      -651.92267             -651.92267
              1      -343.58127       1.4038774       1.1087702         13.143316           12.461475      0.21289284      -0.9801804       5.6245903        5.6245903      -698.41172             -698.41172
              2      -366.99632       1.4353114       1.1087702         13.143316           12.461475      0.21289284      -0.9801804       5.6245903        5.6245903      -745.24182             -745.24182
             18      -427.80084       1.4353114       1.1100017         13.131342           12.461714      0.19965371     -0.99893716       5.6245903        5.6245903      -866.85086             -866.85086
              4      -476.74007       1.4827378       1.1100017         13.131342           12.461714      0.19965371     -0.99893716       5.6245903        5.6245903      -964.72932             -964.72932
             17        -490.512       1.4984565       1.1100017         13.131342           12.461714      0.19965371     -0.99893716       5.6245903        5.6245903      -992.27318             -992.27318
              5      -491.66805       1.4984565       1.1108059         13.132682           12.463096      0.19919416     -0.99921828       5.6245903        5.6245903      -994.58528             -994.58528
              7      -491.66601       1.4984565       1.1108033         13.132681           12.463096      0.19919393      -0.9992166       5.6245903        5.6245903       -994.5812              -994.5812
             11      -503.88497       1.4984565       1.1066075         13.132661           12.463748      0.19670242     -0.99945082       5.6245903        5.6245903      -1019.0191             -1019.0191
              1      -522.60031       1.4984565       1.0920723         13.131848           12.466451       0.1959051     -0.99857555       5.6245903        5.6245903      -1056.4498             -1056.4498
             19       -523.2956       1.4984565        1.094004         13.129346           12.467947      0.19445976     -0.99954494       5.6245903        5.6245903      -1057.8404             -1057.8404
              6      -550.07224       1.4984565       1.0731025         13.117167           12.469384      0.18981122     -0.99830434       5.6245903        5.6245903      -1111.3937             -1111.3937
              1      -574.41873       1.4984565       1.0577343         13.115631           12.461431      0.18759792     -0.99736077       5.6245903        5.6245903      -1160.0866             -1160.0866
             10       -574.2591       1.4984565       1.0573059          13.11523            12.46184       0.1871883     -0.99701608       5.6245903        5.6245903      -1159.7674             -1159.7674
             10      -577.07945       1.4984565       1.0634821         13.118142           12.459165      0.18516649     -0.99945753       5.6245903        5.6245903      -1165.4081             -1165.4081
             30      -615.30708       1.4984565       1.0408149         13.121674           12.464643       0.1765094     -0.99964468       5.6245903        5.6245903      -1241.8633             -1241.8633
             14      -624.31112       1.4984565       1.0340187         13.123589            12.46886       0.1711198     -0.99871234       5.6245903        5.6245903      -1259.8714             -1259.8714
              6      -624.23963       1.4984565       1.0334578         13.123721            12.46949      0.17021964     -0.99828967       5.6245903        5.6245903      -1259.7284             -1259.7284
             14      -653.54433       1.4984565       1.0113377         13.106475           12.474273      0.16159004     -0.99778925       5.6245903        5.6245903      -1318.3378             -1318.3378
              3      -666.58318       1.4984565      0.96417646         13.120083           12.473982      0.16122119      -0.9853818       5.6245903        5.6245903      -1344.4155             -1344.4155
              1      -710.80298       1.4984565      0.92835979         13.086697           12.502386       0.1590196     -0.97266329       5.6245903        5.6245903      -1432.8551             -1432.8551
              2      -710.62312       1.4984565      0.92848926         13.086825           12.502598      0.15927508     -0.97267915       5.6245903        5.6245903      -1432.4954             -1432.4954
              2      -746.04812       1.4984565      0.93075755         13.073575           12.508823      0.17795075     -0.99028415       5.6245903        5.6245903      -1503.3454             -1503.3454
              1      -788.63815       1.4984565      0.92512213         13.071012           12.506408      0.17510813     -0.99877321       5.6245903        5.6245903      -1588.5255             -1588.5255
             18      -787.28197       1.4984565      0.92604702         13.068565           12.512676      0.17132068      -0.9984917       5.6245903        5.6245903      -1585.8131             -1585.8131
             13      -790.92578       1.4984565      0.92267973         13.069099           12.514009      0.17331278     -0.99805513       5.6245903        5.6245903      -1593.1007             -1593.1007
              2      -793.56383       1.4984565      0.91797202         13.068033           12.522395      0.17201162     -0.99657813       5.6245903        5.6245903      -1598.3768             -1598.3768
              6       -825.5949       1.4984565      0.90777784         13.073195            12.52036      0.16359559     -0.99849316       5.6245903        5.6245903       -1662.439              -1662.439
              5      -828.92663       1.4984565      0.87890701         13.078033           12.523586      0.16737937     -0.98452213       5.6245903        5.6245903      -1669.1024             -1669.1024
              8      -848.75766       1.4984565      0.87011549         13.067681           12.530244      0.17920311     -0.98832074       5.6245903        5.6245903      -1708.7645             -1708.7645
              1      -871.91469       1.4984565      0.86727728         13.073663           12.527453      0.17694087     -0.99265919       5.6245903        5.6245903      -1755.0786             -1755.0786
              4      -876.39567       1.4984565      0.86803977         13.074019           12.528948      0.17640891     -0.99392698       5.6245903        5.6245903      -1764.0405             -1764.0405
              4      -883.49613       1.4984565      0.85717357           13.0681           12.529446      0.17421713     -0.99009654       5.6245903        5.6245903      -1778.2414             -1778.2414
              5       -900.2371       1.4984565      0.85372432         13.068961           12.530538      0.17508179     -0.99314938       5.6245903        5.6245903      -1811.7234             -1811.7234
              7      -940.88778       1.4984565       0.8375249          13.07161           12.546735      0.18715044     -0.99755835       5.6245903        5.6245903      -1893.0247             -1893.0247
              5      -940.84546       1.4984565      0.83819912         13.074499           12.548102      0.18485681     -0.99699115       5.6245903        5.6245903      -1892.9401             -1892.9401
              2      -940.46003       1.4984565       0.8350139         13.073658           12.547293      0.18617405     -0.99598677       5.6245903        5.6245903      -1892.1692             -1892.1692
