#        weight    minuslogpost          sigma8        ygk_Ahmc ygk_LOWZ__0_lM1_0 ygk_LOWZ__0_lMmin_0   ygk_mass_bias       ygk_rhogy   minuslogprior minuslogprior__0            chi2 chi2__ygk_like.ygkLike
              1       16.897728      0.75019534        1.590109         13.531923           12.262645       0.8860029     -0.25139387       5.3223842        5.3223842       23.150687              23.150687
              1       16.891552      0.75019534       1.5909791          13.53228           12.262684      0.88577902      -0.2510105       5.3188943        5.3188943       23.145316              23.145316
              2       17.236114      0.75019534        1.594052         13.535601           12.269259      0.89426741     -0.25679705       5.4547282        5.4547282       23.562771              23.562771
              1       17.298919      0.75019534       1.5939222         13.535489           12.269895      0.89427251      -0.2560657       5.4548119        5.4548119       23.688214              23.688214
              1       17.431614      0.75019534       1.5898962         13.528729           12.266282      0.88942765     -0.25463989       5.3763978        5.3763978       24.110432              24.110432
              3       16.730432      0.75845752       1.5898962         13.528729           12.266282      0.88942765     -0.25463989       5.3763978        5.3763978       22.708068              22.708068
              2       16.454813      0.75845752       1.5947434         13.532846           12.264803      0.90057484     -0.25503054       5.5603279        5.5603279       21.788971              21.788971
              1       16.654257      0.75362501       1.5947434         13.532846           12.264803      0.90057484     -0.25503054       5.5603279        5.5603279       22.187858              22.187858
              1       17.182747      0.75362501       1.5990916         13.528827           12.267835      0.90044282     -0.25867044       5.5580769        5.5580769        23.24934               23.24934
              1       16.533462      0.75362501       1.6130468         13.519435           12.253719      0.89650965       -0.243249       5.4918122        5.4918122       22.083299              22.083299
              1       16.682968      0.75362501       1.6169236         13.524027           12.263479      0.89469575     -0.23548947       5.4617736        5.4617736       22.442389              22.442389
              2       17.648686      0.75362501       1.6323776         13.533658           12.256265      0.90871893     -0.23776946       5.7025619        5.7025619       23.892248              23.892248
              1       17.680835      0.74428798       1.6323776         13.533658           12.256265      0.90871893     -0.23776946       5.7025619        5.7025619       23.956545              23.956545
              1       17.601475      0.74428798       1.6428473          13.52379           12.247721       0.8998002     -0.23630641       5.5471445        5.5471445       24.108661              24.108661
              1       17.433306      0.74428798       1.6539615         13.528474           12.263571      0.89347301     -0.23025312       5.4417103        5.4417103       23.983191              23.983191
              2       17.488886      0.74428798       1.6533579          13.52132           12.264689      0.90161418     -0.21802644       5.5781104        5.5781104       23.821551              23.821551
              1       17.486218      0.74428798        1.653436         13.521529            12.26506       0.9030146     -0.21833341       5.6022417        5.6022417       23.767953              23.767953
              1       16.814187      0.74428798       1.6325336         13.526049            12.26129       0.9047694     -0.21714432       5.6327562        5.6327562       22.362861              22.362861
              1       16.879539      0.74428798       1.6325401         13.531928           12.266988      0.90227619     -0.21762997       5.5894933        5.5894933       22.580091              22.580091
              3       17.414294      0.74428798       1.6345054         13.537737           12.259796      0.90127021     -0.22648662       5.5722133        5.5722133       23.684162              23.684162
              1        17.44257      0.74351389       1.6345054         13.537737           12.259796      0.90127021     -0.22648662       5.5722133        5.5722133       23.740714              23.740714
              2       17.628202      0.74351389       1.6091611         13.548874           12.265737      0.89699602     -0.24613922       5.4999226        5.4999226       24.256558              24.256558
              2       17.212432      0.74351389       1.5987444         13.536984           12.263686      0.89639373      -0.2399324       5.4898828        5.4898828       23.445098              23.445098
              1       17.382788      0.74351389        1.593032         13.548877           12.270272      0.90061865     -0.23975591       5.5610753        5.5610753       23.643425              23.643425
              1       18.191861      0.74351389       1.5914277         13.552221           12.265834      0.89582706     -0.23672136       5.4804697        5.4804697       25.422783              25.422783
              3       18.443943      0.73829103       1.5914277         13.552221           12.265834      0.89582706     -0.23672136       5.4804697        5.4804697       25.926948              25.926948
              1       18.647659      0.73829103       1.5876236         13.551027            12.26423      0.89662146     -0.23850864       5.4936745        5.4936745        26.30797               26.30797
              1       18.530736      0.73829103       1.5888562         13.551487           12.265587      0.89959906     -0.23858664       5.5437311        5.5437311       25.974009              25.974009
              6       18.092657      0.73829103       1.6105593         13.543097             12.2743       0.8882229     -0.22784528       5.3572633        5.3572633       25.470786              25.470786
              1       18.095206      0.73829103        1.611588         13.543518           12.274339      0.88769931     -0.22766935       5.3489927        5.3489927       25.492426              25.492426
              1       18.625147      0.73829103       1.6188884          13.54442           12.258197      0.89878585     -0.23596374       5.5299722        5.5299722       26.190349              26.190349
              1       18.605024      0.73829103       1.6207287         13.545888           12.260901       0.9057262     -0.23017122       5.6495239        5.6495239       25.911001              25.911001
              1       18.470031      0.74553131       1.6207287         13.545888           12.260901       0.9057262     -0.23017122       5.6495239        5.6495239       25.641014              25.641014
              1        19.34058      0.74553131       1.6205359         13.539847           12.254211      0.90277584     -0.22192044       5.5981137        5.5981137       27.484934              27.484934
              2       17.117425      0.74553131       1.6152731         13.542796           12.268488      0.90869528     -0.22918381       5.7021392        5.7021392       22.830573              22.830573
              1       17.241999      0.74553131       1.6138835          13.54365           12.267748      0.90822874     -0.22966471       5.6938133        5.6938133       23.096371              23.096371
              1       17.511089      0.74553131       1.6142179         13.548861           12.269542      0.90830283     -0.22420555        5.695134         5.695134        23.63191               23.63191
              1       17.749304       0.7579667       1.6142179         13.548861           12.269542      0.90830283     -0.22420555        5.695134         5.695134        24.10834               24.10834
              2       18.474008       0.7579667       1.6124947         13.547956           12.267945      0.91283045     -0.22277228       5.7768877        5.7768877       25.394241              25.394241
              1       17.798935       0.7579667       1.6161387         13.550672            12.26991      0.90811772     -0.22597975       5.6918351        5.6918351         24.2142                24.2142
              2       17.731259      0.75667305       1.6161387         13.550672            12.26991      0.90811772     -0.22597975       5.6918351        5.6918351       24.078848              24.078848
              2       16.801315      0.75667305       1.6114498         13.549955           12.274598      0.90489848      -0.2243118       5.6350129        5.6350129       22.332604              22.332604
              1       16.684614      0.75667305       1.6084693         13.540041            12.27719      0.90166712     -0.23324856       5.5790191        5.5790191       22.211191              22.211191
              1       16.498626      0.76162972       1.6084693         13.540041            12.27719      0.90166712     -0.23324856       5.5790191        5.5790191       21.839214              21.839214
              2       16.379704      0.76162972       1.6056707         13.539984           12.275286      0.90151959     -0.23275153       5.5764876        5.5764876       21.606432              21.606432
              1       16.317999      0.76162972        1.608958         13.536193           12.271475      0.89928154     -0.22993853        5.538351         5.538351       21.559296              21.559296
              1       16.365069      0.76162972       1.6085006         13.534933           12.272403       0.9007739     -0.22865793       5.5637253        5.5637253       21.602688              21.602688
              1       16.293075      0.76162972        1.586044         13.528999           12.269085      0.89756832     -0.22835766       5.5094961        5.5094961       21.567158              21.567158
              1       16.292056      0.76337134        1.586044         13.528999           12.269085      0.89756832     -0.22835766       5.5094961        5.5094961        21.56512               21.56512
              2       16.402456      0.76337134       1.5861312         13.527238           12.270857      0.89843139     -0.22784807       5.5239957        5.5239957       21.756921              21.756921
              1       16.404958      0.76337134       1.5838596         13.532586           12.273191      0.90240737     -0.22382729       5.5917541        5.5917541       21.626407              21.626407
              3       16.629775      0.76337134       1.5862026         13.529049           12.267421      0.89964635     -0.21171958       5.5445332        5.5445332       22.170484              22.170484
              1       17.874639      0.77576081       1.5862026         13.529049           12.267421      0.89964635     -0.21171958       5.5445332        5.5445332       24.660211              24.660211
              1        17.75092      0.77576081       1.5852803         13.528052           12.266651      0.89719641      -0.2102599        5.503271         5.503271       24.495298              24.495298
              2       19.527712      0.77576081       1.5791864          13.53048           12.261718      0.89916692     -0.21174829       5.5364114        5.5364114       27.982601              27.982601
              1       17.155757      0.74828319       1.5791864          13.53048           12.261718      0.89916692     -0.21174829       5.5364114        5.5364114       23.238691              23.238691
              1       17.313793      0.74828319       1.5845987         13.520798           12.270639      0.89702713     -0.21499957       5.5004423        5.5004423       23.626702              23.626702
              1       17.239976      0.74828319       1.5864269          13.52176           12.270928       0.8979048     -0.21460296       5.5151401        5.5151401       23.449671              23.449671
              1       17.240255      0.74828319       1.5864409         13.521753           12.270927      0.89784788     -0.21452447       5.5141847        5.5141847       23.452141              23.452141
              1       16.628335      0.74828319       1.5915121         13.517317           12.261752      0.89630261     -0.21703036        5.488367         5.488367       22.279936              22.279936
              1       16.668937      0.74828319       1.5923927         13.520035           12.262289      0.89251591     -0.21969303         5.42611          5.42611       22.485655              22.485655
              1       16.672061      0.74828319       1.5922037         13.519863            12.26227      0.89227512     -0.21943797       5.4221997        5.4221997       22.499723              22.499723
              1       16.739263      0.74828319       1.5878256         13.517429           12.260452        0.891577     -0.22512479       5.4108954        5.4108954       22.656735              22.656735
              1       17.040702      0.74828319       1.5802661         13.525478           12.268462      0.89097856     -0.22523642       5.4012439        5.4012439       23.278916              23.278916
              2       16.918738      0.74828319       1.5879308         13.537583           12.261876      0.87002186     -0.23163992       5.0858451        5.0858451       23.665785              23.665785
              3       17.153045      0.74550714       1.5879308         13.537583           12.261876      0.87002186     -0.23163992       5.0858451        5.0858451       24.134401              24.134401
              2        17.32793      0.74550714       1.5853319         13.534359           12.269298      0.87641229     -0.22443369        5.177367         5.177367       24.301125              24.301125
              1       17.041659      0.74550714       1.5912943         13.532866           12.266431      0.87689152     -0.22042296        5.184395         5.184395       23.714528              23.714528
              1       17.111627      0.74550714       1.5897603         13.526038           12.263576      0.87902231      -0.2229804       5.2159215        5.2159215        23.79141               23.79141
              2       19.997844      0.74550714       1.6136381         13.514999           12.267343       0.8883451     -0.23526466       5.3591976        5.3591976       29.277292              29.277292
              1       16.910692      0.74550714       1.6165633         13.536468            12.27035      0.91201656     -0.22998391       5.7620405        5.7620405       22.297303              22.297303
              1       16.796358      0.74773737       1.6165633         13.536468            12.27035      0.91201656     -0.22998391       5.7620405        5.7620405       22.068634              22.068634
              1       16.962473      0.74773737       1.6167974         13.542943           12.268984       0.9082211     -0.23864639       5.6936772        5.6936772       22.537592              22.537592
              2       17.108684      0.74773737       1.6232572         13.546496           12.267927      0.90317306     -0.23343778       5.6049845        5.6049845       23.007398              23.007398
              1       17.493371      0.74773737       1.6106785         13.566923           12.279246      0.89607331      -0.2134345       5.4845563        5.4845563       24.017629              24.017629
              1       18.172241      0.74773737       1.6156445         13.569588           12.276419      0.89303032     -0.21251414       5.4344834        5.4344834       25.475515              25.475515
              1       18.508382      0.74773737       1.6165606         13.563582           12.272969      0.89533675     -0.20303407        5.472351         5.472351       26.072061              26.072061
              1       19.153308      0.75922345       1.6165606         13.563582           12.272969      0.89533675     -0.20303407        5.472351         5.472351       27.361914              27.361914
              4        20.04253      0.75922345       1.6131708         13.563104           12.269377      0.89254005     -0.20363675       5.4265025        5.4265025       29.232055              29.232055
              2       20.091523      0.75968903       1.6131708         13.563104           12.269377      0.89254005     -0.20363675       5.4265025        5.4265025        29.33004               29.33004
              2       16.209599      0.75968903       1.6157082          13.56454           12.287796      0.88720962     -0.19856445       5.3412823        5.3412823       21.736633              21.736633
              1       16.159616      0.75968903       1.6121453          13.57191           12.294845      0.88487585       -0.189554       5.3048655        5.3048655       21.709502              21.709502
              1       16.514147      0.75968903       1.6133766         13.579304           12.295068      0.89004208     -0.19395145       5.3862125        5.3862125       22.255869              22.255869
              4       17.001016      0.75968903       1.6198174         13.582559           12.291549      0.88517217     -0.19257566       5.3094592        5.3094592       23.383114              23.383114
              2        16.29286      0.75968903       1.6243474         13.570017           12.288783      0.88256673     -0.18679305       5.2693695        5.2693695       22.046981              22.046981
              1       16.298246      0.75968903       1.6330897         13.569627           12.284876      0.87917999     -0.19788251       5.2182726        5.2182726       22.159947              22.159947
              2       16.670985      0.75968903       1.6335012         13.562327           12.293465      0.89188278     -0.20420608       5.4158407        5.4158407       22.510288              22.510288
              1       16.893244      0.75968903       1.6350465         13.562291           12.295033      0.89362089     -0.20462355       5.4441289        5.4441289        22.89823               22.89823
              1       16.976155      0.75968903       1.6331203         13.560745           12.295896      0.89567184     -0.19983983        5.477897         5.477897       22.996516              22.996516
              1       17.069982      0.75968903       1.6355684         13.564459           12.284565      0.90395358     -0.19915763       5.6185314        5.6185314       22.902901              22.902901
              1       16.877632      0.75551119       1.6355684         13.564459           12.284565      0.90395358     -0.19915763       5.6185314        5.6185314       22.518201              22.518201
              1       16.687801      0.75551119       1.6511345         13.561445           12.281234      0.89535787      -0.1895773       5.4727004        5.4727004       22.430202              22.430202
              5       16.329128      0.75551119       1.6513646         13.546799            12.27748      0.89710954     -0.19429213        5.501819         5.501819       21.654618              21.654618
              1       16.545654      0.75551119        1.652965         13.546338           12.278825      0.90311794     -0.21570833       5.6040302        5.6040302       21.883247              21.883247
              6       16.673275      0.75551119       1.6605531         13.545011           12.279748      0.90715224     -0.21392296       5.6746849        5.6746849        21.99718               21.99718
              1       16.713428      0.75551119       1.6611876         13.543902           12.279399      0.90797493     -0.21476015       5.6892928        5.6892928       22.048271              22.048271
              2       16.699106      0.75591317       1.6611876         13.543902           12.279399      0.90797493     -0.21476015       5.6892928        5.6892928       22.019626              22.019626
              2       16.710078      0.75591317        1.661415         13.543855           12.279469      0.90890196     -0.21523706       5.7058347        5.7058347       22.008486              22.008486
              2        16.86784      0.75591317       1.6560358         13.532659           12.270444      0.91828455     -0.19978162       5.8780927        5.8780927       21.979495              21.979495
              1       17.154007      0.75591317       1.6664956         13.533692           12.278059      0.92269376     -0.21440279       5.9620833        5.9620833       22.383848              22.383848
              1       17.285311      0.75591317        1.673841         13.542286           12.262631      0.90700791     -0.22130566       5.6721291        5.6721291       23.226364              23.226364
              1       16.431667      0.75591317       1.6783213         13.534032           12.263981      0.90240428     -0.21936912       5.5917009        5.5917009       21.679931              21.679931
              1       16.463555      0.75591317       1.6810554         13.536003           12.264741       0.9028601     -0.21674062       5.5995698        5.5995698       21.727971              21.727971
              2       17.170957      0.77074112       1.6810554         13.536003           12.264741       0.9028601     -0.21674062       5.5995698        5.5995698       23.142775              23.142775
              2       16.465729       0.7554225       1.6810554         13.536003           12.264741       0.9028601     -0.21674062       5.5995698        5.5995698       21.732317              21.732317
              1       16.796863       0.7554225       1.6785436         13.530184           12.259132      0.91068332     -0.22387793       5.7378623        5.7378623       22.118002              22.118002
              1       16.933109       0.7554225       1.6810566         13.531537           12.269881      0.91321835      -0.2315329       5.7839872        5.7839872       22.298244              22.298244
              3       16.988732       0.7554225       1.6830511         13.530769           12.270235      0.91501035      -0.2299228       5.8169806        5.8169806       22.343503              22.343503
              1       16.705219       0.7554225       1.6854317           13.5244           12.262133      0.91905623      -0.2198857        5.892652         5.892652       21.625134              21.625134
              1       16.697847       0.7554225       1.6856711         13.524275           12.262203      0.91886089     -0.21988632       5.8889609        5.8889609       21.617773              21.617773
              2       16.887396       0.7554225       1.6781453          13.52122            12.26632      0.91306651     -0.21438068       5.7812064        5.7812064        22.21238               22.21238
              1       17.156433       0.7554225       1.6778269         13.519325           12.267144      0.91419373     -0.21529711       5.8019055        5.8019055       22.709054              22.709054
              1        17.35372       0.7554225       1.6839069         13.523086           12.269562      0.90940931     -0.21444072        5.714924         5.714924       23.277592              23.277592
              2       17.412746       0.7554225        1.683506         13.523159           12.269981      0.90924267     -0.21403135       5.7119358        5.7119358       23.401621              23.401621
              1       17.175999      0.76246469        1.683506         13.523159           12.269981      0.90924267     -0.21403135       5.7119358        5.7119358       22.928126              22.928126
              1       17.965757      0.76246469       1.6843893         13.517926           12.270161      0.90642716     -0.21356069       5.6618663        5.6618663       24.607781              24.607781
              1       17.571599      0.76246469       1.6722602         13.522896           12.267118      0.89049453     -0.22969537       5.3934637        5.3934637       24.356271              24.356271
              1       17.769462      0.76246469       1.6718425         13.529681           12.249938      0.89712936     -0.22661389       5.5021502        5.5021502       24.534624              24.534624
              1         17.1282      0.76246469        1.676299         13.516893           12.247025       0.9032597     -0.22729305       5.6064853        5.6064853        23.04343               23.04343
              1       17.097507      0.76246469       1.6777418         13.516244           12.246732      0.90120617     -0.22287801       5.5711166        5.5711166       23.052782              23.052782
              4       16.932508      0.76246469       1.6624613         13.508434           12.240886      0.89321503     -0.22313771       5.4374964        5.4374964       22.990024              22.990024
              1       16.993059      0.76246469       1.6612829         13.509748           12.241888      0.89161368      -0.2174191       5.4114882        5.4114882       23.163142              23.163142
              1       17.809455      0.77185081       1.6612829         13.509748           12.241888      0.89161368      -0.2174191       5.4114882        5.4114882       24.795935              24.795935
              1       17.284034      0.77185081       1.6618407         13.493209           12.248865      0.90535574     -0.21087653       5.6430208        5.6430208       23.282027              23.282027
              1       17.105641      0.77185081       1.6661693         13.487584           12.243836      0.90019158       -0.209256       5.5537977        5.5537977       23.103687              23.103687
              2       17.748216      0.77185081       1.6698217         13.490518           12.239757      0.90467121     -0.20720875       5.6310406        5.6310406        24.23435               24.23435
              1        17.65232      0.77185081       1.6844611         13.482914           12.243443      0.91028694     -0.21247308        5.730708         5.730708       23.843224              23.843224
              5       17.638271      0.77170172       1.6844611         13.482914           12.243443      0.91028694     -0.21247308        5.730708         5.730708       23.815126              23.815126
              3       17.571469      0.77170172       1.6814587         13.483502           12.239812      0.90980916     -0.21149438       5.7221058        5.7221058       23.698726              23.698726
              2       16.660788      0.75625067       1.6814587         13.483502           12.239812      0.90980916     -0.21149438       5.7221058        5.7221058       21.877364              21.877364
              2        16.67762      0.75625067       1.6825658          13.48282             12.2395      0.91010903     -0.21155357       5.7275021        5.7275021       21.900235              21.900235
              1       18.361921      0.75625067       1.6766032         13.481491           12.229851      0.92141706     -0.19973781       5.9375636        5.9375636       24.848714              24.848714
              1       17.031534      0.75625067       1.6777967         13.477314           12.238033      0.91799041     -0.18964498       5.8725588        5.8725588       22.317951              22.317951
              1       17.723519      0.76349157       1.6777967         13.477314           12.238033      0.91799041     -0.18964498       5.8725588        5.8725588       23.701919              23.701919
              1        17.57113      0.76349157        1.675635         13.473741           12.237363       0.9169417     -0.19068122        5.852899         5.852899       23.436462              23.436462
              2       17.663427      0.76349157       1.6755926         13.474733           12.236453      0.91751251     -0.19133986       5.8635862        5.8635862       23.599682              23.599682
              1       17.802323      0.76349157       1.6744856         13.481441            12.24561      0.92262984     -0.18937588       5.9608519        5.9608519       23.682942              23.682942
              2       18.340188      0.76349157       1.6774662          13.47546           12.246326      0.93096808     -0.19233619       6.1249476        6.1249476        24.43048               24.43048
              1       18.473993      0.76349157       1.6649947         13.472643           12.246147      0.93287455     -0.19387485       6.1634433        6.1634433         24.6211                24.6211
              2       18.494524      0.76349157       1.6679223         13.469391           12.244885      0.92685876     -0.20469082       6.0432076        6.0432076       24.902633              24.902633
              1       18.155879      0.76349157       1.6660808         13.469287           12.242841       0.9258548       -0.204361       6.0234942        6.0234942        24.26477               24.26477
              2       17.447282      0.76349157       1.6575161         13.488068           12.250467      0.92190121     -0.21101646       5.9468428        5.9468428       23.000879              23.000879
              2       17.334268      0.76349157       1.6590511         13.489349           12.249185      0.92166499     -0.21070513       5.9423125        5.9423125        22.78391               22.78391
              1       17.645462      0.76349157       1.6600774         13.492147           12.250187      0.92660679     -0.20547868       6.0382506        6.0382506       23.214422              23.214422
              2       17.897549      0.76349157       1.6716221         13.488823           12.249251      0.93462835     -0.21337164       6.1991772        6.1991772       23.396743              23.396743
              2       18.383738       0.7673721       1.6716221         13.488823           12.249251      0.93462835     -0.21337164       6.1991772        6.1991772       24.369122              24.369122
              1       18.913117       0.7673721       1.6697272         13.490911           12.245401      0.93331982     -0.20977258       6.1724865        6.1724865        25.48126               25.48126
              1       17.378809       0.7673721        1.666343         13.487063           12.246521      0.91606441     -0.21439712       5.8365374        5.8365374       23.084543              23.084543
              2       18.092786      0.77398146        1.666343         13.487063           12.246521      0.91606441     -0.21439712       5.8365374        5.8365374       24.512498              24.512498
              2        18.32333      0.77398146       1.6426378         13.487293           12.247776      0.92308091     -0.22311756       5.9695509        5.9695509       24.707558              24.707558
              1       18.912398      0.77398146       1.6693599         13.488753           12.253009      0.92349701     -0.25252173       5.9775937        5.9775937        25.86961               25.86961
              1       19.412816      0.77398146       1.6704119         13.487965           12.254347      0.92274247     -0.25137728        5.963022         5.963022       26.899588              26.899588
              1       21.838441      0.77398146        1.665674         13.487651           12.260481       0.9224411     -0.25461122       5.9572178        5.9572178       31.762445              31.762445
              1       21.833212      0.77942886        1.665674         13.487651           12.260481       0.9224411     -0.25461122       5.9572178        5.9572178       31.751989              31.751989
              1        20.73094      0.77942886       1.6658246         13.493197           12.260901      0.91824921     -0.25418377       5.8774273        5.8774273       29.707026              29.707026
              3       20.482514      0.77942886       1.6671904         13.496953           12.263449      0.92372169     -0.25222514       5.9819437        5.9819437       29.001141              29.001141
              1        20.86873      0.77942886        1.660232         13.499422           12.265858      0.90795274     -0.24318288       5.6888979        5.6888979       30.359664              30.359664
              1       21.020765      0.77226033        1.660232         13.499422           12.265858      0.90795274     -0.24318288       5.6888979        5.6888979       30.663733              30.663733
              2       21.194589      0.77226033       1.6822122         13.497526           12.259305      0.89314263     -0.24983144       5.4363149        5.4363149       31.516548              31.516548
              3       18.600552      0.77226033       1.6749806         13.493655           12.248538      0.89048996     -0.26125999       5.3933904        5.3933904       26.414323              26.414323
              3       17.315229      0.77226033       1.6649939          13.50243           12.233405      0.89112153     -0.24380187       5.4035464        5.4035464       23.823365              23.823365
              1        17.87066      0.77226033       1.6692218          13.50245           12.228763      0.88448418     -0.24026594       5.2988072        5.2988072       25.143705              25.143705
              3       17.761292      0.77226033        1.668515         13.501235           12.229065      0.88488283     -0.23826847       5.3049737        5.3049737       24.912636              24.912636
              1       15.960791      0.77226033       1.6685142         13.512676           12.247023      0.87560662     -0.23217288       5.1656035        5.1656035       21.590374              21.590374
              1       16.146103      0.77226033       1.6628627         13.515266           12.244433      0.87398134     -0.23188005       5.1420704        5.1420704       22.008066              22.008066
              3       16.096501      0.76131105       1.6628627         13.515266           12.244433      0.87398134     -0.23188005       5.1420704        5.1420704       21.908861              21.908861
              1       15.886634      0.76131105       1.6758963         13.512798           12.243412      0.85830344     -0.21092132       4.9286277        4.9286277       21.916013              21.916013
              1       18.181022      0.76131105       1.6678538         13.516014           12.231638       0.8594009     -0.20529402       4.9427687        4.9427687       26.476506              26.476506
              4         18.8247      0.76131105       1.6679262         13.523606           12.236776      0.86514319     -0.19989912       5.0187231        5.0187231       27.611955              27.611955
              1       17.741551      0.76131105       1.6618978         13.524771           12.239827      0.85865224     -0.19955429       4.9331091        4.9331091       25.616884              25.616884
              1       15.952849      0.76131105       1.6708485         13.522323           12.247513      0.85385711     -0.19305693       4.8725683        4.8725683       22.160562              22.160562
              3       16.214239      0.76131105       1.6782582         13.530827            12.24711      0.84772506     -0.20410898       4.7984986        4.7984986       22.831481              22.831481
              1       16.321208      0.76131105       1.6762699         13.531739           12.246483      0.84514884     -0.20254367       4.7685018        4.7685018       23.105412              23.105412
              1       16.036528      0.76131105       1.6729731         13.521935            12.24226      0.84119874     -0.20921118       4.7237971        4.7237971       22.625461              22.625461
              2       16.420472      0.76131105       1.6749315         13.533141           12.243643      0.83457082      -0.2236073       4.6522919        4.6522919       23.536361              23.536361
              1       16.271837      0.76131105       1.6773656         13.522208           12.249065      0.84747349     -0.22253608       4.7955402        4.7955402       22.952594              22.952594
              2       16.193509      0.76131105       1.6897864         13.520208           12.238314      0.84796506      -0.2226654       4.8013269        4.8013269       22.784364              22.784364
              1        16.20406      0.76107514       1.6897864         13.520208           12.238314      0.84796506      -0.2226654       4.8013269        4.8013269       22.805467              22.805467
              1       16.433769      0.76107514       1.6837939         13.512675           12.232354      0.84357515     -0.20288135       4.7505048        4.7505048       23.366528              23.366528
              1       15.869944      0.76107514       1.6915537         13.514592           12.240732      0.83981788      -0.1981106       4.7085374        4.7085374       22.322814              22.322814
              1       16.518098      0.76107514       1.6967284         13.511567           12.227318      0.83238622     -0.20671458        4.629686         4.629686       23.776824              23.776824
              1       17.875143      0.76107514       1.6970277         13.504201           12.219255      0.84363357     -0.20108827       4.7511685        4.7511685       26.247948              26.247948
              1       17.705079      0.76107514       1.6922423         13.502788           12.219144       0.8440342     -0.20364293        4.755729         4.755729         25.8987                25.8987
              2         17.5778      0.76107514       1.6945711         13.503826           12.220521      0.84783997     -0.20804213        4.799852         4.799852       25.555897              25.555897
              1       17.668619      0.75379665       1.6945711         13.503826           12.220521      0.84783997     -0.20804213        4.799852         4.799852       25.737534              25.737534
              2       17.248684      0.75379665       1.6961806          13.49979           12.220565      0.85338819     -0.21263348       4.8667714        4.8667714       24.763825              24.763825
              1       17.775277      0.74343964       1.6961806          13.49979           12.220565      0.85338819     -0.21263348       4.8667714        4.8667714       25.817012              25.817012
              2        17.45554      0.74343964       1.7056273         13.484042           12.220278      0.84091832     -0.21054993       4.7206828        4.7206828       25.469715              25.469715
              1       17.307016      0.74343964       1.7073826         13.484756           12.219022      0.84148496     -0.20988999       4.7269839        4.7269839       25.160064              25.160064
              1       17.656865      0.74343964       1.7061145         13.484946           12.209365      0.83820495     -0.21086892       4.6909547        4.6909547        25.93182               25.93182
              2        17.99238      0.74343964       1.7039679         13.491571           12.211124      0.83600771     -0.21679663       4.6674208        4.6674208       26.649918              26.649918
              3       18.090846      0.74343964        1.701573         13.492019           12.211007      0.83701724      -0.2158373       4.6781736        4.6781736       26.825344              26.825344
              1       18.429868      0.74343964       1.7011706         13.493471           12.211059       0.8459755     -0.21738804       4.7780549        4.7780549       27.303625              27.303625
              4       17.760738      0.74343964       1.6989877          13.48265           12.208746      0.84901248     -0.20948286       4.8137376        4.8137376       25.894001              25.894001
              1        17.58427      0.74343964       1.6998953         13.482279           12.209615      0.84910192      -0.2095204       4.8148024        4.8148024       25.538935              25.538935
              1       17.672393      0.74343964       1.6968095         13.471792           12.217073      0.84125194     -0.20634793       4.7243888        4.7243888       25.896009              25.896009
              1       17.604666      0.74343964       1.7014403         13.474268           12.215637      0.83524314     -0.20515175        4.659345         4.659345       25.890642              25.890642
              1       16.915803       0.7498023       1.7014403         13.474268           12.215637      0.83524314     -0.20515175        4.659345         4.659345       24.512917              24.512917
              2        16.99239       0.7498023       1.7113016         13.463508           12.209914      0.83926727     -0.20771615       4.7025059        4.7025059       24.579769              24.579769
              1       16.786762       0.7498023        1.704604         13.461516           12.201934      0.83346058     -0.21641802       4.6407436        4.6407436       24.292038              24.292038
              2       16.765106       0.7498023       1.7034192          13.46228           12.202047      0.83406581     -0.21686861       4.6470237        4.6470237       24.236164              24.236164
              1       16.861653       0.7498023       1.7063428         13.459436            12.19665      0.83606356     -0.22805525        4.668013         4.668013       24.387279              24.387279
              1       16.496752      0.75420888       1.7063428         13.459436            12.19665      0.83606356     -0.22805525        4.668013         4.668013       23.657478              23.657478
              1        16.45572      0.75420888       1.7056749         13.457489           12.197273      0.83727199     -0.22781969       4.6809031        4.6809031       23.549634              23.549634
              1       18.195609      0.75420888       1.7136142         13.462808           12.190186      0.85254447      -0.2209501       4.8563965        4.8563965       26.678425              26.678425
              3       16.236972      0.75420888       1.7184517          13.47357           12.207253       0.8312783      -0.1895459       4.6184038        4.6184038       23.237136              23.237136
              3       16.386315      0.75420888       1.7234262         13.457012           12.193258      0.81302361     -0.18939403        4.450185         4.450185       23.872259              23.872259
              1       17.236563      0.75420888       1.7382526         13.444483           12.198435      0.82078046     -0.18565734       4.5175937        4.5175937       25.437939              25.437939
              1       16.821067      0.75420888       1.7329655          13.43872           12.194255      0.82507028     -0.18711709        4.557457         4.557457       24.527221              24.527221
              1       16.646234      0.75420888       1.7351661         13.439459           12.192559      0.82549374     -0.19190179       4.5614918        4.5614918       24.169485              24.169485
              1       16.147969      0.75420888       1.7385779         13.439219           12.183804      0.82232867     -0.18754641       4.5317683        4.5317683       23.232402              23.232402
              1       16.315019      0.75420888       1.7381935         13.435883           12.184695      0.81776096     -0.18895806       4.4906383        4.4906383       23.648762              23.648762
              1       16.960943      0.74708407       1.7381935         13.435883           12.184695      0.81776096     -0.18895806       4.4906383        4.4906383       24.940609              24.940609
              2       16.634893      0.75049778       1.7381935         13.435883           12.184695      0.81776096     -0.18895806       4.4906383        4.4906383       24.288509              24.288509
              1       16.590797      0.75049778       1.7377711         13.437216           12.184974      0.81804409     -0.18901802       4.4931272        4.4931272        24.19534               24.19534
              1       16.875746      0.75049778       1.7398767         13.440509           12.184313      0.80633603     -0.18900161       4.3968985        4.3968985       24.957694              24.957694
              1       16.831928      0.75049778       1.7395561         13.440715           12.181907      0.80646703     -0.19274868       4.3978994        4.3978994       24.868057              24.868057
              1       17.094361      0.75049778        1.738545         13.441733           12.175926      0.80691468     -0.18874955       4.4013324        4.4013324       25.386057              25.386057
              3        17.66079      0.74413093        1.738545         13.441733           12.175926      0.80691468     -0.18874955       4.4013324        4.4013324       26.518914              26.518914
              1       18.661726      0.74413093       1.7268886         13.426883           12.160206      0.79542746     -0.17437153       4.3195767        4.3195767       28.684299              28.684299
              1       18.019581      0.74413093       1.7324926         13.431416           12.173473      0.77488512     -0.16705354       4.2062728        4.2062728       27.626617              27.626617
              1       17.648747      0.74413093       1.7257175         13.435713           12.178729      0.78070849     -0.15770895       4.2341066        4.2341066        26.82928               26.82928
              1       17.441515      0.74413093        1.726033         13.432351           12.180445      0.78673009     -0.15161734       4.2664542        4.2664542       26.350121              26.350121
              3        17.22147      0.74413093       1.7315368         13.429883           12.175787      0.79133756     -0.15650718       4.2936539        4.2936539       25.855632              25.855632
              1       18.337246      0.74413093       1.7232738          13.41615           12.175934      0.78891214     -0.16130317       4.2790711        4.2790711       28.116349              28.116349
              2       20.053224      0.73051732       1.7232738          13.41615           12.175934      0.78891214     -0.16130317       4.2790711        4.2790711       31.548307              31.548307
              1       19.500174      0.73051732       1.7250279         13.415817           12.173788      0.79202903     -0.16247496       4.2979191        4.2979191       30.404509              30.404509
              1        19.25773      0.73051732       1.7367969         13.429277            12.17096        0.783677     -0.16571604       4.2496001        4.2496001        30.01626               30.01626
              1       19.657962      0.73051732       1.7307654         13.430281           12.165667      0.78109984     -0.17218778       4.2360987        4.2360987       30.843727              30.843727
              2       19.566205      0.73051732       1.7311386         13.429941           12.167077      0.78122208     -0.17378994       4.2367241        4.2367241       30.658963              30.658963
              1       19.685898      0.73051732       1.7306586         13.426503           12.166153      0.77725431     -0.17662859       4.2171876        4.2171876       30.937421              30.937421
              3       19.821696        0.729508       1.7306586         13.426503           12.166153      0.77725431     -0.17662859       4.2171876        4.2171876       31.209018              31.209018
              1       19.650251        0.729508       1.7252092          13.42373           12.167239      0.78405716     -0.18221075       4.2516479        4.2516479       30.797206              30.797206
              1       19.644847        0.729508       1.7263795         13.421746            12.16769      0.78487058      -0.1812884       4.2560781        4.2560781       30.777537              30.777537
              3       20.292831        0.729508       1.7209069         13.421458           12.178248      0.79604131     -0.18190355       4.3236118        4.3236118       31.938438              31.938438
              1       19.735254      0.73366244       1.7209069         13.421458           12.178248      0.79604131     -0.18190355       4.3236118        4.3236118       30.823285              30.823285
              1       19.897917      0.73366244       1.7201867         13.421959           12.178891      0.79506838     -0.18236038       4.3172338        4.3172338       31.161366              31.161366
              1        20.58457      0.73366244       1.7212379         13.420467           12.180467      0.79410819     -0.18139231       4.3110321        4.3110321       32.547077              32.547077
              2       20.080673      0.73366244       1.7191137         13.422743           12.178839      0.79173416     -0.18317083       4.2960944        4.2960944       31.569156              31.569156
              1       19.859332      0.73366244       1.7201238         13.422452           12.177446      0.79129511     -0.18288814       4.2933936        4.2933936       31.131877              31.131877
              1       19.872425      0.73366244       1.7038665           13.3982           12.165203      0.80058441     -0.19570477        4.354647         4.354647       31.035556              31.035556
              1       19.893285      0.73366244       1.7039845         13.398202           12.165247      0.80059246     -0.19589454       4.3547038        4.3547038       31.077162              31.077162
              1       19.750975      0.73481125       1.7039845         13.398202           12.165247      0.80059246     -0.19589454       4.3547038        4.3547038       30.792542              30.792542
              1       18.265258      0.73481125       1.7005995         13.404524           12.163323       0.8089827     -0.19403648       4.4174524        4.4174524       27.695612              27.695612
              1       18.137262      0.73481125       1.7012634         13.403616           12.158686       0.8081468     -0.19076581       4.4108852        4.4108852       27.452753              27.452753
              1       18.142874      0.73481125       1.6904879         13.393374           12.151882      0.81201721     -0.20007727       4.4418802        4.4418802       27.401989              27.401989
              1       18.159932      0.73481125       1.6815171         13.394616           12.154699       0.8070273     -0.19519372       4.4021993        4.4021993       27.515465              27.515465
              2       18.275746      0.73380672       1.6815171         13.394616           12.154699       0.8070273     -0.19519372       4.4021993        4.4021993       27.747093              27.747093
              2       19.889567      0.73380672       1.6788343         13.396549           12.142403      0.80267377     -0.20067435       4.3696129        4.3696129       31.039908              31.039908
              1        18.58898      0.74691009       1.6788343         13.396549           12.142403      0.80267377     -0.20067435       4.3696129        4.3696129       28.438734              28.438734
              1        17.37501      0.74691009       1.6563985         13.381739           12.142208      0.81697321     -0.20583544        4.483756         4.483756       25.782509              25.782509
              1       17.416792      0.74691009         1.65956         13.383261           12.142929      0.82132302     -0.21191942       4.5225338        4.5225338       25.788516              25.788516
              1       19.351023      0.74691009       1.6552622         13.392939           12.142332      0.82578946     -0.20861018       4.5643201        4.5643201       29.573405              29.573405
              1       18.758404      0.74691009       1.6522212         13.394929           12.146078       0.8258139       -0.206908       4.5645543        4.5645543       28.387699              28.387699
              2       19.048281      0.74691009       1.6538086         13.392765           12.142994      0.81671774     -0.19462249       4.4815374        4.4815374       29.133487              29.133487
              3       17.514136      0.74691009       1.6501194         13.390982           12.148701        0.791991     -0.21133463       4.2976833        4.2976833       26.432906              26.432906
              1       17.485824      0.74691009       1.6455784         13.390749           12.150146      0.79193577     -0.21054944        4.297341         4.297341       26.376965              26.376965
              2       17.752942      0.74691009       1.6433563         13.389698           12.148192        0.784481     -0.21320597       4.2539481        4.2539481       26.997989              26.997989
              1        15.95398      0.76876704       1.6509694         13.397282           12.155905      0.78668426     -0.21500143       4.2661944        4.2661944       23.375571              23.375571
              1       15.852001      0.76876704       1.6478834          13.34154           12.115373      0.79785233     -0.23550151        4.335736         4.335736       23.032531              23.032531
              1       16.492927      0.76876704       1.6318538         13.366712           12.129926      0.85538374     -0.32117977       4.8915932        4.8915932       23.202667              23.202667
              2       15.893043      0.76876704       1.6195963         13.389327           12.157994      0.84278516     -0.26904982       4.7415637        4.7415637       22.302959              22.302959
              2       16.360368      0.76876704       1.5774263          13.41108           12.167239       0.8553962     -0.29112551       4.8917495        4.8917495       22.937238              22.937238
              2       17.988194      0.76876704       1.6114707         13.434649           12.162544      0.80710966     -0.28051769        4.402834         4.402834       27.170719              27.170719
              5       18.160703      0.76876704       1.5832647         13.416801           12.151201      0.81334747     -0.30268447       4.4528791        4.4528791       27.415648              27.415648
              1       17.891923       0.7712982       1.5841464         13.417679           12.152094      0.81360262      -0.3028924        4.455009         4.455009       26.873827              26.873827
              6       18.018248       0.7712982       1.5882757         13.435493           12.165123      0.82049048     -0.29568319       4.5149654        4.5149654       27.006566              27.006566
              1       17.991232       0.7712982       1.5730394         13.400522           12.150473      0.85028812     -0.29454347       4.8290007        4.8290007       26.324463              26.324463
              1       17.643008       0.7712982       1.5691466          13.40421            12.15735      0.86901211     -0.30961521       5.0717575        5.0717575       25.142501              25.142501
              3       17.387796       0.7712982       1.5650029         13.406037           12.161222      0.87091157     -0.30510368       5.0983425        5.0983425       24.578907              24.578907
              2       17.422149       0.7712982       1.5735129         13.407412           12.163064      0.87443173     -0.30065722       5.1485653        5.1485653       24.547167              24.547167
              1       17.164762       0.7712982       1.5467176         13.399309           12.159185      0.87735546     -0.31848967       5.1912206        5.1912206       23.947083              23.947083
              2       16.509618       0.7712982        1.551845         13.451493            12.20287      0.87264723     -0.33492236       5.1229507        5.1229507       22.773335              22.773335
              3       16.909206       0.7712982       1.5526517         13.441943           12.194349      0.82988671     -0.30836765       4.6044068        4.6044068       24.609598              24.609598
              2       17.637873       0.7712982       1.5157582         13.513822           12.222537      0.75400899      -0.2028233       4.1343606        4.1343606       27.007025              27.007025
              1       18.025936       0.7712982       1.5081999         13.523423           12.227647      0.76272453     -0.21600579       4.1590838        4.1590838       27.733704              27.733704
              1       17.317084      0.77832843       1.5106486         13.525863           12.230128       0.7634332      -0.2165833        4.161428         4.161428       26.311311              26.311311
              2       17.186551      0.77832843        1.507559         13.527018            12.23108      0.75781218      -0.2175831       4.1442149        4.1442149       26.084672              26.084672
              3       17.151887      0.77832843       1.5061303         13.529428           12.233197      0.75930566     -0.21709635       4.1484802        4.1484802       26.006814              26.006814
              1       19.368864      0.77832843       1.5215692         13.551881           12.232777      0.73484513     -0.23771942       4.1067128        4.1067128       30.524303              30.524303
              1       15.872685      0.77832843       1.6481931         13.570876           12.265234      0.80970503     -0.22138299       4.4231836        4.4231836       22.899002              22.899002
              5       15.575628      0.77832843       1.6702718         13.539108           12.244478      0.79055743     -0.20026465       4.2888992        4.2888992       22.573458              22.573458
              2       18.017215      0.77832843       1.6951144          13.55148           12.271842      0.86034178      -0.1409428        4.954988         4.954988       26.124454              26.124454
              1       17.969218      0.77832843       1.6980453         13.552096            12.27151      0.85999485     -0.14278328       4.9504721        4.9504721       26.037492              26.037492
              1       17.868881      0.77832843       1.6992726         13.553754            12.27101      0.85522818     -0.14030736       4.8896439        4.8896439       25.958474              25.958474
              2       16.444409      0.77832843       1.7188348         13.558757           12.287008      0.82164119     -0.11433171       4.5254444        4.5254444       23.837928              23.837928
              2       16.239164      0.77832843       1.7069319         13.532032           12.261783      0.79391049     -0.12720279       4.3097666        4.3097666       23.858794              23.858794
              3        17.29487      0.77832843       1.8210783         13.559154           12.276399      0.77835872    -0.078628665       4.2224674        4.2224674       26.144806              26.144806
              1       17.071689      0.77832843         1.83497         13.543981           12.273328      0.84393912     -0.13181998       4.7546452        4.7546452       24.634087              24.634087
              1       15.723654      0.77832843       1.8554202          13.52549           12.228331      0.80017864     -0.14225836       4.3517912        4.3517912       22.743726              22.743726
              3       16.902069      0.77832843       1.8512623         13.507177           12.212157      0.81029378      -0.1553153       4.4278936        4.4278936       24.948351              24.948351
              4       16.447552      0.77832843       1.8457164         13.497619           12.202649      0.78645121     -0.14294316        4.264876         4.264876       24.365351              24.365351
              1       17.395754      0.77832843       1.7344907         13.500784           12.247835      0.82717079     -0.15978855       4.5776472        4.5776472       25.636213              25.636213
              1       17.508154       0.7690118       1.7312456         13.497551           12.244548      0.82623164     -0.15902322       4.5685655        4.5685655       25.879178              25.879178
              1       17.205097       0.7690118       1.7248584         13.489971           12.247543       0.8405563     -0.12384771       4.7166739        4.7166739       24.976847              24.976847
              2       17.844949       0.7690118       1.7186549         13.444703           12.220226      0.84845249     -0.13864606       4.8070887        4.8070887       26.075722              26.075722
              2       17.331575       0.7690118       1.7195386         13.472378           12.232924      0.83651228     -0.14803614       4.6727824        4.6727824       25.317586              25.317586
              2       16.727093       0.7690118       1.7187623         13.472766            12.23054      0.83599864     -0.14945113       4.6673246        4.6673246       24.119538              24.119538
              9       16.811245       0.7690118        1.719367         13.474832           12.233761      0.84615304     -0.15281961       4.7801155        4.7801155       24.062259              24.062259
              1       18.411164       0.7690118        1.712958         13.458086           12.233689      0.86420434     -0.14218664       5.0060793        5.0060793        26.81017               26.81017
              4       18.599916       0.7690118         1.73164         13.463425           12.237597      0.85925173     -0.12528911       4.9408396        4.9408396       27.318153              27.318153
              1       19.844956       0.7690118       1.6459372         13.325664           12.153867      0.84524318    -0.050750735       4.7695886        4.7695886       30.150734              30.150734
              2       17.454169      0.75167248       1.6398976         13.319648           12.147749      0.84349532     -0.04932638       4.7495984        4.7495984       25.409142              25.409142
              1       17.143191      0.75167248       1.6624509         13.308076           12.120763      0.76541341    -0.042901192       4.1682445        4.1682445       25.949893              25.949893
              2       16.746717      0.75167248       1.5364422         13.341941           12.125355      0.74659077      -0.1054356       4.1193017        4.1193017        25.25483               25.25483
              2       18.046253      0.75167248       1.5094475         13.321963            12.11199      0.71409282     -0.12422974        4.118191         4.118191       27.856123              27.856123
              3       16.966914      0.75167248       1.4630936         13.316896           12.115657      0.74283961     -0.13311856       4.1137819        4.1137819       25.706265              25.706265
              2       17.001177      0.75167248       1.4512369          13.36129           12.144193      0.77053804     -0.18662995       4.1877057        4.1877057       25.626942              25.626942
              2       17.609838      0.74562868       1.4491317         13.359193            12.14206       0.7699288     -0.18613348       4.1852545        4.1852545       26.849167              26.849167
              1       16.084094      0.74562868       1.4508928         13.352836           12.166155      0.84518781      -0.1336955       4.7689506        4.7689506       22.630287              22.630287
              1       16.256677      0.74562868       1.3950997         13.319856            12.14844      0.84631441     -0.14262134       4.7819912        4.7819912       22.949372              22.949372
              3       16.369517      0.74562868       1.3855569          13.34081           12.148689      0.79578015    -0.099028928       4.3218905        4.3218905       24.095253              24.095253
              1       16.969347      0.74562868       1.3701903         13.339111           12.178253      0.84664517    -0.074354747       4.7858439        4.7858439       24.367005              24.367005
              2       17.236577      0.74562868       1.3726804         13.337467           12.178254      0.85256214    -0.083861491        4.856613         4.856613       24.759928              24.759928
              4        17.26866      0.74562868       1.3687742          13.33069           12.174046      0.85316096    -0.084673098       4.8639702        4.8639702        24.80938               24.80938
              2       16.087137      0.74562868       1.3432502         13.348703           12.162683      0.81403482     -0.12549793       4.4586316        4.4586316        23.25701               23.25701
              2       16.496949      0.74562868       1.3204855          13.34318           12.159243      0.76650132    -0.084302215       4.1721564        4.1721564       24.649585              24.649585
              1       16.487432      0.74562868       1.3191372         13.343738           12.159272      0.76637192     -0.08533251       4.1716849        4.1716849       24.631493              24.631493
              1       17.099891      0.74562868       1.3185883         13.367842           12.184504      0.78146903    -0.088476735       4.2379921        4.2379921       25.723798              25.723798
              1       17.815701      0.74562868       1.3649081          13.37248           12.170647      0.75241094     -0.12256043       4.1306516        4.1306516       27.370098              27.370098
              2       17.011155      0.74562868       1.4055249         13.405709           12.185286      0.80661852      -0.1212348       4.3990589        4.3990589       25.224192              25.224192
              1        16.29347      0.74562868       1.4477175          13.34537           12.160699      0.83298697     -0.14127843       4.6358549        4.6358549        23.31523               23.31523
              2       16.176603      0.74562868       1.4656372         13.349293            12.15314      0.81647751     -0.14889489       4.4794571        4.4794571       23.394292              23.394292
              1       15.831252      0.74562868        1.535651         13.345496           12.152106      0.80956985    -0.066722446       4.4221071        4.4221071        22.81829               22.81829
              2       16.372323      0.74562868       1.5288913         13.329806           12.137245      0.75981388      -0.0454107       4.1499824        4.1499824       24.444681              24.444681
              3       16.455168      0.74562868       1.4987986          13.42836           12.210125      0.78379747     0.063671664       4.2502475        4.2502475       24.409841              24.409841
              6        16.31467      0.74562868       1.4972739         13.423551           12.203981      0.76740952     0.071897754       4.1755127        4.1755127       24.278316              24.278316
              2       16.119811      0.74562868       1.5086414          13.39234           12.191242      0.75075551     0.061038395       4.1270786        4.1270786       23.985464              23.985464
              4       16.055672      0.74562868       1.5038756         13.385502           12.188415      0.75445367     0.064019014       4.1354382        4.1354382       23.840467              23.840467
              1        15.86708      0.74562868       1.4974992         13.332776           12.151531      0.74733611     0.087070822       4.1205661        4.1205661       23.493028              23.493028
              4       15.904547      0.74562868       1.4855471         13.328726           12.151568      0.75550396      0.07680939       4.1380617        4.1380617       23.532971              23.532971
              1        16.92284      0.74562868       1.4574362         13.237687           12.089123      0.70510456      0.14021149       4.1365282        4.1365282       25.572623              25.572623
              3       18.548216      0.74562868       1.5154479         13.267846           12.085212      0.62821771      0.19322467       4.6235208        4.6235208       27.849391              27.849391
              2       18.495206      0.74562868       1.5401061         13.269622           12.075975      0.62518515      0.19534554       4.6548467        4.6548467       27.680718              27.680718
              1       17.924151       0.7515502       1.5421687         13.271677           12.078065      0.62578206      0.19485911        4.648608         4.648608       26.551086              26.551086
              1       17.266239       0.7515502       1.5360994         13.268425           12.080728      0.64471616      0.19554286       4.4692058        4.4692058       25.594066              25.594066
              5       17.117067       0.7515502       1.5423492         13.261154           12.077097      0.64850547      0.18948674        4.437607         4.437607        25.35892               25.35892
              1       17.475438       0.7515502       1.5202341         13.269053           12.084024      0.63886212       0.1820813       4.5208447        4.5208447       25.909186              25.909186
              1       17.427104       0.7515502       1.5170476         13.263069           12.080439      0.64111871      0.17670985       4.5005332        4.5005332       25.853142              25.853142
              2       17.743854       0.7515502       1.5248298         13.261694           12.079816      0.63601021      0.17850309       4.5472431        4.5472431       26.393222              26.393222
              2       18.253195       0.7515502       1.5225835         13.292327            12.10915      0.65026821      0.15864912        4.423397         4.423397       27.659596              27.659596
              1       18.227378      0.78326245       1.5336294          13.30333            12.12034      0.65346492      0.15604408         4.39842          4.39842       27.657915              27.657915
              1       16.871309      0.78326245       1.5346817         13.301832           12.110108      0.65161376       0.1275372       4.4127592        4.4127592         24.9171                24.9171
              1       17.146257      0.78326245       1.5672417         13.294707            12.11037      0.67232151      0.12903091       4.2718795        4.2718795       25.748755              25.748755
              4       18.267865      0.78326245       1.5730772         13.292848           12.107853      0.66233382      0.10481843       4.3344747        4.3344747       27.866781              27.866781
              1       18.434594       0.7501662       1.5615492         13.281365           12.096175      0.65899759      0.10753716       4.3576062        4.3576062       28.153975              28.153975
              3       17.308635       0.7501662       1.5529766         13.314763            12.14243      0.73774044     0.089289623       4.1085348        4.1085348         26.4002                26.4002
              1        16.78664       0.7501662       1.5565233         13.324481           12.148737      0.73409037      0.11960906       4.1063756        4.1063756       25.360529              25.360529
              1       18.390438       0.7501662       1.5425692         13.302476           12.147019      0.75510516      0.12839934       4.1370525        4.1370525       28.506771              28.506771
              1       17.583808       0.7501662       1.5640972         13.295603           12.140081      0.77105318      0.12422246       4.1898072        4.1898072       26.788002              26.788002
              1       16.491578       0.7501662       1.5179647         13.265099            12.09829       0.7394513      0.10841792       4.1100054        4.1100054       24.763145              24.763145
              4       16.467021       0.7501662       1.5372849          13.29074           12.117847      0.73864947      0.14029687       4.1092797        4.1092797       24.715482              24.715482
              3        17.16773       0.7501662       1.5535766         13.293093           12.132393      0.74115714      0.13619756       4.1117632        4.1117632       26.111933              26.111933
              5       16.841534       0.7501662       1.5582985          13.32649           12.151061      0.70794993      0.20906582       4.1298493        4.1298493       25.423369              25.423369
              1       18.348301       0.7501662        1.569529         13.366212           12.173224      0.69623019      0.16028315       4.1625591        4.1625591       28.371484              28.371484
              1       18.772941       0.7501662       1.5717172         13.374151           12.164225      0.65529687      0.17079823        4.384567         4.384567       28.776749              28.776749
              1       17.986105       0.7501662       1.5865581          13.36781           12.154489      0.65627483       0.1610174       4.3773091        4.3773091       27.217592              27.217592
              2       17.942786      0.75078738       1.5867744         13.368025           12.154709      0.65633745      0.16096637       4.3768477        4.3768477       27.131876              27.131876
              3       17.328117      0.75078738       1.6072194         13.385813           12.167189      0.66484405      0.17516768       4.3178039        4.3178039       26.020627              26.020627
              1       16.944967      0.75078738        1.606272          13.37607            12.16238      0.67384197      0.16871201       4.2632253        4.2632253       25.363483              25.363483
              1       16.478368      0.75078738       1.6189894         13.385464            12.17556      0.69660187      0.17126901       4.1613108        4.1613108       24.634115              24.634115
              4        17.25526      0.75078738       1.5449342         13.404358           12.191279        0.752253      0.15470273       4.1302989        4.1302989       26.249922              26.249922
              5       16.043834      0.75078738       1.3438353         13.395516           12.213342      0.74792838      0.15443102       4.1216104        4.1216104       23.844448              23.844448
